2;0706565-94.2015.8.07.0016;TJDFT;9;100.0;18;;;f;0;;;;1375;;2015-04-14 15:08:45.357;2016-10-06 21:33:43.401211;;;;
5;2015.00.2.002915-0;TJDFT;1;0.0;11;;;f;0;;;;1375;;2015-04-13 19:37:38.03;2016-10-06 21:33:43.424204;;;;
7;2015.00.2.008938-2;TJDFT;38;100.0;19;;;f;0;;;;1375;;2015-04-15 18:52:43.133;2016-10-06 21:33:43.439818;;;;
15;0707167-85.2015.8.07.0016;TJDFT;37;100.0;27;;;t;0;;;;1375;;2015-04-24 19:15:01.513;2016-10-06 21:33:43.500554;;;;
16;2015.01.1.037389-0;TJDFT;37;100.0;1;;;f;0;;;;1375;;2015-04-29 19:24:35.367;2016-10-06 21:33:43.507263;;;;
17;2000.01.1.075877-5;TJDFT;9;3927.27;4;;;f;0;;;;1375;;2015-04-29 19:45:55.543;2016-10-06 21:33:43.514101;;;;
26;2015.01.1.049950-5;TJDFT;1;50000.0;2;;;f;0;;;;521;;2015-05-08 18:00:12.697;2016-10-06 21:33:43.597278;;;;
32;2015.01.1.013314-0;TJDFT;8;35367.96;32;;;t;0;;;;1375;;2015-05-14 20:24:33.54;2016-10-06 21:33:43.636475;;;;
34;2014.00.2.031126-5;TJDFT;38;100.0;13;;;t;0;;;;1375;;2015-05-19 18:26:57.17;2016-10-06 21:33:43.649728;;;;
38;2015.00.2.014670-6;TJDFT;38;100.0;15;;;t;0;;;;1375;;2015-05-26 16:51:06.18;2016-10-06 21:33:43.675808;;;;
51;2014.01.1.164777-5;TJDFT;9;1000.0;1;;;f;0;;;;1375;;2015-06-03 13:02:09.987;2016-10-06 21:33:43.765709;;;;
69;2015.00.2.015521-4;TJDFT;38;100.0;14;;;t;0;;;;1375;;2015-06-11 18:42:24.02;2016-10-06 21:33:43.896797;;;;
57;0000666-48.2015.5.10.0009;TRT10;32;37119.83;39;;;t;0;t;10000.0;392-001.185/2017;1375;;2015-06-08 16:36:55.353;2018-12-03 13:53:09.14051;f;;;
35;2000.01.1.040323-7;TJDFT;6;8750.72;2;;;f;0;;;;1375;;2015-05-19 18:32:07.237;2018-09-28 18:49:45.911588;;;;
58;0000951-26.2015.5.10.0014;TRT10;32;6676.16;31;;;t;0;;;392-007.378/2015;1375;;2015-06-08 16:39:27.813;2018-12-03 13:55:13.480432;;;;
24;0000577-13.2015.5.10.0013;TRT10;32;;29;;;f;0;;;;1375;;2015-05-07 17:34:40.703;2017-05-19 14:51:35.221701;f;;;
27;2015.01.1.007147-7;TJDFT;1;50000.0;2;;;f;0;;;;1375;;2015-05-11 12:28:41.65;2018-09-28 18:48:51.936783;f;;;
48;0010130-04.2015.8.07.0018;TJDFT;1;1108.83;2;;;t;0;;;;1375;;2015-05-29 17:53:30.57;2017-09-12 14:21:48.125239;f;;;
13;1998.01.1.044684-7;TJDFT;6;500.0;3;;;f;0;;;;1375;;2015-04-22 19:33:26.613;2018-08-27 18:03:46.465151;;;;
12;0712541-08.2017.8.07.0018;TJDFT;1;100000.0;5;;;t;0;;;;1375;;2015-04-22 19:03:31.31;2017-11-28 11:18:09.244264;;;;
67;2017.01.1.045071-5;TJDFT;11;150000.0;4;;;t;0;;;;1375;;2015-05-25 17:15:19.63;2018-06-29 15:00:21.13299;;;;
4;0702680-61.2018.8.07.0018;TJDFT;1;1000.0;3;;;t;0;;;;1375;;2015-04-14 15:17:24.763;2018-06-15 14:31:51.105218;;;;
65;2014.06.1.008376-9;TJDFT;12;50000.0;34;;;f;0;;;;1375;;2015-05-20 19:16:25.28;2018-08-27 17:35:25.039221;;;;
66;2015.01.1.049943-3;TJDFT;1;100000.0;4;;;f;0;;;;1375;;2015-05-20 19:22:57.87;2018-08-27 17:35:57.037396;;;;
40;2015.01.1.009787-4;TJDFT;37;0.0;1;;;f;0;;;;1375;;2015-05-27 16:38:04.313;2018-08-27 17:36:25.511534;;;;
41;2015.01.1.059148-4;TJDFT;36;100000.0;21;;;f;0;;;;1375;;2015-05-28 19:01:42.317;2018-08-27 17:36:49.838957;;;;
42;2015.01.1.048922-3;TJDFT;1;50000.0;6;;;f;0;;;;1375;;2015-05-28 19:17:41.447;2018-08-27 17:37:04.627844;;;;
19;2015.01.1.040399-7;TJDFT;9;60000.0;5;;;f;0;;;;1375;;2015-04-30 19:25:02.183;2018-09-28 18:43:30.985885;;;;
47;2015.01.1.035200-0;TJDFT;13;500.0;1;;;f;0;;;;1375;;2015-05-29 17:48:44.913;2018-08-27 17:38:06.231137;;;;
50;2015.01.1.054499-4;TJDFT;1;85000.0;7;;;f;0;;;;1375;;2015-05-29 18:08:43.083;2018-08-27 17:38:30.617361;;;;
52;2015.01.1.060644-8;TJDFT;9;64444.93;2;;;f;0;;;;1375;;2015-06-03 16:25:59.07;2018-08-27 17:38:46.185198;;;;
53;2014.01.1.141800-4;TJDFT;37;38419.99;4;;;f;0;;;;1375;;2015-06-03 16:32:53.377;2018-08-27 17:39:06.389225;;;;
3;2015.01.1.010518-5;TJDFT;1;3022.0;7;;;f;0;;;;1375;;2015-04-14 15:13:01.933;2018-08-27 18:03:22.137741;;;;
14;2011.08.1.006383-0;TJDFT;37;150000.0;26;;;f;0;;;;1375;;2015-04-24 19:03:19.887;2018-08-27 18:04:06.172345;;;;
18;2015.01.1.022059-9;TJDFT;9;2000.0;3;;;f;0;;;;1375;;2015-04-29 20:01:11.733;2018-08-27 18:04:36.542745;;;;
22;2015.01.1.042857-8;TJDFT;1;80000.0;1;;;f;0;;;;1375;;2015-05-05 18:35:06.927;2018-08-27 18:04:54.723147;;;;
29;2015.01.1.051089-2;TJDFT;36;1000.0;7;;;f;0;;;;1375;;2015-05-12 17:51:54.563;2018-08-27 18:05:23.461108;;;;
31;2015.01.1.044308-4;TJDFT;1;100000.0;4;;;f;0;;;;1375;;2015-05-13 20:14:49.68;2018-08-27 18:05:45.335981;;;;
54;2015.01.1.061463-6;TJDFT;1;788.0;7;;;f;0;;;;1375;;2015-06-03 16:44:50.59;2018-08-27 18:06:24.312475;;;;
55;2015.01.1.063680-3;TJDFT;9;80000.0;5;;;f;0;;;;521;;2015-06-05 13:38:40.553;2018-08-27 18:07:10.123707;;;;
56;2011.06.1.024129-8;TJDFT;12;60000.0;38;;;f;0;;;;1375;;2015-06-08 11:58:57.363;2018-08-27 18:07:26.904851;;;;
59;2015.01.1.044307-6;TJDFT;1;100000.0;7;;;f;0;;;;1375;;2015-06-08 16:41:24.97;2018-08-27 18:07:39.376192;;;;
60;2015.03.1.008810-7;TJDFT;37;40000.0;40;;;f;0;;;;1375;;2015-06-08 17:13:13.01;2018-08-27 18:07:58.676291;;;;
61;2009.34.00.008308-2;TRF1;37;0.0;41;;;f;0;;;;1375;;2015-06-08 17:18:44.967;2018-08-27 18:08:21.648726;;;;
62;2015.01.1.046090-4;TJDFT;3;100.0;1;;;f;0;;;;1375;;2015-06-09 17:47:16.23;2018-08-27 18:10:39.193577;;;;
68;2015.01.1.062352-0;TJDFT;37;0.0;6;;;f;0;;;;1375;;2015-06-10 19:58:16.43;2018-08-27 18:12:40.146749;;;;
64;0708755-19.2018.8.07.0018;TJDFT;14;17000.0;7;;;t;0;;;;1375;;2015-06-09 17:55:12.08;2018-09-17 13:39:09.299287;;;;
20;0000567-93.2015.5.10.0004;TRT10;32;30000.0;28;;;t;0;;;392-005.737/2015;1375;;2015-05-04 16:55:07.793;2019-01-22 12:17:39.56084;;;;
33;2015.01.1.007147-7;CODHAB;30;27905.46;33;;;f;0;;;;1375;;2015-05-15 20:44:10.777;2018-09-28 18:49:23.957816;;;;
37;2015.01.1.007147-9;CODHAB;9;1000.0;2;;;f;0;;;;1375;;2015-05-19 18:58:36.237;2018-09-28 18:50:01.090429;;;;
39;2014.01.1.117330-4;TJDFT;14;12500.0;6;;;f;0;;;;1375;;2015-05-26 17:17:16.753;2018-09-28 19:02:49.178969;;;;
63;2011.01.1.167555-2;TJDFT;1;16145.42;5;;;t;0;;;;1375;;2015-06-09 17:50:10.42;2018-09-28 19:07:20.277924;;;;
46;0000249-44.2014.5.10.0005;TRT10;32;100.0;36;;;f;0;;;;1375;;2015-05-29 14:06:18.113;2018-10-02 13:38:09.085923;;;;
36;0000893-47.1985.8.07.0001;TJDFT;6;2500000.0;3;;;t;0;;;;1375;;2015-05-19 18:41:29.203;2018-11-12 16:42:26.676498;;;;
8;0000466-47.2015.5.10.0007;TRT10;32;100.0;21;;;f;0;;;;1375;;2015-04-17 18:13:55.337;2018-11-13 12:24:32.90124;;;;
11;0000444-50.2015.5.10.0019;TRT10;32;30000.0;25;;;t;0;;;392-005.226/2015;1375;;2015-04-22 18:56:15.913;2019-01-22 12:16:50.246864;;;;
30;0000822-21.2015.5.10.0014;TRT10;32;30000.0;31;;;t;0;;;392-005.082/2015;1375;;2015-05-13 20:10:09.567;2019-01-22 12:18:16.363553;;;;
10;0001541-73.2014.5.10.0002;TRT10;32;70000.0;24;;;t;0;;;392-002.553/2015;1375;;2015-04-22 18:53:06.277;2019-01-22 12:15:21.555363;;;;
23;00577-13.2015.5.10.0013;TRT10;32;;29;;;f;0;;;392-004.994/2015;1375;;2015-05-06 20:45:23.47;2018-12-03 13:40:55.359921;;;;
44;0000517-34.2015.5.10.0015;TRT10;32;40000.0;35;;;t;0;;;392-005.968/2015;1375;;2015-05-28 19:43:39.227;2018-12-03 13:49:24.576933;;;;
28;0000107-21.2015.5.10.0000;TRT10;32;100000.0;30;;;f;0;;;392-027.511/2014;1375;;2015-05-12 17:48:50.607;2018-12-04 12:16:31.671937;;;;
43;0002244-82.2004.8.07.0003;TJDFT;14;100.0;6;;;t;0;;;;1375;;2015-05-28 19:22:37.987;2019-01-15 13:09:17.607161;;;;
74;2015.01.1.065735-9;TJDFT;3;1000.0;3;;;f;0;;;;1375;;2015-06-15 21:23:23.173;2016-10-06 21:33:43.93453;;;;
75;2012.01.1.114833-5;TJDFT;5;5717.02;16;;;f;0;;;;1375;;2015-06-15 21:26:42.06;2016-10-06 21:33:43.94083;;;;
79;2015.01.1.045133-6;TJDFT;1;100000.0;4;;;f;0;;;;1375;;2015-06-19 19:15:32.907;2016-10-06 21:33:43.96729;;;;
81;0711997-94.2015.8.07.0016;TJDFT ;9;;27;;;t;0;;;;521;;2015-06-17 12:25:03.8;2016-10-06 21:33:43.979898;;;;
82;0711997-94.2015.8.07.0016;TJDFT;9;1000.0;27;;;t;0;;;;1375;;2015-06-17 17:09:58.17;2016-10-06 21:33:43.986312;;;;
86;2015.01.1.014612-6;TJDFT;12;80000.0;2;;;t;0;;;;1375;;2015-06-23 18:14:10.66;2016-10-06 21:33:44.012025;;;;
90;2015.00.2.017125-4;TJDFT;38;100.0;13;;;t;0;;;;1375;;2015-07-07 18:55:06.697;2016-10-06 21:33:44.044795;;;;
92;2015.01.1.069895-0;TJDFT;1;0.0;4;;;t;0;;;;1375;;2015-07-08 19:23:34.27;2016-10-06 21:33:44.060469;;;;
96;2015.00.2.015710-7;TJDFT;38;100.0;11;;;t;0;;;;1375;;2015-07-15 20:41:24.54;2016-10-06 21:33:44.090598;;;;
97;2013.01.1.064656-8 ;TJDFT;1;100000.0;1;;;t;0;;;;1375;;2015-07-20 21:54:54.377;2016-10-06 21:33:44.096915;;;;
98;2015.00.2.016607-4;TJDFT;38;100.0;12;;;t;0;;;;1375;;2015-07-24 15:27:49.217;2016-10-06 21:33:44.103208;;;;
100;2015.00.2.019547-6;TJDFT;38;100.0;10;;;f;0;;;;1375;;2015-07-28 18:39:38.4;2016-10-06 21:33:44.116093;;;;
109;2015.01.1.053611-3;TJDFT;9;64645.73;1;;;t;0;;;;1375;;2015-08-05 21:11:44.553;2016-10-06 21:33:44.174879;;;;
116;2009.01.1.096580-5;TJDFT;30;30000.0;9;;;t;0;;;;1375;;2015-08-25 19:34:43.643;2016-10-06 21:33:44.226052;;;;
122;2015.01.1.089114-3;TJDFT;14;30304.91;3;;;t;0;;;;1436;;2015-09-11 20:18:33.173;2016-10-06 21:33:44.271547;;;;
123;2015.01.1.102245-8;TJDFT;1;30000.0;3;;;t;0;;;;1375;;2015-09-14 20:55:35.197;2016-10-06 21:33:44.278982;;;;
137;2015.01.1.108034-5;TJDFT;1;190286.07;2;;;f;0;;;;1375;;2015-09-25 16:39:22.197;2016-10-06 21:33:44.379531;;;;
131;0703925-44.2017.8.07.0018;TJDFT;1;100230.83;3;;;t;0;;;;1375;;2015-09-22 20:23:52.067;2017-06-02 12:25:08.828718;f;;;
124;0712132-32.2017.8.07.0018;TJDFT;1;50000.0;2;;;t;0;;;;1375;;2015-09-14 20:58:21.683;2017-11-07 11:56:06.990251;;;;
126;0702527-28.2018.8.07.0018;TJDFT;9;512037.69;8;;;t;0;;;;1375;;2015-09-16 19:33:33.727;2018-04-10 19:19:22.120046;;;;
125;0000395-09.1989.8.07.0001;TJDFT;11;303.0;1;;;t;0;;;;1375;;2015-09-16 19:17:04.32;2018-08-22 13:22:38.664512;;;;
70;2015.01.1.065482-4;TJDFT;1;80000.0;2;;;f;0;;;;1375;;2015-06-11 18:53:11.017;2018-08-27 18:13:06.612126;;;;
71;2015.01.1.062375-5;TJDFT;1;250000.0;5;;;f;0;;;;1375;;2015-06-12 18:19:24.737;2018-10-23 14:05:42.090982;;;;
73;2015.01.1.056338-2;TJDFT;1;80000.0;8;;;f;0;;;;1375;;2015-06-15 21:21:24.41;2018-08-27 18:21:32.232555;;;;
84;2015.01.1.067096-9;TJDFT;1;100000.0;4;;;f;0;;;;1375;;2015-06-18 18:27:57.04;2018-08-27 18:23:10.780797;;;;
76;2015.01.1.058806-8;TJDFT;1;50000.0;1;;;f;0;;;;1375;;2015-06-19 19:06:12.44;2018-08-27 18:23:29.754839;;;;
77;2015.01.1.058819-7;TJDFT;1;50000.0;8;;;f;0;;;;1375;;2015-06-19 19:09:14.853;2018-08-27 18:23:48.607461;;;;
78;2015.01.1.58819-7;TJDFT;1;50000.0;8;;;f;0;;;;1375;;2015-06-19 19:13:46.667;2018-08-27 18:24:06.855106;;;;
80;11391/88;TJDFT;12;50000.0;3;;;f;0;;;;1375;;2015-06-19 19:22:29.053;2018-08-27 18:26:29.558909;;;;
85;2010.01.1.185734-7;TJDFT;30;32000.0;1;;;f;0;;;;1375;;2015-06-23 17:31:11.037;2018-08-27 18:26:55.034487;;;;
99;2015.01.1.058045-6;TJDFT;1;50000.0;4;;;f;0;;;;1375;;2015-07-27 18:12:51.047;2018-08-27 18:28:02.109784;;;;
101;2015.01.1.082140-0;TJDFT;1;80000.0;2;;;f;0;;;;1375;;2015-07-28 18:44:13.537;2018-08-27 18:28:18.024712;;;;
102;2015.01.1.072056-0;TJDFT;1;74985.0;3;;;f;0;;;;1375;;2015-07-28 18:47:51.253;2018-08-27 18:28:32.926147;;;;
103;2015.01.1.071480-3;TJDFT;1;80000.0;8;;;f;0;;;;1375;;2015-07-28 18:50:33.07;2018-08-27 18:28:51.805874;;;;
105;2015.01.1.068560-4;TJDFT;1;100000.0;3;;;f;0;;;;1375;;2015-07-31 18:11:18.46;2018-08-27 18:29:13.129651;;;;
95;2015.01.1.070669-7;TJDFT;1;74000.0;7;;;f;0;;;;1375;;2015-06-29 17:42:10.27;2018-08-27 18:29:47.221474;;;;
87;2015.01.1.073701-8;CODHAB;1;1000.0;2;;;f;0;;;;1375;;2015-07-03 20:17:38.803;2018-08-27 18:30:03.132816;;;;
89;2015.00.2.003041-7;TJDFT;38;100.0;12;;;f;0;;;;1375;;2015-07-07 18:52:12.943;2018-08-27 18:30:21.558015;;;;
91;2015.01.1.009785-8;TJDFT;37;0.0;3;;;f;0;;;;1375;;2015-07-08 19:13:32.763;2018-08-27 18:30:48.665418;;;;
115;2015.02.1.000354-3;TJDFT;12;80000.0;47;;;f;0;;;;1375;;2015-08-25 19:27:48.4;2018-08-27 18:32:14.8922;;;;
93;2015.01.1.072848-7;TJDFT;10;10810.8;4;;;f;0;;;;1375;;2015-07-10 16:13:24.247;2018-08-27 18:31:33.071405;;;;
107;2015.01.1.085912-9;TJDFT;10;65000.0;5;;;f;0;;;;1375;;2015-08-04 20:15:51.003;2018-08-27 18:32:59.99691;;;;
111;2015.01.1.067368-8;TJDFT;1;80000.0;6;;;f;0;;;;1375;;2015-08-20 19:44:15.203;2018-08-27 18:33:35.946642;;;;
128;2015.01.1.093798-0;TJDFT;9;80000.0;2;;;f;0;;;;1375;;2015-09-22 17:53:22.513;2018-08-27 18:34:02.62916;;;;
134;2015.01.1.094840-5;TJDFT;1;80000.0;5;;;f;0;;;;1375;;2015-09-15 21:13:33.877;2018-08-27 18:34:27.936082;;;;
129;2015.01.1.103828-2;TJDFT;1;80000.0;2;;;f;0;;;;1375;;2015-09-22 19:59:11.873;2018-08-27 18:35:38.71246;;;;
130;2015.01.1.106965-7;TJDFT;1;80000.0;2;;;f;0;;;;1375;;2015-09-22 20:01:48.823;2018-08-27 18:35:55.75222;;;;
118;2015.01.1.093793-2;TJDFT;1;80000.0;3;;;f;0;;;;1375;;2015-08-31 19:29:13.477;2018-08-27 18:36:34.005313;;;;
117;2015.01.1.094219-8;TJDFT;1;80000.0;8;;;f;0;;;;1375;;2015-09-03 20:14:41.967;2018-08-27 18:36:55.570068;;;;
119;2015.01.1.068802-6;TJDFT;3;1000.0;3;;;f;0;;;;1375;;2015-09-08 20:21:46.303;2018-08-27 18:37:13.223472;;;;
132;2015.01.1.103824-0;TJDFT;1;80000.0;3;;;f;0;;;;1375;;2015-09-22 20:26:18.97;2018-08-27 18:44:47.702501;;;;
133;2015.01.1.098571-4;TJDFT;1;80000.0;5;;;f;0;;;;1375;;2015-09-23 20:58:02.583;2018-08-27 18:45:10.401992;;;;
135;2015.01.1.079431-2;TJDFT;1;788.0;2;;;f;0;;;;1375;;2015-09-23 21:08:37.85;2018-08-27 18:45:29.765199;;;;
136;2015.01.1.096266-5;TJDFT;36;788.0;2;;;f;0;;;;1375;;2015-09-25 16:36:44.34;2018-08-27 18:45:53.275649;;;;
72;2015.01.1.053606-6;TJDFT;9;11886.44;8;;;f;0;;;;1375;;2015-06-15 21:19:00.577;2018-09-28 19:07:43.830361;;;;
120;2015.01.1.078641-3;CODHAB;1;50000.0;8;;;f;0;;;;1375;;2015-09-10 20:55:28.347;2018-09-28 19:10:32.528436;;;;
104;2015.01.1.081888-7;TJDFT;1;144990.87;7;;;f;0;;;;1375;;2015-07-28 18:53:27.107;2018-09-28 19:14:43.541596;;;;
108;21056/95;CODHAB;11;7900.0;1;;;f;0;;;;1375;;2015-08-05 21:05:16.303;2018-09-28 19:15:03.653118;;;;
112;2015.01.1070783-5;TJDFT;1;80000.0;6;;;f;0;;;;1375;;2015-08-24 17:47:56.4;2018-09-28 19:15:22.831226;;;;
113;2015.01.1093798-0;TJDFT;1;80000.0;2;;;f;0;;;;1375;;2015-08-24 17:52:13.177;2018-09-28 19:15:42.875425;;;;
114;2015.01.1.093082-5;TJDFT;1;80000.0;6;;;f;0;;;;1375;;2015-08-24 17:56:23.7;2018-09-28 19:15:56.001648;;;;
88;0000934-81.2015.5.10.0016;TRT10;32;65000.0;45;;;t;0;;;392-013.333/2015;1375;;2015-07-07 18:42:26.473;2018-12-03 13:57:21.030902;;;;
110;0001093-69.2015.5.10.0001;TRT10;32;10000.0;46;;;t;0;;;392-000.550/2016;1375;;2015-08-06 20:17:54.56;2018-12-03 13:58:47.928484;;;;
121;0049940-20.2014.8.07.0018;TJDFT;14;150000.0;6;;;t;0;;;;1436;;2015-09-11 14:35:48.237;2019-02-05 12:04:43.400705;;;;
145;2015.01.1.034507-4;TJDFT;9;200000.0;2;;;t;0;;;;1375;;2015-10-02 20:34:20.233;2016-10-06 21:33:44.439535;;;;
150;0719475-56.2015.8.07.0016;TJDFT;1;100.0;27;;;t;0;;;;1375;;2015-10-07 20:14:16.19;2016-10-06 21:33:44.475726;;;;
151;2015.13.1.000770-8;TJDFT;12;55000.0;51;;;t;0;;;;1375;;2015-10-07 20:17:42.247;2016-10-06 21:33:44.482254;;;;
153;2015.01.1.094927-2;TJDFT;10;100000.0;8;;;t;0;;;;1375;;2015-10-07 20:28:49.077;2016-10-06 21:33:44.496384;;;;
168;2015.00.2.029923-6;TJDFT;38;1000.0;14;;;t;0;;;;1375;;2015-12-28 12:58:26.137;2016-10-06 21:33:44.60076;;;;
179;2015.01.1.135209-7;TJDFT;10;15000.0;6;;;t;0;;;;1375;;2016-01-12 19:05:52.053;2016-10-06 21:33:44.681402;;;;
184;2015.01.1.140119-3;TJDFT;1;80000.0;7;;;f;0;;;;1375;;2016-01-12 19:24:37.917;2016-10-06 21:33:44.721258;;;;
185;2015.01.1.135226-5;TJDFT;1;62465.02;2;;;t;0;;;;1375;;2016-01-12 19:30:18.6;2016-10-06 21:33:44.728483;;;;
187;2015.01.1.029619-5;TJDFT;9;100000.0;8;;;f;0;;;;1375;;2016-01-12 19:35:47.423;2016-10-06 21:33:44.743402;;;;
195;2015.01.1.145410-8;TJDFT;9;80000.0;8;;;t;0;;;;1375;;2016-01-21 16:19:16.623;2016-10-06 21:33:44.799906;;;;
196;2015.01.1.132918-5;TJDFT;11;74985.0;5;;;t;0;;;;1375;;2016-01-21 16:21:55.65;2016-10-06 21:33:44.806353;;;;
155;0022896-89.2015.8.07.0018;TJDFT;1;200000.0;8;;;t;0;;;;1375;;2015-10-08 20:47:19.387;2017-08-11 12:23:00.428339;f;;;
139;0706205-85.2017.8.07.0018;TJDFT;1;80000.0;8;;;t;0;;;;1375;;2015-09-25 16:44:22.423;2017-08-16 14:41:05.899332;f;;;
143;0028713-37.2015.8.07.0018;TJDFT;1;100000.0;2;;;t;0;;;;1375;;2015-10-01 21:05:15.27;2017-09-01 12:10:04.043393;f;;;
147;0029427-94.2015.8.07.0018;TJDFT;1;3000.0;2;;;t;0;;;;1375;;2015-10-06 15:55:07.647;2017-09-20 11:39:12.295841;f;;;
165;0711535-63.2017.8.07.0018;TJDFT;1;150000.0;4;;;t;0;;;;1375;;2015-10-14 21:35:57.277;2017-10-18 10:54:58.20431;;;;
181;0712115-93.2017.8.07.0018;TJDFT;1;80000.0;5;;;t;0;;;;1375;;2016-01-12 19:10:43.79;2018-01-16 16:23:34.7471;;;;
141;0001504-82.2015.5.10.0011;TRT ;32;1000.0;49;;;t;0;;;392-014.367/2015;1375;;2015-09-30 21:11:52.763;2018-12-03 14:00:35.90058;;;;
164;0017179-96.2015.8.07.0018;TJDFT;10;500000000.0;9;;;t;0;;;;1375;;2015-10-14 21:32:56.437;2018-04-27 15:01:20.851644;;;;
176;0038891-45.2015.8.07.0018;TJDFT;1;114833.49;2;;;t;0;;;;1375;;2016-01-12 18:54:03.307;2018-04-27 17:27:25.590163;;;;
144;2015.01.1.090893-2;TJDFT;1;9740.0;6;;;f;0;;;;1375;;2015-09-29 21:28:20.563;2018-08-27 18:37:35.952787;;;;
142;2015.01.1.054487-3;TJDFT;9;100000.0;5;;;f;0;;;;1375;;2015-09-30 21:24:36.827;2018-08-27 18:37:59.388535;;;;
140;2015.01.1.087126-2;TJDFT;9;100000.0;3;;;f;0;;;;1375;;2015-09-28 20:52:19.207;2018-08-27 18:46:23.210146;;;;
149;2015.01.1.101870-5;TJDFT;1;172944.57;6;;;f;0;;;;1375;;2015-10-06 16:03:37.847;2018-08-27 20:51:22.29033;;;;
152;2015.01.1.058050-3;TJDFT;36;50000.0;1;;;f;0;;;;1375;;2015-10-07 20:20:21.87;2018-08-27 20:54:15.678712;;;;
157;2015.01.1.099246-7;TJDFT;1;80000.0;4;;;f;0;;;;1375;;2015-10-14 21:12:15.867;2018-08-28 16:29:23.791084;;;;
158;2015.01.1.098566-7;TJDFT;1;100000.0;4;;;f;0;;;;1375;;2015-10-14 21:15:08.78;2018-08-28 16:29:56.353516;;;;
159;2015.01.1.087122-0;TJDFT;1;100000.0;3;;;f;0;;;;1375;;2015-10-14 21:17:22.347;2018-08-28 16:30:54.786075;;;;
161;2015.01.1.051401-8;TJDFT;1;100000.0;4;;;f;0;;;;1375;;2015-10-14 21:24:26.017;2018-08-28 16:31:16.657136;;;;
162;2015.01.1.061488-6;TJDFT;1;80000.0;4;;;f;0;;;;1375;;2015-10-14 21:26:46.183;2018-08-28 16:31:54.454268;;;;
163;2015.01.1.106431-3;TJDFT;1;100000.0;4;;;f;0;;;;1375;;2015-10-14 21:29:07.18;2018-08-28 16:32:07.98106;;;;
205;2015.01.1.142752-3;TJDFT;1;80000.0;4;;;f;0;;;;1375;;2016-01-26 19:02:24.433;2018-08-28 17:11:36.62435;;;;
188;2015.01.1.105762-6;TJDFT;1;20866.66;1;;;f;0;;;;1375;;2016-01-15 18:57:17.55;2018-08-28 17:15:37.253172;;;;
189;2015.01.1.140118-5;TJDFT;1;68000.0;7;;;f;0;;;;1375;;2016-01-15 19:01:18.66;2018-08-28 17:15:48.510569;;;;
191;2015.01.1.035886-2;TJDFT;3;1000.0;2;;;f;0;;;;1375;;2016-01-21 16:08:08.78;2018-08-28 17:16:05.180248;;;;
193;2016.01.1.001903-4;TJDFT;1;85000.0;3;;;f;0;;;;1375;;2016-01-21 16:13:50.657;2018-08-28 17:16:44.484596;;;;
194;2015.01.1.143487-9;TJDFT;10;114000.0;1;;;f;0;;;;1375;;2016-01-21 16:16:07.86;2018-08-28 17:17:05.936859;;;;
197;2015.01.1.144416-4;TJDFT;1;80000.0;7;;;f;0;;;;1375;;2016-01-21 16:24:32.337;2018-08-28 17:17:24.199417;;;;
198;2015.01.1.137389-7;TJDFT;1;200187.27;8;;;f;0;;;;1375;;2016-01-21 16:30:18.053;2018-08-28 17:17:47.146038;;;;
199;2015.01.1.142758-9;TJDFT;1;100000.0;7;;;f;0;;;;1375;;2016-01-21 16:32:51.433;2018-08-28 17:18:19.887227;;;;
200;2015.01.1.094762-8;TJDFT;1;80000.0;2;;;f;0;;;;1375;;2016-01-21 16:38:35.417;2018-08-28 17:20:07.894292;;;;
201;2015.01.1.128780-3;TJDFT;1;80000.0;2;;;f;0;;;;1375;;2016-01-21 16:40:42.167;2018-08-28 17:20:32.498584;;;;
202;2015.01.1.136670-0;TJDFT;10;15000.0;8;;;f;0;;;;1375;;2016-01-22 18:36:54.76;2018-08-28 17:20:59.63483;;;;
203;2015.01.1.144408-4;TJDFT;1;80000.0;4;;;f;0;;;;1375;;2016-01-26 17:48:45.647;2018-08-28 17:21:19.087032;;;;
204;2015.01.1.113120-5;TJDFT;14;35147.88;5;;;f;0;;;;1375;;2016-01-26 17:51:26.737;2018-08-28 17:21:45.603981;;;;
172;2016.01.1.000525-6;TJDFT;3;100.0;2;;;f;0;;;;1375;;2016-01-12 18:44:02.267;2018-08-28 17:23:04.874737;;;;
173;2015.01.1.130821-0;TJDFT;1;100000.0;4;;;f;0;;;;1375;;2016-01-12 18:46:30.92;2018-08-28 17:23:22.650425;;;;
174;2015.01.1.096278-6;TJDFT;1;200000.0;3;;;f;0;;;;1375;;2016-01-12 18:49:29.277;2018-08-28 17:23:43.219593;;;;
175;2015.01.1.107541-3;TJDFT;14;48442.0;2;;;f;0;;;;1375;;2016-01-12 18:51:49.473;2018-08-28 17:24:02.467872;;;;
177;2015.01.1.135921-9;TJDFT;1;80000.0;7;;;f;0;;;;1375;;2016-01-12 18:57:54.533;2018-08-28 17:24:21.885653;;;;
178;2015.01.1.130422-5;TJDFT;1;272000.0;6;;;f;0;;;;1375;;2016-01-12 19:01:47.617;2018-08-28 17:30:03.288015;;;;
180;2015.01.1.130800-2;TJDFT;1;80000.0;6;;;f;0;;;;1375;;2016-01-12 19:08:19.257;2018-08-28 17:30:21.014306;;;;
183;2015.01.1.140119-3;TJDFT;1;80000.0;7;;;f;0;;;;1375;;2016-01-12 19:20:12.447;2018-08-28 17:30:46.973452;;;;
186;2015.01.1.103850-6;TJDFT;20;200000.0;2;;;f;0;;;;1375;;2016-01-12 19:34:02.497;2018-08-28 17:31:05.6909;;;;
170;2015.01.1.123519-2;TJDFT;1;80000.0;7;;;f;0;;;;1375;;2016-01-12 18:39:30.76;2018-08-28 17:37:03.078061;;;;
190;0039883-06.2015.8.07.0018;TJDFT;5;146807.23;1;;;t;0;;;;1375;;2016-01-15 19:03:34.79;2018-09-06 19:21:40.994123;;;;
206;0016512-13.2015.8.07.0018;TJDFT;9;11056.94;1;;;t;0;;;;1375;;2016-01-27 18:46:01.453;2018-09-14 21:13:14.168114;;;;
182;2002.01.1.110459-9;TJDFT;1;10856.0;7;;;t;0;;;;1375;;2016-01-12 19:12:48.797;2018-09-28 11:58:45.154632;;;;
160;0020149-69.2015.8.07.0018;TJDFT;1;1000.0;4;;;t;0;;;;1375;;2015-10-14 21:22:12.917;2018-10-01 13:03:49.927975;;;;
148;0048077-27.2007.8.07.0001;TJDFT;27;500.0;50;;;t;0;;;;1375;;2015-10-06 16:00:10.07;2018-10-01 14:13:20.381643;;;;
166;0713852-34.2017.8.07.0018;TJDFT;36;135000.0;8;;;f;0;;;;1375;;2015-12-18 14:33:05.79;2018-10-02 14:22:41.013772;;;;
167;0001048-12.2013.5.10.0009;TRT10;32;1000.0;39;;;t;0;;;392-047.768/2013;1375;;2015-12-28 12:52:18.677;2018-12-03 14:02:10.931633;;;;
154;0004882-75.1996.8.07.0001;TJDFT;11;132000.0;7;;;t;0;;;;1375;;2015-10-08 20:44:32.233;2019-01-23 14:15:03.297531;;;;
210;2015.01.1.134507-0;TJDFT;4;126248.12;7;;;t;0;;;;514;;2016-01-28 19:06:09.14;2016-10-06 21:33:44.905076;;;;
211;2015.01.1.130410-4;TJDFT;1;14969.06;6;;;t;0;;;;514;;2016-01-29 18:14:41.5;2016-10-06 21:33:44.911353;;;;
215;2000.01.1.024586-7;TJDFT;9;10000.0;17;;;t;0;;;;514;;2016-02-02 18:27:33.69;2016-10-06 21:33:44.937185;;;;
237;0729501-16.2015.8.07.0016;TJDFT;10;27000.0;18;;;t;0;;;;514;;2016-02-25 13:06:58.79;2016-10-06 21:33:45.084931;;;;
250;2016.01.1.004608-6;TJDFT;10;80000.0;2;;;t;0;;;;514;;2016-03-10 18:52:08.46;2016-10-06 21:33:45.175956;;;;
261;2016.01.1.010755-8;TJDFT;1;80000.0;8;;;t;0;;;;514;;2016-03-17 12:32:04.993;2016-10-06 21:33:45.251173;;;;
270;2016.01.1.000375-7;TJDFT;37;1000.0;8;;;t;0;;;;514;;2016-03-21 18:39:48.473;2016-10-06 21:33:45.316844;;;;
271;2016.01.1.012610-6;TJDFT;1;80000.0;6;;;f;0;;;;514;;2016-03-21 18:41:39.11;2018-08-28 16:53:03.496883;;;;
254;2016.01.1.010203-8;TJDFT;1;80000.0;8;;;f;0;;;;514;;2016-03-15 12:03:30.487;2018-08-28 16:58:51.626458;;;;
248;2000.01.1.075900-5;TJDFT;11;4780.43;5;;;t;0;t;0.0;;514;;2016-03-10 18:43:08.2;2017-03-22 13:28:05.974598;f;;;
244;2014.07.1.016723-0;TJDFT;8;26688.1;17;;;t;0;;;;514;;2016-03-07 12:32:19.22;2017-03-22 13:28:47.874776;f;;;
242;2016.01.1.013398-4;TJDFT;27;1000.0;1;;;t;0;t;1600.0;;514;;2016-03-02 20:00:04.667;2017-03-22 13:30:54.117437;f;;;
272;0706039-53.2017.8.07.0018;TJDFT;1;80000.0;6;;;t;0;;;;514;;2016-03-21 18:43:08.64;2017-06-27 12:55:10.017338;f;;;
225;0000125-78.2016.5.10.0009;TRT10;32;117300.4;17;;;f;0;;;;514;;2016-02-18 11:07:55.16;2018-10-05 13:53:30.086368;;;;
241;2016.01.1.013356-6;TJDFT;1;200000.0;5;;;f;0;;;;514;;2016-03-02 13:22:53.937;2018-08-28 17:10:30.462113;;;;
236;2016.01.1.008731-6;TJDFT;1;85000.0;7;;;f;0;;;;514;;2016-02-24 14:32:20.923;2018-08-28 17:09:18.257099;;;;
235;2015.01.1.101408-5;TJDFT;1;26882.07;6;;;f;0;;;;514;;2016-02-23 19:36:18.033;2018-08-28 17:09:01.220193;f;;;
232;2015.01.1.100041-8;TJDFT;39;0.0;10;;;t;0;;;;514;;2016-02-22 19:36:39.607;2017-03-22 13:43:30.35536;f;;;
233;2016.01.1.012132-6;TJDFT;1;31833.92;3;;;f;0;;;;514;;2016-02-23 18:00:43.993;2018-08-28 17:08:32.132006;;;;
216;2015.00.2.016078-0;TJDFT;38;200000.0;15;;;t;0;;;;514;;2016-02-03 12:57:34.687;2017-03-22 13:48:08.739803;f;;;
221;2015.01.1.093205-0;TJDFT;1;54000.0;2;;;f;0;;;;514;;2016-02-11 16:53:36.873;2018-08-28 17:13:50.18734;;;;
213;1999.01.1.084413-3;TJDFT;6;14000.0;6;;;t;0;;0.0;;514;;2016-02-01 18:15:51.183;2017-03-22 13:50:14.437894;f;;;
273;0003269-65.2016.8.07.0018;TJDFT;10;123083.0;6;;;t;0;;;;514;;2016-03-21 18:45:02.13;2018-12-12 19:08:24.529523;;;;
268;0000323-97.2016.5.10.0015;TRT10;32;33283.78;35;;;t;1;t;10000.0;392-000.292/2016;514;;2016-03-21 12:49:51.173;2018-12-03 14:42:25.195978;f;;;
217;0704255-41.2017.8.07.0018;TJDFT;1;70000.0;7;;;t;0;;;;514;;2016-02-03 12:59:16.697;2017-08-30 13:17:49.99916;f;;;
259;0709398-11.2017.8.07.0018;TJDFT;1;132434.46;4;;;t;0;;;;514;;2016-03-17 12:26:08.373;2017-09-15 13:19:40.662309;f;;;
247;0712111-56.2017.8.07.0018;TJDFT;10;119.55;6;;;t;0;;;;514;;2016-03-07 19:24:08.423;2017-11-13 11:59:53.820548;;;;
222;0016381-38.2015.8.07.0018;TJDFT;9;262924.0;3;;;t;0;;;;514;;2016-02-12 16:21:32.387;2018-08-07 14:59:21.399882;;;;
262;2016.01.1.013046-0;TJDFT;1;80000.0;4;;;f;0;;;;514;;2016-03-17 12:34:52.023;2018-08-28 16:50:40.678419;;;;
263;2016.01.1.017067-4;TJDFT;1;100000.0;7;;;f;0;;;;514;;2016-03-17 12:42:11.46;2018-08-28 16:51:07.873928;;;;
264;2016.01.1.015176-3;TJDFT;14;100000.0;4;;;f;0;;;;514;;2016-03-17 12:44:17.573;2018-08-28 16:51:25.504607;;;;
265;2016.01.1.013910-7;TJDFT;1;84989.0;8;;;f;0;;;;514;;2016-03-17 12:47:15.773;2018-08-28 16:51:47.165225;;;;
269;2015.03.1.016715-9;TJDFT;38;20000.0;14;;;f;0;;;;514;;2016-03-21 18:08:40.37;2018-08-28 16:52:40.910692;f;;;
249;0710199-87.2018.8.07.0018;TJDFT;1;100000.0;2;;;t;0;;;;514;;2016-03-10 18:49:23.303;2019-01-17 12:48:08.627516;;;;
274;2016.01.1.002057-4;TJDFT;1;80000.0;2;;;f;0;;;;514;;2016-03-21 18:47:23.187;2018-08-28 16:54:21.743807;;;;
275;2016.01.1.013357-4;TJDFT;1;100000.0;6;;;f;0;;;;514;;2016-03-21 18:49:05.737;2018-08-28 16:54:42.729859;;;;
245;2016.01.1.003421-5;TJDFT;9;1000.0;17;;;f;0;;;;514;;2016-03-07 12:42:34.927;2018-08-28 16:57:00.36804;;;;
246;2016.01.1.014378-4;TJDFT;1;80000.0;2;;;f;0;;;;514;;2016-03-07 12:51:54.61;2018-08-28 16:57:22.348587;;;;
251;2015.01.1.130423-3;TJDFT;1;476000.0;2;;;f;0;;;;514;;2016-03-10 18:54:53.76;2018-08-28 16:58:00.485373;;;;
253;15770/91;TJDFT;12;0.0;4;;;f;0;;;;514;;2016-03-11 18:44:39.057;2018-08-28 16:58:33.373969;f;;;
255;2016.01.1.017040-8;TJDFT;1;80000.0;8;;;f;0;;;;514;;2016-03-15 12:11:06.307;2018-08-28 16:59:09.430991;;;;
256;2016.01.1.015254-9;TJDFT;1;80000.0;4;;514;f;0;;;;514;;2016-03-15 13:04:10.577;2018-08-28 16:59:29.173969;;;;
257;2016.01.1.019003-2;TJDFT;1;80000.0;5;;;f;0;;;;514;;2016-03-15 13:10:22.827;2018-08-28 16:59:50.112741;;;;
260;2016.01.1.016567-9;TJDFT;1;80000.0;5;;;f;0;;;;514;;2016-03-17 12:29:37.743;2018-08-28 17:00:06.571076;;;;
224;2015.01.1.144405-0;TJDFT;1;100000.0;6;;;f;0;;;;514;;2016-02-16 19:28:58.447;2018-08-28 17:05:05.874896;;;;
226;2015.01.1.073618-5;TJDFT;11;12904.65;1;;;f;0;;;;514;;2016-02-22 14:04:50.61;2018-08-28 17:05:22.76384;;;;
227;2016.01.1.011269-9;TJDFT;1;80000.0;5;;;f;0;;;;514;;2016-02-22 14:12:18.74;2018-08-28 17:06:50.930266;;;;
228;2015.01.1.132880-8;TJDFT;1;100000.0;1;;;f;0;;;;514;;2016-02-22 14:17:36.623;2018-08-28 17:07:07.786673;;;;
229;2016.01.1.009662-8;TJDFT;1;100000.0;5;;;f;0;;;;514;;2016-02-22 14:20:07.057;2018-08-28 17:07:28.377099;;;;
231;2013.02.1.003596-5;TJDFT;37;678.0;47;;;f;0;;0.0;;514;;2016-02-22 16:57:41.52;2018-08-28 17:08:06.267237;f;;;
234;2016.01.1.006563-9;TJDFT;1;1000.0;5;;;f;0;f;0.0;;514;;2016-02-23 19:30:09.743;2018-08-28 17:08:46.107532;f;;;
239;2016.01.1.005233-2;TJDFT;10;80000.0;8;;;f;0;;;;514;;2016-02-29 14:01:05.203;2018-08-28 17:09:48.83703;;;;
240;2015.13.1.005147-2;TJDFT;9;150000.0;17;;;f;0;;;;514;;2016-03-01 19:28:41.717;2018-08-28 17:10:09.495104;f;;;
208;2015.01.1.124490-4;TJDFT;14;250000.0;6;;;f;0;;;;514;;2016-01-28 13:20:23.597;2018-08-28 17:11:53.922022;;;;
209;2015.01.1.137388-9;TJDFT;1;80000.0;6;;;f;0;;;;514;;2016-01-28 13:29:33.16;2018-08-28 17:12:12.698975;;;;
212;2015.01.1.136394-3;TJDFT;1;68000.0;7;;;f;0;;;;514;;2016-01-29 18:37:18.4;2018-08-28 17:12:45.348341;;;;
214;2015.01.1.066389-6;TJDFT;16;247026.31;7;;;f;0;;;;514;;2016-02-01 18:18:30.32;2018-08-28 17:13:06.228572;f;;;
223;2016.01.1.003315-7;TJDFT;1;109022.99;8;;;f;0;;;;514;;2016-02-12 16:45:27.48;2018-08-28 17:14:11.180525;;;;
258;0000289-37.2016.5.10.0011;TRT10;32;30000.0;49;;;f;0;t;10000.0;;514;;2016-03-16 18:06:07.073;2018-10-03 11:46:18.486734;f;;;
266;0037349-89.2015.8.07.0018;TJDFT;1;100000.0;55;;;t;0;;;;514;;2016-03-18 13:22:51.313;2019-03-21 13:27:25.370228;;;;
220;0700930-87.2019.8.07.0018;TJDFT;1;100000.0;2;;;t;0;;;;514;;2016-02-11 16:41:45.113;2019-03-25 13:36:59.868987;;;;
287;2016.01.1.016608-7;TJDFT;1;80000.0;8;;;t;0;;;;514;;2016-03-24 11:22:56.663;2016-10-06 21:33:45.437685;;;;
289;2016.01.1.027904-6;TJDFT;43;50000.0;3;;;t;0;;;;514;;2016-03-24 11:28:38.667;2016-10-06 21:33:45.451899;;;;
319;2016.01.1.030558-3;TJDFT;1;200000.0;1;;;t;0;;;;514;;2016-04-12 17:08:44.037;2016-10-06 21:33:45.657841;;;;
326;2016.01.1.033512-7;TJDFT;1;80000.0;5;;;t;0;;;;514;;2016-04-14 11:45:10.58;2016-10-06 21:33:45.703415;;;;
335;2016.01.1.036655-9;TJDFT;1;80000.0;4;;;t;0;;;;514;;2016-04-19 11:23:48.633;2016-10-06 21:33:45.761265;;;;
331;1999.01.1.073744-9;TJDFT;12;15989.6;17;;;t;0;t;0.0;;514;;2016-04-18 14:51:30.063;2017-03-22 12:47:39.075753;f;;;
323;2016.01.1.030912-7;TJDFT;10;90000.0;5;;;f;0;;;;514;;2016-04-14 11:33:48.31;2018-08-28 19:15:34.077694;;;;
321;2016.01.1.012292-3;TJDFT;9;50000.0;17;;;t;0;;;;514;;2016-04-12 18:13:23.303;2017-03-22 12:51:22.142018;f;;;
340;0000331-98.2016.5.10.0007;TRT10;32;30000.0;21;;;t;1;;;392-000.363/2016;514;;2016-04-19 19:22:05.02;2018-12-03 15:20:30.90495;;;;
318;0000285-91.2016.5.10.0013;TRT10;32;30000.0;29;;;f;1;t;10000.0;;514;;2016-04-12 11:49:30.933;2018-10-05 13:38:22.972258;f;;;
303;0000345-76.2016.5.10.0009;TRT10;32;27256.33;39;;;f;1;;;;514;;2016-04-04 18:20:18.56;2018-10-03 11:00:46.281807;;;;
285;0000284-79.2016.5.10.0022;TRT10;32;30000.0;17;;;t;1;;;392-000.299/2016;514;;2016-03-24 11:12:04.513;2018-12-03 14:52:39.303559;f;;;
337;0000470-20.2016.5.10.0017;TRT10;32;30000.0;30;;;t;0;;;392-000.334/2016;514;;2016-04-19 11:32:37.387;2018-12-03 15:18:48.203802;f;;;
297;0000359-63.2016.5.10.0008;TRT10;32;30000.0;17;;;t;1;;;392-000.288/2016;514;;2016-04-01 17:54:43.02;2018-12-03 15:03:43.812725;f;;;
329;0000342-94.2016.5.10.0018;TRT10;32;30000.0;17;;;f;1;;;;514;;2016-04-14 20:15:54.297;2018-10-10 13:53:54.655712;f;;;
316;00004645/90;TJDFT;11;18000.0;4;;;t;0;t;0.0;;514;;2016-04-11 18:20:28.157;2017-03-22 13:06:37.639182;f;;;
317;2016.01.1.027698-7;TJDFT;1;150000.0;8;;;t;0;;;;514;;2016-04-11 18:29:10.62;2017-03-22 13:07:13.19387;f;;;
305;2016.01.1.001583-5;TJDFT;1;80000.0;8;;;f;0;;;;514;;2016-04-07 19:58:54.707;2018-08-28 19:11:56.239093;;;;
283;2015.01.1.062397-2;TJDFT;21;200000.0;5;;;f;0;;;;514;;2016-03-22 19:18:14.2;2018-08-28 16:47:01.369382;;;;
295;2015.09.1.005154-7;TJDFT;37;100000.0;17;;;f;0;;;;514;;2016-03-31 20:22:06.637;2018-10-09 14:03:51.610512;;;;
325;0000275-65.2016.5.10.0007;TRT10;32;30000.0;21;;;t;0;;;392-000.335/2016;514;;2016-04-14 11:42:32.207;2018-12-03 15:15:47.079981;f;;;
300;0000382-73.2016.5.10.0019;TRT10;32;100000.0;25;;;t;1;;;392-000.298/2016;514;;2016-04-04 17:42:51.593;2018-12-12 19:25:18.801506;f;;;
299;0000377-51.2016.5.10.0019;TRT10;32;29503.0;25;;;t;1;;;392-000.296/2016;514;;2016-04-04 17:41:15.387;2018-12-03 15:07:46.863294;f;;;
310;0000308-37.2016.5.10.0013;TRT10;32;30000.0;29;;;t;0;t;10000.0;392-000.338/2016;514;;2016-04-08 12:39:37.61;2018-12-03 15:14:22.326024;f;;;
304;0000336-29.2016.5.10.0005;TRT10;32;30000.0;37;;;t;1;;;392-000.340/2016;514;;2016-04-07 11:51:51.497;2018-12-04 12:25:28.477949;f;;;
291;0000331-92.2016.5.10.0009;TRT10;32;33283.78;39;;;t;1;t;10000.0;392-000.300/2016;514;;2016-03-28 13:33:19.543;2018-12-03 15:00:01.25323;f;;;
311;0706044-75.2017.8.07.0018;TJDFT;1;80000.0;8;;;t;0;;;;514;;2016-04-08 17:26:39.347;2017-06-27 13:10:30.692252;f;;;
314;0000169-05.2016.8.07.0018;TJDFT;1;880.0;2;;;t;0;;;;514;;2016-04-11 17:20:43.9;2017-07-06 12:21:33.171171;f;;;
278;0708397-88.2017.8.07.0018;TJDFT;10;90000.0;4;;;t;0;;;;514;;2016-03-22 19:08:29.617;2017-08-18 20:35:12.680952;f;;;
315;0003740-81.2016.8.07.0018;TJDFT;1;50000.0;2;;;t;0;;;;514;;2016-04-11 17:23:15.487;2017-10-23 11:52:15.975328;;;;
334;0706926-03.2018.8.07.0018;TJDFT;1;80000.0;1;;;t;0;;;;514;;2016-04-19 11:22:00.697;2018-07-26 13:50:15.317034;;;;
333;2016.01.1.026546-9;TJDFT;1;80000.0;1;;;f;0;;;;514;;2016-04-19 11:20:24.99;2018-08-28 16:33:23.55475;;;;
338;2016.01.1.018127-6;TJDFT;1;100000.0;1;;;f;0;;;;514;;2016-04-19 19:18:11.89;2018-08-28 16:33:46.880561;;;;
339;2016.01.1.026537-2;TJDFT;1;80000.0;8;;;f;0;;;;514;;2016-04-19 19:20:09.923;2018-08-28 16:34:25.401428;;;;
344;2016.01.1.037185-0;TJDFT;37;170092.88;6;;;f;0;;;;514;;2016-04-25 12:28:09.833;2018-08-28 16:35:46.321583;;;;
345;2016.01.1.042411-4;TJDFT;1;80000.0;59;;;f;0;;;;514;;2016-04-25 18:09:52.423;2018-08-28 16:36:05.876238;;;;
346;2016.01.1.042408-3;TJDFT;1;80000.0;2;;;f;0;;;;514;;2016-04-25 18:11:57.317;2018-08-28 16:36:24.21521;;;;
280;2016.01.1.024203-2;TJDFT;1;60000.0;5;;;f;0;;;;514;;2016-03-22 19:12:52.117;2018-08-28 16:45:41.754879;;;;
281;2016.01.1.024206-5;TJDFT;20;788.0;7;;;f;0;;;;514;;2016-03-22 19:14:26.623;2018-08-28 16:46:19.246358;;;;
282;2013.07.1.029596-0;TJDFT;37;12680.0;17;;;f;0;;;;514;;2016-03-22 19:16:04.92;2018-08-28 16:46:45.95535;f;;;
286;2016.01.1.024211-2;TJDFT;1;80000.0;7;;;f;0;;;;514;;2016-03-24 11:20:58.787;2018-08-28 16:47:21.521911;;;;
288;2016.01.1.019001-6;TJDFT;1;80000.0;7;;;f;0;;;;514;;2016-03-24 11:24:38.423;2018-08-28 16:47:45.819788;;;;
290;2016.01.1.021446-0;TJDFT;1;80000.0;7;;;f;0;;;;514;;2016-03-24 11:31:35.807;2018-08-28 16:48:14.00053;;;;
293;2016.01.1.023065-3;TJDFT;1;80000.0;7;;;f;0;;;;514;;2016-03-31 20:17:02.45;2018-08-28 16:48:31.338792;;;;
296;2016.01.1.024197-9;TJDFT;1;250159.67;1;;;f;0;;;;514;;2016-03-31 20:24:16.15;2018-08-28 16:49:09.234512;;;;
301;2016.01.1.027667-3;TJDFT;1;85000.0;5;;;f;0;;;;514;;2016-04-04 17:54:10.073;2018-08-28 19:11:24.896164;;;;
302;2005.01.1.065249-4;TJDFT;11;2000.0;1;;;f;0;t;0.0;;514;;2016-04-04 18:00:32.683;2018-08-28 19:11:42.986181;f;;;
306;2016.01.1.027683-3;TJDFT;10;90000.0;4;;;f;0;;;;514;;2016-04-07 20:00:47.56;2018-08-28 19:12:09.521048;;;;
307;2015.01.1.078630-9;TJDFT;1;100000.0;7;;;f;0;;;;514;;2016-04-07 20:02:23.75;2018-08-28 19:12:23.718563;;;;
309;2016.01.1.017569-6;TJDFT;20;880.0;8;;;f;0;;;;514;;2016-04-07 20:07:51.867;2018-08-28 19:12:37.396504;;;;
312;2016.01.1.021436-5;TJDFT;1;80000.0;4;;;f;0;;;;514;;2016-04-08 17:31:15.203;2018-08-28 19:12:51.835467;;;;
313;2016.01.1.023061-2;TJDFT;36;880.0;2;;;f;0;;;;514;;2016-04-11 17:16:49.04;2018-08-28 19:14:28.728642;;;;
322;2016.01.1.028634-4;TJDFT;9;80000.0;1;;;f;0;;;;514;;2016-04-13 20:18:50.61;2018-08-28 19:15:15.325927;f;;;
324;2016.01.1.030540-5;TJDFT;1;80000.0;6;;;f;0;;;;514;;2016-04-14 11:40:33.723;2018-08-28 19:15:45.376494;;;;
328;2016.01.1.038817-2;TJDFT;1;80000.0;2;;;f;0;;;;514;;2016-04-14 20:13:56.11;2018-08-28 19:16:19.333174;;;;
330;2009.34.00.038334-3;TRF1;35;0.0;17;;;f;0;;;;514;;2016-04-18 12:16:00.38;2018-08-28 19:16:41.275809;;;;
332;2015.01.1.006420-9;TJDFT;9;;1;;;f;0;;0.0;;514;;2016-04-18 20:40:28.947;2018-08-28 19:17:05.169974;f;;;
279;2016.01.1.025368-8;TJDFT;1;60.0;2;;;f;0;;;;514;;2016-03-22 19:10:51.653;2018-10-03 12:06:41.693576;;;;
336;0000332-83.2016.5.10.0007;TRT10;32;30000.0;21;;;f;0;;;;514;;2016-04-19 11:29:27.64;2018-10-03 12:07:15.049862;f;;;
320;2016.01.1.034029-2;TJDFT;1;89323.83;2;;;f;0;f;0.0;;514;;2016-04-12 18:06:20.227;2018-10-10 13:34:07.097356;f;;;
357;2015.02.1.004420-3;TJDFT;30;17271.71;17;;;t;0;;;;514;;2016-05-02 17:47:43.903;2016-10-06 21:33:45.915083;;;;
361;2016.01.1.013352-5;TJDFT;1;80000.0;2;;;t;0;;;;514;;2016-05-04 12:25:04.817;2016-10-06 21:33:45.942773;;;;
364;2015.01.1.040331-2;TJDFT;14;160000.0;4;;;t;0;;;;514;;2016-05-05 13:05:06.563;2016-10-06 21:33:45.96473;;;;
368;2016.01.1.035160-8;TJDFT;1;80000.0;8;;;t;0;;;;514;;2016-05-05 13:23:52.21;2016-10-06 21:33:45.991533;;;;
378;2016.01.1.053103-4;TJDFT;10;90000.0;59;;;t;0;;;;514;;2016-05-16 19:23:47.92;2016-10-06 21:33:46.059242;;;;
381;2016.01.1.021440-4;TJDFT;1;80000.0;2;;;t;0;;;;514;;2016-05-17 19:36:16.553;2016-10-06 21:33:46.082042;;;;
384;2016.01.1.052588-9;TJDFT;1;80000.0;4;;;t;0;;;;514;;2016-05-20 18:03:39.133;2016-10-06 21:33:46.104099;;;;
394;2016.01.1.055315-5;TJDFT;1;240000.0;59;;;f;0;;;;514;;2016-05-25 17:01:56.74;2016-10-06 21:33:46.181457;;;;
403;2016.01.1.059556-5;TJDFT;1;400000.0;59;;;t;0;;;;514;;2016-06-09 17:58:49.507;2016-10-06 21:33:46.243966;;;;
410;2016.01.1.054874-5;TJDFT;1;80000.0;7;;;t;0;;;;514;;2016-06-13 20:17:35.477;2016-10-06 21:33:46.293055;;;;
414;2016.01.1.045280-2;TJDFT;15;500.0;7;;;t;0;;;;514;;2016-06-14 20:23:16.317;2016-10-06 21:33:46.32005;;;;
407;0709078-98.2016.8.07.0016;TJDFT;37;1000.0;27;;;t;1;f;;;514;;2016-06-09 18:38:19.987;2017-03-13 14:45:38.842903;f;;;
397;2015.01.1.020511-9;TJDFT;9;32000.0;6;;;t;0;f;500.0;;514;;2016-05-31 14:11:41.61;2017-03-13 14:48:19.650082;f;;;
398;2015.01.1.135944-4;TJDFT;1;80000.0;5;;;f;0;;;;514;;2016-06-01 17:09:56.213;2018-08-27 20:03:08.263559;;;;
382;2016.01.1.036675-0;TJDFT;1;80000.0;2;;;f;0;;;;514;;2016-05-17 19:38:21.617;2018-08-27 20:23:21.800748;;;;
380;2016.01.1.051880-6;TJDFT;4;51777.0;1;;;f;0;;;;514;;2016-05-16 20:24:02.59;2018-08-27 20:23:07.248178;f;;;
411;2016.01.1.060405-5;TJDFT;1;100000.0;59;;;f;0;;;;514;;2016-06-13 20:20:32.647;2018-08-28 18:40:00.633082;;;;
348;0000471-20.2016.5.10.0012;TRT10;32;30000.0;17;;;f;1;;;;514;;2016-04-27 19:28:08.967;2018-10-10 13:45:10.900998;;;;
350;0711477-26.2018.8.07.0018;TJDFT;1;80000.0;4;;;t;0;;;;514;;2016-04-27 20:03:22.907;2019-01-31 12:42:34.073798;;;;
377;0000575-82.2016.5.10.0021;TRT10;32;30000.0;17;;;t;1;;;392-000.482/2016;514;;2016-05-16 18:55:48.863;2018-12-03 15:34:40.43599;f;;;
375;0000568-35.2016.5.10.0007;TRT10;32;30000.0;21;;;f;1;;;;514;;2016-05-13 19:09:53.377;2018-10-10 12:51:22.610324;;;;
363;2015.01.1.064960-3;TJDFT;1;190000.0;59;;;f;0;;;;514;;2016-05-04 12:50:49.247;2018-08-28 16:43:58.706745;;;;
366;0021042-26.2016.8.07.0018;TJDFT;1;200317.87;2;;;t;0;;;;514;;2016-05-05 13:19:41.833;2017-08-09 12:45:36.431008;f;;;
386;2016.01.1.054868-0;TJDFT;15;333300.0;59;;;t;0;;;;514;;2016-05-24 11:32:38.23;2017-09-21 15:45:10.286017;;;10200.0;1.02
392;0712136-69.2017.8.07.0018;TJDFT;10;126000.0;1;;;t;0;;;;514;;2016-05-24 11:45:54.287;2017-11-07 11:52:46.263467;;;;
412;0712483-05.2017.8.07.0018;TJDFT;1;80000.0;59;;;t;0;f;;;514;;2016-06-13 20:23:36.09;2017-11-17 16:36:05.804366;;;;
379;0712793-11.2017.8.07.0018;TJDFT;1;120000.0;4;;;t;0;;;;514;;2016-05-16 19:25:47.76;2018-10-01 13:01:02.137649;;;;
402;0703211-50.2018.8.07.0018;TJDFT;9;80000.0;6;;;t;0;f;300.0;;514;;2016-06-06 17:32:24.383;2018-05-16 14:09:48.724165;t;;;
395;2016.01.1.055302-5;TJDFT;1;100000.0;7;;;f;0;;;;514;;2016-05-25 17:04:08.78;2018-08-27 20:02:38.310126;;;;
396;2014.01.1.100277-0;TJDFT;27;35000.0;17;;;f;0;;;;514;;2016-05-30 20:05:47.243;2018-08-27 20:02:50.746956;f;;;
399;2016.01.1.038230-8;TJDFT;1;350000.0;4;;;f;0;;;;514;;2016-06-01 17:21:51.157;2018-08-27 20:03:40.433321;;;;
404;2016.01.1.057145-6;TJDFT;1;100000.0;8;;;f;0;;;;514;;2016-06-09 18:01:38.893;2018-08-27 20:10:24.261903;;;;
405;2016.01.1.053691-5;TJDFT;10;90000.0;5;;;f;0;;;;514;;2016-06-09 18:03:54.867;2018-08-27 20:10:40.362512;;;;
406;2016.01.1.058215-4;TJDFT;1;100000.0;5;;;f;0;;;;514;;2016-06-09 18:06:23.847;2018-08-27 20:10:54.098363;;;;
409;2016.01.1.056543-3;TJDFT;1;30000.0;6;;;f;0;;;;514;;2016-06-13 20:15:03.03;2018-08-27 20:11:25.224202;;;;
393;0066396-51.2015.4.01.3400;TRF1;11;23000.0;17;;;f;0;;;;514;;2016-05-25 14:58:40.107;2018-10-03 11:24:27.195164;;;;
383;2016.01.1.042841-4;TJDFT;1;80000.0;1;;;f;0;;;;514;;2016-05-20 18:02:41.647;2018-08-27 20:23:35.649439;;;;
385;2015.01.1.142126-7;TJDFT;1;80000.0;5;;;f;0;;;;514;;2016-05-20 18:04:59.937;2018-08-27 20:23:54.803515;;;;
387;2016.01.1.042852-7;TJDFT;1;80000.0;7;;;f;0;;;;514;;2016-05-24 11:34:21.22;2018-08-27 20:24:17.243136;;;;
388;2016.01.1.051383-3;TJDFT;15;150000.0;1;;;f;0;;;;514;;2016-05-24 11:36:40.123;2018-08-27 20:24:45.957471;;;;
349;2015.01.1.135262-6;TJDFT;1;1000.0;7;;;f;0;;;;514;;2016-04-27 20:01:37.383;2018-08-28 16:37:02.861351;;;;
351;2016.01.1.026569-4;TJDFT;1;100000.0;1;;;f;0;;;;514;;2016-04-27 20:05:21.73;2018-08-28 16:40:12.667864;;;;
352;2016.01.1.034125-4;TJDFT;1;80000.0;6;;;f;0;;;;514;;2016-04-28 17:42:21.027;2018-08-28 16:40:29.298386;;;;
354;2016.01.1.040886-3;TJDFT;3;10000.0;6;;;f;0;;;;514;;2016-04-29 18:03:04.707;2018-08-28 16:41:06.144717;;;;
355;2015.01.1.142122-6;TJDFT;1;80000.0;2;;;f;0;;;;514;;2016-04-29 18:08:55.177;2018-08-28 16:43:15.647896;;;;
360;2016.01.1.016628-8;TJDFT;9;60000.0;11;;;f;0;f;0.0;;514;;2016-05-04 12:05:45.493;2018-08-28 16:43:38.043587;f;;;
365;2016.01.1.010225-5;TJDFT;1;80000.0;2;;;f;0;;;;514;;2016-05-05 13:07:04.563;2018-08-28 16:44:16.676634;;;;
367;2016.01.1.043611-2;TJDFT;1;50000.0;8;;;f;0;;;;514;;2016-05-05 13:22:02.53;2018-08-28 16:44:32.003465;;;;
369;1999.01.1.062075-0;TJDFT;12;338.21;59;;;f;0;t;;;514;;2016-05-06 17:50:21.737;2018-08-28 16:44:50.891357;f;;;
413;2016.01.1.062042-3;TJDFT;1;100000.0;5;;;f;0;;;;514;;2016-06-14 20:20:19.94;2018-08-28 18:40:13.809714;;;;
416;2016.01.1.055800-6;TJDFT;1;80000.0;1;;;f;0;;;;514;;2016-06-14 20:28:09.83;2018-08-28 18:40:41.394392;;;;
370;2015.01.1.067327-8;TJDFT;37;34931.37;7;;;t;0;f;1000.0;;514;;2016-05-06 17:59:19.473;2018-09-17 13:26:25.850576;f;;;
417;0713910-77.2016.8.07.0016;TJDFT;37;34200.0;55;;;f;1;;;;514;;2016-06-15 18:01:28.21;2018-10-08 12:52:55.306703;;;;
362;0704100-78.2016.8.07.0016;TJDFT;37;8000.0;27;;;f;1;f;0.0;;514;;2016-05-04 12:46:59.317;2018-10-09 14:07:15.195214;f;;;
401;0000750-03.2016.5.10.0013;TRT10;32;100000.0;29;;;f;1;;;;514;;2016-06-06 16:57:42.5;2018-10-10 13:18:38.061792;f;;;
353;0000354-47.2016.5.10.0006;TJDFT;32;30000.0;17;;;t;1;;;392-000.367/2016;514;;2016-04-28 17:50:38.217;2018-12-03 15:22:44.485345;;;;
358;0000475-33.2016.5.10.0020;TRT10;32;100000.0;17;;;t;1;;;392-000.426/2016;514;;2016-05-02 18:09:16.563;2018-12-03 15:24:43.167083;;;;
359;0000561-07.2016.5.10.0019;TRT10;32;38805.6;25;;;t;1;;;392-000.427/2016;514;;2016-05-02 18:11:34.373;2018-12-03 15:26:21.672338;;;;
373;0000322-30.2016.5.10.0010;TRT10;32;30000.0;17;;;t;1;;;392-000.430/2016;514;;2016-05-12 12:43:19.09;2018-12-03 15:31:31.134164;;;;
374;0000359-57.2016.5.10.0010;TRT10;32;30000.0;17;;;t;1;;;392-000.431/2016;514;;2016-05-12 12:45:04.857;2018-12-03 15:32:42.67014;;;;
376;0000360-42.2016.5.10.0010;TRT10;32;30000.0;17;;;t;1;;;392-000.481/2016;514;;2016-05-16 18:52:19.603;2018-12-03 15:33:34.54985;f;;;
421;2016.01.1.046499-5;TJDFT;1;74985.0;8;;;t;0;;;;514;;2016-06-20 11:47:25.53;2016-10-06 21:33:46.368872;;;;
429;2016.01.1.061549-3;TJDFT;1;150000.0;7;;;t;0;;;;514;;2016-06-23 12:28:46.217;2016-10-06 21:33:46.425852;;;;
436;2016.01.1.054871-2;TJDFT;15;100000.0;2;;;t;0;;;;514;;2016-07-01 19:24:14.777;2016-10-06 21:33:46.472099;;;;
445;2016.01.1.064542-2;TJDFT;1;120000.0;59;;;t;0;;;;514;;2016-07-08 11:54:48.677;2016-10-06 21:33:46.533052;;;;
449;2016.01.1.057810-4;TJDFT;1;97000.0;8;;;t;0;;;;514;;2016-07-08 12:05:43.973;2016-10-06 21:33:46.56193;;;;
456;2015.01.1.069369-8;TJDFT;10;180000.0;59;;;t;0;;;;514;;2016-07-12 19:07:19.093;2016-10-06 21:33:46.611879;;;;
473;2016.01.1.060401-4;TJDFT;1;100000.0;5;;;t;0;;;;514;;2016-07-22 19:35:48.847;2016-10-06 21:33:46.728851;;;;
480;0720762-20.2016.8.07.0016;TJDFT;29;35906.4;55;;;t;0;;;;514;;2016-07-28 19:57:03.057;2016-10-06 21:33:46.776884;;;;
483;2016.01.1.075625-7;VARA DA FAZENDA;1;50000.0;4;;;t;0;;;;1436;;2016-08-01 14:10:08.527;2016-10-06 21:33:46.796629;;;;
486;0001064-61.2016.5.10.0008;8 VARA DO TRABALHO;32;40000.0;23;;;f;0;;;;1436;;2016-08-02 21:13:44.83;2016-10-06 21:33:46.81655;;;;
430;0000335-44.2016.5.10.0005;TRT10;32;30000.0;36;;;f;0;;;;514;;2016-06-28 11:45:11.467;2018-10-09 13:07:46.039027;;;;
470;0000690-42.2016.5.10.0009;TRT10;32;5175.0;39;;;t;0;;;392-013.333/2015;514;;2016-07-21 11:23:58.427;2018-12-04 12:30:15.970064;f;;;
475;2016.01.1.071379-2;TJDFT;35;400000.0;8;;;f;0;;;;514;;2016-07-26 14:43:41.597;2018-08-16 20:03:56.460443;;;;
474;2016.01.1.071379-2;TJDFT;30;60000.0;9;;;t;0;f;;;514;;2016-07-22 19:38:53.27;2018-08-16 20:03:07.690121;f;;;
467;2005.01.1.094524-9;TJDFT;12;30000.0;4;;;t;0;f;500.0;;514;;2016-07-20 12:03:41.627;2017-03-13 14:17:44.556391;t;;;
464;2016.01.1.010109-2;TJDFT;38;10000.0;13;;;t;0;;;;514;;2016-07-20 11:57:14.957;2017-03-13 14:18:19.999715;f;;;
466;2016.01.1.070501-6;TJDFT;30;200000.0;1;;;t;0;;;;514;;2016-07-20 12:01:52.663;2017-03-13 14:19:01.704864;f;;;
477;0708686-84.2018.8.07.0018;TJDFT;1;100000.0;4;;;t;0;;;;514;;2016-07-26 14:52:34.073;2018-09-10 14:26:09.081457;;;;
443;0002154-12.2006.8.07.0001;TJDFT;10;14752.03;1;;;t;0;f;350.0;;514;;2016-07-07 20:25:23.683;2019-02-28 14:35:41.257011;t;;;
472;0001037-57.2016.5.10.0015;TRT10;32;30000.0;35;;;t;0;;;392-001.215/2017;514;;2016-07-22 18:41:26.757;2018-12-03 15:42:40.910372;f;;;
481;0024639-03.2016.8.07.0018;TJDFT;15;737000.0;59;;;t;0;;;;514;;2016-07-28 20:06:55.813;2018-11-07 18:56:52.176444;;;;
451;2016.01.1.059540-3;TJDFT;1;100000.0;8;;;t;0;f;10000.0;;514;;2016-07-11 19:03:46.46;2017-03-13 14:30:16.300625;t;;;
440;0013489-25.2016.8.07.0018;TJDFT;1;80000.0;2;;;t;0;;;;514;;2016-07-01 20:40:16.76;2018-01-29 16:54:19.059033;;;;
439;2016.01.1.051874-2;TJDFT;15;30000.0;1;;;f;0;;;;514;;2016-07-01 20:37:44.737;2018-08-28 18:48:16.94292;;;;
454;0024464-09.2016.8.07.0018;TJDFT;1;10000.0;4;;;t;0;;;;514;;2016-07-11 19:15:15.53;2017-08-08 12:08:14.731169;f;;;
418;0701830-41.2017.8.07.0018;TJDFT;38;100000.0;1;;;t;0;t;0.0;;514;;2016-06-15 20:27:34.047;2017-06-20 12:09:11.195831;f;;;
453;0709600-85.2017.8.07.0018;TJDFT;1;80000.0;4;;;t;0;;;;514;;2016-07-11 19:12:35.443;2017-09-13 11:44:44.512195;f;;;
447;0709601-70.2017.8.07.0018;TJDFT;10;90000.0;59;;;t;0;;;;514;;2016-07-08 12:00:51.473;2017-09-14 12:03:24.645265;f;;;
446;0711076-61.2017.8.07.0018;TJDFT;1;1000.0;6;;;t;0;;;;514;;2016-07-08 11:56:37.33;2017-10-16 11:33:08.077108;;;;
444;2016.01.1.062892-7;TJDFT;1;80000.0;59;;;f;0;;;;514;;2016-07-08 11:52:46.293;2018-08-28 18:50:29.202007;;;;
435;0701350-29.2018.8.07.0018;TJDFT;14;180000.0;2;;;t;0;;;;514;;2016-07-01 19:21:12.363;2018-02-26 12:40:19.039197;;;;
431;0021863-30.2016.8.07.0018;TJDFT;15;100000.0;6;;;t;0;;;;514;;2016-06-28 12:04:40.587;2018-03-01 13:57:54.290452;;;;
461;0704172-88.2018.8.07.0018;TJDFT;1;80000.0;5;;;t;0;;;;514;;2016-07-13 18:33:04.58;2018-07-19 13:13:13.986247;;;;
554;2016.01.1.092192-0;TJDFT;1;100000.0;8;;;f;0;;;;514;;2016-09-30 18:04:58.983;2018-08-16 17:24:32.707791;;;;
471;2016.01.1.055315-4;TJDFT;1;240000.0;59;;;f;0;f;8000.0;;514;;2016-07-21 17:45:25.01;2018-08-16 19:51:49.877665;t;;;
476;2016.01.1.067804-8;TJDFT;1;100000.0;8;;;f;0;;;;514;;2016-07-26 14:50:11.443;2018-08-16 20:04:43.912847;;;;
478;2016.01.1.034276-3;TJDFT;37;80000.0;8;;;f;0;;;;514;;2016-07-26 14:54:37.673;2018-08-16 20:06:19.253583;;;;
450;2016.01.1.062880-6;TJDFT;1;100000.0;23;;;f;0;;;;514;;2016-07-11 18:59:03.927;2018-08-16 20:21:15.994703;;;;
458;2016.01.1.061548-5;TJDFT;1;10000.0;1;;;f;0;;;;514;;2016-07-13 18:25:06.313;2018-08-16 20:28:32.23937;;;;
459;2016.01.1.064908-9;TJDFT;1;10000.0;1;;;f;0;;;;514;;2016-07-13 18:29:07.973;2018-08-16 20:29:09.777446;;;;
460;2016.01.1.047555-6;TJDFT;1;80000.0;2;;;f;0;;;;514;;2016-07-13 18:31:07.5;2018-08-16 20:29:37.433822;;;;
462;2016.01.1.069229-0;TJDFT;1;100000.0;4;;;f;0;;;;514;;2016-07-15 18:30:34.283;2018-08-16 20:30:54.782542;;;;
432;2016.01.1.062888-8;TJDFT;1;80000.0;4;;;t;0;;;;514;;2016-06-28 12:06:42.593;2018-08-23 20:00:00.381012;;;;
420;2016.01.1.055798-5;TJDFT;1;80000.0;6;;;f;0;;;;514;;2016-06-20 11:44:03.087;2018-08-28 18:41:04.932382;;;;
424;2016.01.1.063246-2;TJDFT;1;80000.0;7;;;f;0;;;;514;;2016-06-23 12:03:02.85;2018-08-28 18:41:26.015938;;;;
425;2016.01.1.062460-2;TJDFT;1;100000.0;59;;;f;0;;;;514;;2016-06-23 12:07:42.67;2018-08-28 18:41:50.556788;;;;
426;2016.01.1.057128-8;TJDFT;14;38200.0;8;;;f;0;;;;514;;2016-06-23 12:11:06.173;2018-08-28 18:42:03.767643;;;;
428;2016.01.1.063580-7;TJDFT;1;80000.0;7;;;f;0;;;;514;;2016-06-23 12:21:53.373;2018-08-28 18:46:49.250096;;;;
427;2016.01.1.062894-3;TJDFT;1;100000.0;7;;;t;0;;;;514;;2016-06-23 12:20:10.897;2018-08-28 18:46:10.19943;;;;
437;2016.01.1.063188-6;TJDFT;1;1000.0;4;;;f;0;;;;514;;2016-07-01 20:33:18.643;2018-08-28 18:47:34.776263;;;;
438;2007.01.1.058794-9;TJDFT;6;200.0;2;;;f;0;t;;;514;;2016-07-01 20:35:46.093;2018-08-28 18:47:49.521447;f;;;
441;2016.01.1.060286-0;TJDFT;1;100000.0;6;;;f;0;;;;514;;2016-07-01 20:42:07.333;2018-08-28 18:48:34.371853;;;;
484;2016.01.1.052584-8;5 VARA DA FAZENDA;1;80000.0;5;;;f;0;;;;1436;;2016-08-01 14:17:15.327;2018-10-05 14:09:26.89394;;;;
448;2014.01.1.182311-7;TJDFT;37;0.0;44;;;f;0;;;;514;;2016-07-08 12:03:19.377;2018-08-28 18:50:46.073649;f;;;
468;0709080-68.2016.8.07.0016;TJDFT;1;1000.0;27;;;f;0;f;;;514;;2016-07-20 12:54:30.88;2018-10-09 18:06:37.126339;f;;;
419;0000834-89.2016.5.10.0017;TRT10;32;100000.0;30;;;t;0;;;392-001.113/2016;514;;2016-06-20 11:36:52.213;2018-12-03 15:36:12.244076;;;;
423;0000751-06.2016.5.10.0007;TRT10;32;30000.0;22;;;t;0;;;392-000.333/2016;514;;2016-06-21 11:58:04.8;2018-12-03 15:37:52.908174;;;;
433;0000725-72.2016.5.10.0018;TRT10;32;30000.0;17;;;t;0;;;392-000.336/2016;514;;2016-06-29 18:29:11.683;2018-12-03 15:38:55.167915;;;;
442;0000895-95.2016.5.10.0001;TRT10;32;30000.0;46;;;t;0;;;392-001.211/2017;514;;2016-07-05 17:44:59.803;2018-12-03 15:39:50.262438;;;;
469;0001024-58.2016.5.10.0015;TRT10;32;8240.0;35;;;t;0;f;;392-001.216/2017;514;;2016-07-20 17:51:30.933;2018-12-03 15:41:17.436307;f;;;
487;0710908-02.2016.8.07.0016;3 JUIZADO ESPECIAL DA FAZENDA PUBLICA;20;1000.0;27;;;f;0;;;;1436;;2016-08-04 19:49:47.837;2016-10-06 21:33:46.823036;;;;
489;0001117-42.2016.5.10.0008;8 VARA DO TRABALHO;32;40000.0;23;;;f;0;;;;1436;;2016-08-09 18:04:56.63;2016-10-06 21:33:46.836817;;;;
518;0725646-92.2016.8.07.0016;TJDFT;1;880.0;55;;;t;0;;;;514;;2016-09-02 17:02:58.177;2016-10-06 21:33:47.046374;;;;
526;2016.01.1071908-5;TJDFT;1;250000.0;8;;;f;0;;;;514;;2016-09-14 12:33:33.717;2016-10-06 21:33:47.100645;;;;
534;2016.01.1.087137-3;TJDFT;1;80000.0;6;;;t;0;;;;514;;2016-09-15 12:08:45.95;2016-10-06 21:33:47.158233;;;;
514;0022222-77.2016.8.07.0018;TJDFT;1;15000.0;2;;;t;0;;;;514;;2016-08-26 12:59:51.837;2018-05-03 13:50:10.117478;;;;
538;0703244-40.2018.8.07.0018;TJDFT;1;80000.0;6;;;t;0;;;;514;;2016-09-21 20:27:25.097;2018-04-24 18:30:53.667572;;;;
499;2016.01.1.071923-7;1 VARA DA FAZENDA;1;100000.0;1;;;f;0;;;;1436;;2016-08-16 14:40:41.967;2018-08-16 19:01:46.950402;;;;
504;2016.01.1.073253-3;TJDFT;1;1000.0;59;;;f;0;;;;514;;2016-08-23 14:11:13.153;2018-08-16 19:11:58.727704;;;;
500;2016.01.1.081139-2;2 VARA DA FAZENDA;1;1000.0;2;;;f;0;;;;1436;;2016-08-16 15:01:35.697;2018-08-16 19:02:15.00048;;;;
496;2016.01.1.047554-8;2 VARA DA FAZENDA;12;80000.0;2;;;t;0;;;;1436;;2016-08-16 12:34:56.26;2018-08-16 18:59:11.379825;;;;
521;0000510-87.2016.5.10.0021;TRT10;32;30000.0;17;;;t;0;;;382-012.478/2018;514;;2016-09-06 12:05:45.247;2018-12-12 19:56:17.347669;;;;
552;2016.01.1.070073-4;TJDFT;9;100000.0;9;;;t;0;;;;514;;2016-09-29 19:40:23.137;2017-03-13 13:56:23.467613;f;;;
548;0003000-26.2016.8.07.0018;TJDFT;9;120000.0;6;;;t;0;;;;514;;2016-09-26 20:08:00.687;2019-01-21 13:22:17.227446;f;;;
491;0702422-51.2018.8.07.0018;4 VARA DA FAZENDA;1;100000.0;4;;;t;0;;;;1436;;2016-08-09 19:51:44.68;2018-07-06 13:25:29.786198;;;;
515;0029203-25.2016.8.07.0018;TJDFT;1;80000.0;2;;;t;0;;;;514;;2016-08-26 13:03:45.73;2017-09-11 12:10:54.513983;f;;;
535;0028270-52.2016.8.07.0018;TJDFT;9;1000.0;6;;;t;0;;;;514;;2016-09-19 12:20:16.163;2018-12-05 13:25:31.573336;;;;
502;0003457-55.2016.8.07.0019;TJDFT;37;16712.3;17;;;t;0;;;;514;;2016-08-22 20:29:02.033;2017-05-25 20:03:45.729635;f;;;
498;2016.01.1.060774-6;7 VARA DA FAZENDA;1;100000.0;7;;;f;0;;;;1436;;2016-08-16 14:27:25.657;2018-08-16 19:01:02.176586;;;;
497;1999.01.1.073791-9;2 VARA DA FAZENDA;12;1000.0;2;;;t;0;;;;1436;;2016-08-16 12:50:13.7;2017-11-14 11:23:44.948138;;;;
544;0700183-74.2018.8.07.0018;TJDFT;14;70000.0;6;;;t;0;;;102-137.119/1978;514;;2016-09-26 11:47:40.093;2018-02-01 16:51:11.923963;;;;
525;0023953-11.2016.8.07.0018;TJDFT;1;80272.52;2;;;t;0;;;;514;;2016-09-09 14:59:27.973;2018-02-07 13:28:49.192811;;;;
490;0018739-73.2015.8.07.0018;2 VARA DA FAZENDA;37;100000.0;2;;;t;0;;;;1436;;2016-08-09 19:33:19.787;2018-04-30 14:15:41.311189;;;;
551;0712952-51.2017.8.07.0018;TJDFT;1;1000.0;5;;;t;0;;;;514;;2016-09-27 19:31:39.807;2018-05-21 15:07:48.409629;;;;
508;0704524-46.2018.8.07.0018;TJDFT;14;41667.05;6;;;t;0;;;;514;;2016-08-23 17:41:56.303;2018-05-25 13:47:40.17638;;;;
510;0705292-69.2018.8.07.0018;TJDFT;1;1000.0;1;;;t;0;t;100.0;;514;;2016-08-23 19:53:25.143;2018-06-18 13:44:34.555972;f;;;
503;0707637-08.2018.8.07.0018;TJDFT;14;40000.0;6;;;t;0;;;;514;;2016-08-23 12:03:38.443;2018-08-14 18:50:34.84388;;;;
553;2016.01.1.101059-5;TJDFT;36;100.0;7;;;t;0;;;;514;;2016-09-30 17:56:06.27;2018-08-16 16:37:55.783758;;;;
529;2016.01.1.067074-0;TJDFT;1;80000.0;8;;;f;0;;;;514;;2016-09-14 12:40:00.18;2018-08-16 18:06:36.559241;;;;
533;2016.01.1.071601-0;TJDFT;1;100000.0;5;;;f;0;;;;514;;2016-09-15 12:03:44.18;2018-08-16 18:10:25.75278;;;;
536;2016.01.1.093437-7;TJDFT;1;16200.0;59;;;f;0;;;;514;;2016-09-19 12:23:28.437;2018-08-16 18:29:20.546641;;;;
537;2016.01.1.096947-3;TJDFT;1;125571.51;5;;;f;0;;;;514;;2016-09-20 19:56:38.853;2018-08-16 18:30:40.24818;;;;
539;2016.01.1.081132-7;TJDFT;1;80000.0;6;;;f;0;;;;514;;2016-09-21 20:29:30.647;2018-08-16 18:32:21.358459;;;;
541;2016.01.1.062402-4;TJDFT;37;880.0;44;;;f;0;;;;514;;2016-09-21 20:34:57.11;2018-08-16 18:36:12.97896;;;;
542;2016.01.1.027669-8;TJDFT;1;80000.0;6;;;f;0;;;;514;;2016-09-21 20:38:08.273;2018-08-16 18:36:51.394543;;;;
543;2016.01.1.096943-2;TJDFT;1;200000.0;7;;;t;0;;;;514;;2016-09-26 11:43:41.99;2018-08-16 18:37:18.447081;;;;
546;2016.01.1.081150-3;TJDFT;1;100000.0;8;;;f;0;;;;514;;2016-09-26 11:55:13.2;2018-08-16 18:38:08.352235;;;;
512;2016.01.1.084479-7;TJDFT;1;80000.0;7;;;f;0;;;;514;;2016-08-25 12:00:15.693;2018-08-16 18:43:12.88747;;;;
547;0025435-91.2016.8.07.0018;TJDFT;12;59341.0;17;;;t;0;;;;514;;2016-09-26 12:33:43.277;2018-09-13 19:33:43.750431;;;;
513;2016.01.1.078435-9;TJDFT;1;100000.0;8;;;f;0;;;;514;;2016-08-25 12:04:12.363;2018-08-16 18:43:40.56041;;;;
516;2016.01.1.082670-2;TJDFT;1;100000.0;4;;;f;0;;;;514;;2016-08-26 13:05:33.993;2018-08-16 18:44:07.900031;;;;
517;2016.01.1.073795-7;TJDFT;1;1000.0;59;;;f;0;;;;514;;2016-08-29 20:15:09.523;2018-08-16 18:48:35.892166;;;;
520;0707975-79.2018.8.07.0018;TJDFT;20;100000.0;4;;;t;0;;;;514;;2016-09-06 11:55:08.59;2018-08-23 12:44:11.809733;;;;
524;2016.01.1.080448-8;TJDFT;1;100000.0;7;;;f;0;;;;514;;2016-09-09 14:51:49.597;2018-08-16 18:50:08.638348;;;;
527;2016.01.1.071908-5;TJDFT;1;250000.0;8;;;f;0;;;;514;;2016-09-14 12:35:12.78;2018-08-16 18:50:39.935976;;;;
528;2016.01.1.092772-9;TJDFT;1;80000.0;5;;;f;0;;;;514;;2016-09-14 12:37:30.527;2018-08-16 18:51:30.467311;;;;
492;2016.01.1.060422-3;7 VARA DA FAZENDA;1;80000.0;7;;;f;0;;;;1436;;2016-08-09 19:54:58.7;2018-08-16 18:56:37.095982;;;;
493;2016.01.1.079455-2;3 VARA DA FAZENDA;1;12000000.0;59;;;f;0;;;;1436;;2016-08-09 19:59:14.463;2018-08-16 18:57:30.612833;;;;
495;2016.01.1.050808-3;1 VARA DA FAZENDA;1;1000.0;1;;;f;0;;;;1436;;2016-08-16 12:22:03.153;2018-08-16 18:58:34.674868;;;;
507;2016.01.1.084495-7;TJDFT;1;80000.0;5;;;f;0;;;;514;;2016-08-23 14:33:44.73;2018-08-16 19:20:08.973512;;;;
506;2016.01.1.081146-4;TJDFT;1;100000.0;7;;;f;0;;;;514;;2016-08-23 14:29:27.89;2018-08-16 19:20:31.822484;;;;
505;0027799-36.2016.8.07.0018;TJDFT;1;200000.0;1;;;t;0;;;;514;;2016-08-23 14:27:07.013;2018-09-10 14:16:57.144482;;;;
540;0023868-25.2016.8.07.0018;TJDFT;1;80000.0;1;;;t;0;;;;514;;2016-09-21 20:32:04.883;2018-09-10 14:18:09.471278;;;;
532;0008235-69.2014.8.07.0009;TJDFT;10;1000.0;6;;;t;0;;;;514;;2016-09-15 11:54:01.093;2018-11-23 12:49:24.45046;;;;
522;0001122-28.2016.5.10.0020;TRT10;32;30000.0;17;;;t;0;;;392-000.365/2016;514;;2016-09-06 14:18:20.727;2018-12-03 15:48:07.415797;;;;
531;0001226-44.2016.5.10.0012;TRT10;32;33283.78;17;;;t;0;;;392-000.366/2016;514;;2016-09-15 11:39:57.347;2018-12-03 15:49:08.867043;;;;
501;0001080-97.2016.5.10.0013;TRT10;32;53503.09;29;;;t;0;;;392-002.026/2018;514;;2016-08-19 12:38:30.7;2018-12-04 13:15:30.312057;f;;;
519;0001230-96.2016.5.10.0007;TRT10;32;306788.0;22;;;t;0;;;392-012.474/2018;514;;2016-09-06 11:47:22.837;2018-12-12 19:55:35.393964;;;;
523;0001221-10.2016.5.10.0016;TJDFT;32;30000.0;45;;;t;0;;;392-012.484/2018;514;;2016-09-08 18:26:16.71;2018-12-12 19:56:54.331379;;;;
567;2015.00.2.016607-4;TJDFT;38;100.0;12;;;f;0;;;;1375;;2015-10-16 19:26:24.88;2016-10-06 21:33:47.604148;;;;
572;47393-13.2015.4.01.3400;TRF1;9;131016.17;52;;;t;0;;;;1375;;2015-10-23 18:23:46.86;2016-10-06 21:33:47.640886;;;;
577;46300-15.2015.4.01.3400;TRF1;9;150000.0;53;;;t;0;;;;1375;;2015-10-29 18:29:39.107;2016-10-06 21:33:47.676776;;;;
578;65563-67.2014.4.01.3400;TRF1;35;100.0;54;;;t;0;;;;1375;;2015-10-29 18:34:13.53;2016-10-06 21:33:47.684957;;;;
580;2015.01.1.114230-5;TJDFT;37;19962.61;6;;;t;0;;;;1375;;2015-11-03 18:18:24.933;2016-10-06 21:33:47.700822;;;;
582;2015.00.2.027334-7;TJDFT;38;100.0;15;;;t;0;;;;1375;;2015-11-06 17:17:17.903;2016-10-06 21:33:47.71575;;;;
607;2015.00.2.018981-4;TJDFT;38;100.0;10;;;t;0;;;;1375;;2015-11-16 15:50:23.927;2016-10-06 21:33:47.916158;;;;
609;2015.01.1.096968-4;TJDFT;1;80000.0;7;;;t;0;;;;1375;;2015-11-17 16:50:50.67;2016-10-06 21:33:47.949978;;;;
612;0724930-02.2015.8.07.0016;TJDFT;9;100.0;55;;;t;0;;;;1375;;2015-11-18 18:25:07.843;2016-10-06 21:33:47.991528;;;;
622;2015.01.1.096271-2;TJDFT;1;80000.0;1;;;t;0;;;;1375;;2015-11-23 18:09:12.267;2016-10-06 21:33:48.10303;;;;
563;2016.01.1.097311-0;TJDFT;37;158000.0;7;;;f;0;;;;514;;2016-10-06 19:26:37.747;2018-08-16 17:48:07.257327;;;;
557;0035271-88.2016.8.07.0018;TJDFT;1;80000.0;59;;;t;0;;;;514;;2016-10-04 14:31:46.647;2017-05-22 20:36:07.454329;f;;;
615;0700844-87.2017.8.07.0018;TJDFT;1;50000.0;7;;;t;0;;;;1375;;2015-11-19 19:37:22.903;2017-06-16 12:41:58.306352;f;;;
614;0704174-92.2017.8.07.0018;TJDFT;1;100000.0;7;;;t;0;;;;1375;;2015-11-18 18:44:32.64;2018-01-19 11:12:54.7435;;;;
556;2016.01.1.098367-6;TJDFT;1;60.0;7;;;f;0;;;;514;;2016-10-04 14:27:27.64;2018-08-16 17:25:53.976098;;;;
604;0714173-69.2017.8.07.0018;TJDFT;1;100000.0;1;;;t;0;;;;1375;;2015-11-11 20:18:40.043;2018-03-22 19:28:21.529651;;;;
590;0706769-30.2018.8.07.0018;TJDFT;1;100000.0;6;;;t;0;;;;1375;;2015-11-09 18:45:32.777;2018-07-24 17:58:13.125214;;;;
559;2016.01.1.083310-9;TJDFT;1;50000.0;8;;;f;0;;;;514;;2016-10-04 16:23:55.777;2018-08-16 17:26:22.068078;;;;
560;2016.01.1.094103-0;TJDFT;1;100000.0;8;;;t;0;;;;514;;2016-10-04 16:31:37.167;2018-08-16 17:27:04.034167;;;;
561;2016.01.1.097841-4;TJDFT;37;270470.97;8;;;f;0;;;;514;;2016-10-04 16:50:50.617;2018-08-16 17:27:25.223263;;;;
562;2016.01.1.102294-6;TJDFT;20;80000.0;7;;;f;0;;;;514;;2016-10-05 19:27:17.15;2018-08-16 17:27:54.435962;f;;;
565;2016.01.1.099239-3;TJDFT;1;80000.0;2;;;f;0;;;;514;;2016-10-06 19:31:24.057;2018-08-16 17:54:48.517253;;;;
564;2016.01.1.082676-8;TJDFT;1;80000.0;7;;;f;0;;;;514;;2016-10-06 19:29:09.91;2018-08-16 17:55:19.448632;;;;
568;2015.01.1.115611-6;TJDFT;1;80000.0;3;;;f;0;;;;1375;;2015-10-19 19:40:40.967;2018-08-27 20:49:03.645894;;;;
569;2015.01.1.095053-8;TJDFT;1;84983.0;4;;;f;0;;;;1375;;2015-10-19 19:43:19.153;2018-08-27 20:49:17.492735;;;;
573;2015.01.1.093093-8;TJDFT;1;80000.0;2;;;f;0;;;;1375;;2015-10-28 19:05:01.883;2018-08-27 20:49:46.949461;;;;
574;2015.01.1.120897-7;TJDFT;37;1000.0;7;;;f;0;;;;1375;;2015-10-28 19:07:49.97;2018-08-27 20:50:00.274345;;;;
575;2013.01.1.072818-5;TJDFT;37;1000.0;44;;;f;0;;;;1375;;2015-10-28 19:16:47.277;2018-08-27 20:50:16.06184;;;;
576;2014.01.1.044440-9;TJDFT;37;1000.0;44;;;f;0;;;;1375;;2015-10-28 19:19:18.037;2018-08-27 20:50:44.861079;;;;
613;2015.01.1.124541-7;TJDFT;1;65000.0;8;;;f;0;;;;1375;;2015-11-18 18:41:32.117;2018-08-28 18:22:52.360193;;;;
616;2015.01.1.090887-7;TJDFT;1;140000.0;7;;;f;0;;;;1375;;2015-11-19 19:40:28.763;2018-08-28 18:23:26.414606;;;;
617;2015.01.1.128671-2;TJDFT;10;788.0;3;;;f;0;;;;1375;;2015-11-19 19:42:52.313;2018-08-28 18:23:40.948123;;;;
618;2015.01.1.128796-5;TJDFT;1;200000.0;3;;;f;0;;;;1375;;2015-11-19 19:45:07.927;2018-08-28 18:23:57.491011;;;;
619;2015.01.1.123516-8;TJDFT;1;80000.0;1;;;f;0;;;;1375;;2015-11-19 19:48:31.837;2018-08-28 18:24:11.294563;;;;
623;2015.01.1.130815-6;TJDFT;1;80000.0;2;;;f;0;;;;1375;;2015-11-23 18:11:20.343;2018-08-28 18:24:52.341996;;;;
624;2014.01.1.139932-9;TJDFT;10;25000.0;7;;;f;0;;;;1375;;2015-11-23 18:13:33.757;2018-08-28 18:25:17.22903;;;;
581;2015.01.1.123959-7;TJDFT;1;100000.0;2;;;f;0;;;;1375;;2015-11-03 18:20:32.087;2018-08-28 18:26:00.592082;;;;
583;2015.01.1.103825-8;TJDFT;1;80000.0;3;;;f;0;;;;1375;;2015-11-09 18:17:27.597;2018-08-28 18:26:17.798801;;;;
584;2015.01.1.062378-8;TJDFT;1;150000.0;1;;;f;0;;;;1375;;2015-11-09 18:19:21.167;2018-08-28 18:26:37.504307;;;;
585;2015.01.1.096980-3;TJDFT;36;788.0;3;;;f;0;;;;1375;;2015-11-09 18:23:08.1;2018-08-28 18:27:11.933477;;;;
586;2015.01.1.122833-5;TJDFT;1;100000.0;3;;;f;0;;;;1375;;2015-11-09 18:25:39.42;2018-08-28 18:27:27.296681;;;;
587;2015.01.1.097852-9;TJDFT;1;80000.0;3;;;f;0;;;;1375;;2015-11-09 18:28:01.6;2018-08-28 18:27:46.521336;;;;
588;2015.01.1.103838-7;TJDFT;36;788.0;3;;;f;0;;;;1375;;2015-11-09 18:32:53.54;2018-08-28 18:28:01.001166;;;;
591;2015.01.1.116396-0;TJDFT;1;200156.67;1;;;f;0;;;;1375;;2015-11-09 18:49:03.797;2018-08-28 18:28:30.562553;;;;
593;2015.01.1.123956-4;TJDFT;1;80000.0;3;;;f;0;;;;1375;;2015-11-10 20:02:05.783;2018-08-28 18:28:52.900773;;;;
594;2015.01.1.124549-9;TJDFT;1;100000.0;5;;;f;0;;;;1375;;2015-11-11 19:54:35.767;2018-08-28 18:29:07.062134;;;;
595;2015.01.1.072054-5;TJDFT;1;50000.0;1;;;f;0;;;;1375;;2015-11-11 19:56:55.98;2018-08-28 18:30:07.920142;;;;
596;2015.01.1.068736-0;TJDFT;1;21467.13;7;;;f;0;;;;1375;;2015-11-11 20:00:03.247;2018-08-28 18:30:21.594392;;;;
597;2015.01.1.122832-7;TJDFT;1;80000.0;5;;;f;0;;;;1375;;2015-11-11 20:02:18.653;2018-08-28 18:30:34.619142;;;;
598;2015.01.1.075248-0;TJDFT;1;100000.0;7;;;f;0;;;;1375;;2015-11-11 20:04:19.353;2018-08-28 18:32:12.581371;;;;
599;2015.01.1.067974-3;TJDFT;1;37200.0;7;;;f;0;;;;1375;;2015-11-11 20:06:30.94;2018-08-28 18:32:27.723799;;;;
600;2015.01.1.085908-0;TJDFT;1;80000.0;1;;;f;0;;;;1375;;2015-11-11 20:08:38.767;2018-08-28 18:32:42.990816;;;;
601;2015.01.1.064353-0;TJDFT;1;100000.0;7;;;f;0;;;;1375;;2015-11-11 20:10:47.03;2018-08-28 18:32:55.890053;;;;
602;2015.01.1.106425-8;TJDFT;1;100000.0;1;;;f;0;;;;1375;;2015-11-11 20:14:28.74;2018-08-28 18:33:17.713868;;;;
605;2015.01.1.075255-3;TJDFT;1;65000.0;7;;;f;0;;;;1375;;2015-11-11 20:20:54.797;2018-08-28 18:33:57.315812;;;;
606;2015.01.1.107485-3;TJDFT;1;80000.0;1;;;f;0;;;;1375;;2015-11-11 20:23:26.413;2018-08-28 18:34:18.565758;;;;
608;2015.01.1.127081-6;TJDFT;3;1000.0;6;;;f;0;;;;1375;;2015-11-17 16:47:07.043;2018-08-28 18:34:33.231587;;;;
610;2015.01.1.097845-7;TJDFT;1;80000.0;5;;;f;0;;;;1375;;2015-11-17 16:53:21.167;2018-08-28 18:34:51.270437;;;;
611;2015.01.1.094757-2;TJDFT;1;80000.0;7;;;f;0;;;;1375;;2015-11-17 16:56:11.533;2018-08-28 18:35:03.764665;;;;
571;2015.01.1.071507-6;TJDFT;15;80000.0;8;;;f;0;;;;1375;;2015-10-20 20:23:26.293;2018-09-28 12:07:42.729355;;;;
579;0000245-63.2013.5.15.0082;TSTT;32;100.0;14;;;f;0;;;;1375;;2015-10-29 18:50:22.593;2018-11-27 13:29:26.699791;;;;
592;0001742-04.2015.5.10.0011;TRT1;32;1000.0;49;;;t;0;;;392-014.367/2015;1375;;2015-11-10 19:59:44.12;2018-12-12 19:41:23.171221;;;;
621;0002016-40.2014.8.07.0009;TJDFT;10;230000.0;6;;;t;0;;;;1375;;2015-11-23 18:06:00.667;2019-01-23 14:05:59.828855;;;;
625;0725039-16.2015.8.07.0016;TJDFT;9;15760.0;55;;;t;0;;;;1375;;2015-11-23 18:17:11.3;2016-10-06 21:33:48.144008;;;;
627;2015.01.1.123953-0;TJDFT;1;65000.0;6;;;t;0;;;;1375;;2015-11-26 20:21:55.737;2016-10-06 21:33:48.176016;;;;
630;2014.09.1.003197-3;TJDFT;10;60000.0;16;;;f;0;;;;1375;;2015-11-26 20:28:31.527;2016-10-06 21:33:48.230451;;;;
637;0724930-02.2015.8.07.0016;TJDFT;9;20000.0;55;;;f;0;;;;1375;;2015-12-02 19:00:31.253;2016-10-06 21:33:48.380363;;;;
638;2015.00.2.023749-0;TJDFT;38;100.0;11;;;t;0;;;;1375;;2015-12-03 17:08:33.643;2016-10-06 21:33:48.400182;;;;
639;2015.00.2.031514-5;TJDFT;38;100.0;3;;;t;0;;;;1375;;2015-12-03 17:10:41.61;2016-10-06 21:33:48.41846;;;;
642;2015.07.015069-3;TJDFT;9;25080.0;57;;;t;0;;;;1375;;2015-12-04 18:09:28.05;2016-10-06 21:33:48.478823;;;;
643;2015.01.1.076584-3;TJDFT;9;734093.8;4;;;t;0;;;;1375;;2015-12-07 19:15:28.067;2016-10-06 21:33:48.498037;;;;
649;2015.00.2.032490-6;TJDFT;38;100.0;12;;;t;0;;;;1375;;2015-12-17 12:14:22.963;2016-10-06 21:33:48.620318;;;;
650;2015.00.2.032322-9;TJDFT;38;100.0;12;;;t;0;;;;1375;;2015-12-17 12:28:08.57;2016-10-06 21:33:48.642264;;;;
653;0729000-62.2015.8.07.0016;TJDFT;9;20000.0;27;;;t;0;;;;1375;;2015-12-17 16:18:03.937;2016-10-06 21:33:48.706735;;;;
656;0;CODHAB;37;;1;34;521;f;0;;;102-001.190/1969;1375;2;2015-04-14 22:04:24.377;2016-10-06 21:33:48.7708;;;;
5748;2016.01.1.116544-2;SEXTA VARA DA FAZENDA P脷BLICA;1;100.0;6;;;t;0;;0.0;;1436;;2017-01-19 17:04:30.202042;2017-01-19 17:04:30.202042;;;;
647;0705886-83.2018.8.07.0018;TJDFT;1;80000.0;7;;;t;0;;;;1375;;2015-12-14 17:27:31.677;2018-08-01 12:44:26.219014;;;;
644;2015.01.1.135216-9;TJDFT;1;80000.0;5;;;f;0;;;;1375;;2015-12-07 19:45:47.537;2018-08-28 17:31:33.649877;;;;
645;2013.04.1.004602-3;TJDFT;30;109148.54;58;;;f;0;;;;1375;;2015-12-09 19:34:30.297;2018-08-28 17:32:10.01321;;;;
646;2015.01.1.126371-9;TJDFT;1;80000.0;7;;;f;0;;;;1375;;2015-12-09 19:37:38.077;2018-08-28 17:32:41.058082;;;;
651;2015.01.1.124529-8;TJDFT;1;80000.0;8;;;f;0;;;;1375;;2015-12-17 16:13:25.053;2018-08-28 17:34:04.364502;;;;
652;2015.01.1.127765-9;TJDFT;26;1000.0;9;;;f;0;;;;1375;;2015-12-17 16:15:52.073;2018-08-28 17:35:37.7573;;;;
654;2015.01.1.101224-8;TJDFT;37;0.0;6;;;f;0;;;;1375;;2015-12-17 16:20:32.043;2018-08-28 17:36:12.973565;;;;
626;2015.01.1.129986-7;TJDFT;3;1000.0;3;;;f;0;;;;1375;;2015-11-26 20:15:36.637;2018-08-28 18:00:40.628254;;;;
628;2015.01.1.123958-9;TJDFT;1;80000.0;1;;;f;0;;;;1375;;2015-11-26 20:24:23.987;2018-08-28 18:01:50.319142;;;;
629;2015.01.1.129334-4;TJDFT;1;100000.0;3;;;f;0;;;;1375;;2015-11-26 20:26:22.733;2018-08-28 18:19:20.641627;;;;
631;2015.01.1.130806-8;TJDFT;1;100000.0;3;;;f;0;;;;1375;;2015-11-26 20:31:32.707;2018-08-28 18:19:46.175499;;;;
633;2015.01.1.074798-4;TJDFT;1;130000.0;6;;;f;0;;;;1375;;2015-11-26 20:35:33.293;2018-08-28 18:20:25.981982;;;;
634;2015.01.1.130811-5;TJDFT;1;80000.0;5;;;f;0;;;;1375;;2015-11-26 20:38:14.177;2018-08-28 18:20:42.895858;;;;
635;2015.01.1.094231-7;TJDFT;1;27000.0;8;;;f;0;;;;1375;;2015-12-02 18:56:09.077;2018-08-28 18:20:55.935911;;;;
636;2015.01.1.124517-7;TJDFT;1;80000.0;4;;;f;0;;;;1375;;2015-12-02 18:58:19.387;2018-08-28 18:21:22.917971;;;;
640;2015.01.1.128797-3;TJDFT;1;80000.0;1;;;f;0;;;;1375;;2015-12-04 18:01:00.733;2018-08-28 18:21:46.30957;;;;
641;2015.06.1.000183-4;TJDFT;30;160000.0;56;;;f;0;;;;1375;;2015-12-04 18:04:09.497;2018-08-28 18:22:09.942094;;;;
655;0;DIFIN;37;;1;34;1373;f;0;;;102-000.590/1972;1375;2;2015-11-09 18:40:35.83;2018-09-28 12:18:01.099693;;;;
658;0;DIFIN;37;;1;34;1373;f;0;;;102-003.945/1985;1375;2;2015-10-05 20:39:30.437;2018-10-02 14:24:36.948485;;;;
659;0;CODHAB;37;;1;34;1373;f;0;;;102-003.945/1985;1436;2;2015-08-27 20:50:27.777;2018-10-02 14:24:42.070784;;;;
660;0;CODHAB;37;;1;34;1373;f;0;;;102-003.945/1985;1436;2;2015-08-27 20:50:29.837;2018-10-02 14:24:47.538651;;;;
662;0;CODHAB;37;;1;34;1399;f;0;;;102-004.105/1985;1436;2;2015-08-27 20:51:21.847;2018-10-02 14:24:54.696526;;;;
663;0;CODHAB;37;;1;34;1399;f;0;;;102-004.310/1985;1375;2;2015-08-13 18:09:55.777;2018-10-02 14:25:00.550807;;;;
664;0;DIFIN;37;;1;34;1399;f;0;;;102-004.774/1985;1375;2;2015-11-05 17:59:49.183;2018-10-02 14:25:08.347783;;;;
665;0;CODHAB;37;;1;34;1399;f;0;;;102-005.321/1985;1375;2;2015-09-08 20:35:44.917;2018-10-02 14:25:13.689213;;;;
666;0;CODHAB;37;;1;34;1438;f;0;;;102-005.861/1985;1375;2;2015-07-10 19:56:33.783;2018-10-02 14:25:18.332384;;;;
667;0;CODHAB;37;;1;34;1399;f;0;;;102-006.497/1985;1375;2;2015-07-10 19:59:33.513;2018-10-02 14:25:23.825236;;;;
668;0;CODHAB;37;;1;34;1373;f;0;;;102-012.306/1985;1436;2;2015-08-27 20:49:06.36;2018-10-02 14:25:28.979113;;;;
669;0;CODHAB;37;;1;34;1373;f;0;;;102-012.306/1985;1436;2;2015-08-27 20:49:17.39;2018-10-02 14:25:33.889137;;;;
670;0;DIFIN;37;;1;34;1373;f;0;;;102-012.306/1985;1375;2;2015-10-05 20:33:15.983;2018-10-02 14:26:21.782865;;;;
671;0;DIFIN;37;;1;34;1373;f;0;;;102-017.506/1986;1375;2;2015-10-05 20:36:52.53;2018-10-02 14:26:26.865597;;;;
648;0702494-04.2019.8.07.0018;TJDFT;1;100000.0;6;;;t;0;;;;1375;;2015-12-14 17:30:04.277;2019-03-22 18:02:29.942204;;;;
685;0;CODHAB;37;;1;34;1375;f;0;;;102-048.383/1989;1375;2;2015-05-07 17:29:20.98;2016-10-06 21:33:49.243207;;;;
686;0;CODHAB;37;;1;34;1375;f;0;;;102-048.383/1989;1375;2;2015-05-14 12:03:43.247;2016-10-06 21:33:49.253453;;;;
687;0;CODHAB;37;;1;34;1375;f;0;;;102-048.383/1989;1375;2;2015-05-14 12:01:24.11;2016-10-06 21:33:49.263954;;;;
688;0;CODHAB;37;;1;34;1375;f;0;;;102-048.384/1989;1375;2;2015-05-14 12:02:32.767;2016-10-06 21:33:49.273512;;;;
689;0;CODHAB;37;;1;34;1375;f;0;;;102-048.384/1989;1375;2;2015-05-07 17:30:23.567;2016-10-06 21:33:49.283268;;;;
690;0;CODHAB;37;;1;34;1375;f;0;;;102-048.385/1989;1375;2;2015-05-07 17:28:11.183;2016-10-06 21:33:49.293254;;;;
691;0;CODHAB;37;;1;34;1375;f;0;;;102-048.385/1989;1375;2;2015-05-14 12:07:44.547;2016-10-06 21:33:49.302489;;;;
697;0;CODHAB;37;;1;34;521;f;0;;;102-079.776/1992;1375;2;2015-04-17 13:49:15.537;2016-10-06 21:33:49.360969;;;;
698;0;CODHAB;37;;1;4;1375;f;0;;;102-084.256/1992;1375;2;2015-07-29 17:41:09.627;2018-09-28 11:39:28.468254;;;;
695;0;DIFIN;37;;1;34;1375;f;0;;;102-069.700/1976;1375;2;2015-12-14 17:31:25.803;2018-09-28 11:49:20.872195;;;;
672;0;DIFIN;37;;1;34;1373;f;0;;;102-017.506/1986;1375;2;2015-10-05 20:38:10.517;2018-10-02 14:34:08.625095;;;;
673;0;CODHAB;37;;1;34;1373;f;0;;;102-017.506/1986;1375;2;2015-08-24 18:06:45.58;2018-10-02 14:34:15.170028;;;;
674;0;CODHAB;37;;1;34;1399;f;0;;;102-020.404/1986;1375;2;2015-08-24 18:07:46.437;2018-10-02 14:34:21.119804;;;;
675;0;CODHAB;37;;1;34;1375;f;0;;;102-022.428/1975;1375;2;2015-07-24 15:47:27.213;2018-10-02 14:34:26.87215;;;;
676;0;CODHAB;37;;1;34;1399;f;0;;;102-029.332/1975;1375;2;2015-09-01 20:35:36.17;2018-10-02 14:34:33.170116;;;;
677;0;CODHAB;37;;1;34;1399;f;0;;;102-038.727/1987;1436;2;2015-08-27 20:54:14.183;2018-10-02 14:34:38.871781;;;;
678;0;DIFIN;37;;1;34;1438;f;0;;;102-043.401/1989;1375;2;2015-11-05 18:01:28.4;2018-10-02 14:34:44.584194;;;;
679;0;DIFIN;37;;1;34;1438;f;0;;;102-044.879/1989;1375;2;2015-09-23 21:05:50.417;2018-10-02 14:34:50.45385;;;;
680;0;CODHAB;37;;1;34;1438;f;0;;;102-045.117/1989;1375;2;2015-07-10 19:57:58.507;2018-10-02 14:34:57.443405;;;;
681;0;CODHAB;37;;1;34;1438;f;0;;;102-045.296/1989;1375;2;2015-08-24 18:04:39.487;2018-10-02 14:35:03.830673;;;;
682;0;CODHAB;37;;1;34;1375;f;0;;;102-045.362/1989;1375;2;2015-08-06 18:34:55.663;2018-10-02 14:35:11.817007;;;;
684;0;CODHAB;37;;1;34;1375;f;0;;;102-046.920/1989;1375;2;2015-09-03 20:17:41.277;2018-10-02 14:35:17.422212;;;;
692;0;CODHAB;37;;1;34;1375;f;0;;;102-063.206/1976;1436;2;2015-08-27 20:55:39.187;2018-10-02 14:37:14.177547;;;;
693;0;CODHAB;37;;1;34;1438;f;0;;;102-066.473/1976;1375;2;2015-05-04 17:00:08.673;2018-10-02 14:37:24.504933;;;;
701;0;CODHAB;37;;1;34;1399;f;0;;;102-093.361/1977;1375;2;2015-05-14 20:57:18.52;2018-10-02 14:37:36.388281;;;;
696;0;DIFIN;37;;1;34;1399;f;0;;;102-071.942/1992;1375;2;2015-12-02 19:12:43.977;2018-10-02 14:37:56.392791;;;;
699;0;DIMOB;37;;1;34;1375;f;0;;;102-084.256/1992;1375;2;2015-11-19 19:52:56.07;2018-10-02 14:38:06.827236;;;;
700;0;CODHAB;37;;1;34;1399;f;0;;;102-093.361/1977;1375;2;2015-05-14 20:28:30.583;2018-10-02 14:38:16.423875;;;;
702;0;CODHAB;37;;1;34;1438;t;0;;;102-095.034/1977;1375;2;2015-08-24 18:02:55.2;2016-10-06 21:33:49.408945;;;;
703;0;CODHAB;37;;1;34;1438;t;0;;;102-097.424/1977;1375;2;2015-07-30 19:05:17.15;2016-10-06 21:33:49.418258;;;;
704;0;CODHAB;37;;1;34;1399;t;0;;;102-097.439/1977;1375;2;2015-07-30 19:03:49.243;2016-10-06 21:33:49.427297;;;;
705;0;DIFIN;37;;1;34;514;t;0;;;102-099.203/1977;1375;2;2015-12-18 14:28:05.003;2016-10-06 21:33:49.436945;;;;
707;0;DIREG;37;;1;34;1438;t;0;;;102-128.478/1998;1375;2;2015-09-29 21:31:13.443;2016-10-06 21:33:49.456693;;;;
708;0;DIFIN;37;;1;34;1375;t;0;;;102-132.592/1978;1375;2;2015-09-23 21:03:07.987;2016-10-06 21:33:49.465791;;;;
710;0;CODHAB;37;;1;34;521;f;0;;;102-136.456/1978;1375;2;2015-04-14 21:59:43.433;2016-10-06 21:33:49.485078;;;;
711;0;CODHAB;37;;1;34;1375;t;0;;;102-137.691/1978;1375;2;2015-08-06 18:33:42.107;2016-10-06 21:33:49.494082;;;;
713;0;CODHAB;37;;1;34;1375;t;0;;;102-152.463/1998;1375;2;2015-08-11 19:01:04.603;2016-10-06 21:33:49.514186;;;;
714;0;CODHAB;37;;1;34;1375;t;0;;;102-152.619/1998;1375;2;2015-07-10 19:03:14.293;2016-10-06 21:33:49.523749;;;;
715;0;CODHAB;37;;1;34;1438;t;0;;;102-157.190/1998;1375;2;2015-09-03 20:19:15.313;2016-10-06 21:33:49.533923;;;;
716;0;DIREG;37;;1;34;521;f;0;;;102-157.190/1998;1375;2;2015-10-27 12:38:03.267;2016-10-06 21:33:49.543751;;;;
717;0;DIFIN;37;;1;34;1375;t;0;;;102-157.791/1979;1375;2;2015-10-05 20:29:54.743;2016-10-06 21:33:49.55321;;;;
718;0;CODHAB;37;;1;34;1399;t;0;;;102-163.462/1999;1375;2;2015-08-19 18:31:52.273;2016-10-06 21:33:49.562434;;;;
719;0;CODHAB;37;;1;34;521;f;0;;;102-171.518/1979;1375;2;2015-04-14 21:57:07.653;2016-10-06 21:33:49.571657;;;;
721;0;CODHAB;37;;1;34;1375;t;0;;;102-172.972/2000;1375;2;2015-06-22 17:39:29.063;2016-10-06 21:33:49.589935;;;;
722;0;CODHAB;37;;1;26;1438;t;0;;;102-181.090/2000;1375;2;2015-09-01 20:31:36.72;2016-10-06 21:33:49.599314;;;;
723;0;CODHAB;37;;1;34;1375;t;0;;;102-182.079/2000;1375;2;2015-08-05 21:27:50.03;2016-10-06 21:33:49.608854;;;;
724;0;CODHAB;37;;1;34;1375;t;0;;;102-182.079/2000;521;2;2015-05-12 18:12:12.097;2016-10-06 21:33:49.618053;;;;
725;0;CODHAB;37;;1;34;1438;t;0;;;102-222.701/1982;1375;2;2015-09-01 20:33:32.383;2016-10-06 21:33:49.628715;;;;
726;0;CODHAB;37;;1;34;1373;t;0;;;102-236.022/1983;1375;2;2015-07-10 19:51:40.613;2016-10-06 21:33:49.638201;;;;
728;0;DIFIN;37;;1;34;1373;t;0;;;102-237.054/1983;1375;2;2015-10-05 20:34:33.157;2016-10-06 21:33:49.657819;;;;
729;0;CODHAB;37;;1;34;1375;t;0;;;260-006.211/2000;521;2;2015-05-26 11:31:18.26;2016-10-06 21:33:49.667455;;;;
730;0;CODHAB;37;;1;34;1375;f;0;;;260-019.710/2002;1375;2;2015-05-14 11:58:31.277;2016-10-06 21:33:49.676928;;;;
731;0;CODHAB;37;;1;34;1375;t;0;;;260-026.030/2002;1375;2;2015-06-22 18:28:10.277;2016-10-06 21:33:49.686775;;;;
732;0;TRT10;37;;1;34;1375;t;0;;;260-031.804/2003;1375;2;2015-06-16 12:49:06.673;2016-10-06 21:33:49.696169;;;;
709;0;DIREG;37;;1;34;1438;f;0;;;102-134.328/1998;1375;2;2015-10-07 20:33:50.627;2018-09-28 12:08:40.52116;;;;
727;0;CODHAB;37;;1;34;1373;f;0;;;102-237.054/1983;1375;2;2015-08-24 18:05:46.55;2018-09-28 12:24:23.286231;;;;
712;0;DIFIN;37;;1;34;1399;f;0;;;102-142.262/1979;1375;2;2015-09-23 21:00:48.21;2018-09-28 12:31:20.247042;;;;
720;0;CODHAB;37;;1;34;1399;f;0;;;102-172.673/1979;1375;2;2015-09-15 21:26:51.17;2018-09-28 12:31:51.539356;;;;
734;0;CODHAB;37;;1;34;1375;t;0;;;390-000.427/2007;1375;2;2015-06-23 18:30:22.37;2016-10-06 21:33:49.7159;;;;
735;0;CODHAB;37;;1;34;1375;t;0;;;390-000.435/2007;1375;2;2015-06-25 16:41:21.353;2016-10-06 21:33:49.72563;;;;
736;0;CODHAB;37;;1;34;1375;t;0;;;390-000.441/2007;1375;2;2015-06-26 15:05:03.54;2016-10-06 21:33:49.735093;;;;
737;0;DIMOB;37;;1;4;521;f;0;;;390-002.343/2007;1375;2;2015-11-09 18:39:41.543;2016-10-06 21:33:49.745629;;;;
738;0;CODHAB;37;;1;4;521;f;0;;;392-000.463/2011;1375;2;2015-04-23 19:04:13.793;2016-10-06 21:33:49.756095;;;;
739;0;CODHAB;37;;1;4;1399;t;0;;;392-002.244/2010;1375;2;2015-08-25 19:50:42.137;2016-10-06 21:33:49.765979;;;;
740;0;CODHAB;37;;1;2;1375;t;0;;;392-003.702/2010;521;2;2015-06-09 20:55:16.283;2016-10-06 21:33:49.775903;;;;
741;0;CODHAB;37;;1;34;1375;t;0;;;392-004.842/2009;521;2;2015-06-09 20:48:10.367;2016-10-06 21:33:49.786218;;;;
742;0;CODHAB;37;;1;4;1436;t;0;;;392-005.185/2009;1375;2;2015-05-19 18:57:05.18;2016-10-06 21:33:49.799399;;;;
743;0;CODHAB;37;;1;4;1438;t;0;;;392-005.274/2010;1375;2;2015-09-08 20:33:21.973;2016-10-06 21:33:49.809264;;;;
744;0;CODHAB;37;;1;4;1373;t;0;;;392-005.274/2010;1375;2;2015-09-04 18:22:54.813;2016-10-06 21:33:49.81944;;;;
745;0;CODHAB;37;;1;4;1375;t;0;;;392-005.627/2010;1375;2;2015-09-14 21:02:46.15;2016-10-06 21:33:49.829289;;;;
747;0;CODHAB;37;;1;4;1375;t;0;;;392-007.887/2010;1375;2;2015-07-24 15:46:06.437;2016-10-06 21:33:49.848035;;;;
748;0;CODHAB;37;;1;4;1438;t;0;;;392-009.949/2010;1375;2;2015-08-25 19:48:12.38;2016-10-06 21:33:49.859281;;;;
749;0;CODHAB;37;;1;34;1438;t;0;;;392-010.730/2010;1436;2;2015-08-27 20:57:04.787;2016-10-06 21:33:49.871476;;;;
750;0;DIREG;37;;1;34;1373;t;0;;;392-011.393/2009;1375;2;2015-09-28 20:59:16.197;2016-10-06 21:33:49.883443;;;;
751;0;CODHAB;37;;1;4;1438;t;0;;;392-011.842/2009;1375;2;2015-08-25 19:42:17.837;2016-10-06 21:33:49.894139;;;;
752;0;CODHAB;37;;1;4;1399;t;0;;;392-012.865/2009;1375;2;2015-09-04 18:15:32.877;2016-10-06 21:33:49.905182;;;;
753;0;CODHAB;37;;1;34;1375;f;0;;;392-014.461/2009;521;2;2015-06-09 20:49:17.357;2016-10-06 21:33:49.915519;;;;
754;0;CODHAB;37;;1;4;1373;t;0;;;392-016.887/2009;1375;2;2015-08-25 19:49:17.293;2016-10-06 21:33:49.92496;;;;
755;0;CODHAB;37;;1;32;1375;t;0;;;392-004.163/2012;1375;2;2015-05-14 12:31:16.21;2016-10-06 21:33:49.935751;;;;
756;0;CODHAB;37;;1;1;1373;t;0;;;392-011.301/2012;521;2;2015-05-25 20:51:52.107;2016-10-06 21:33:49.946651;;;;
757;0;CODHAB;37;;1;4;1375;t;0;;;392-014.290/2012;1375;2;2015-09-04 18:26:56.1;2016-10-06 21:33:49.956142;;;;
758;0;AUDIN;37;;1;34;521;f;0;;;392-018.089/2012;1375;2;2015-11-13 19:44:03.95;2016-10-06 21:33:49.966235;;;;
759;0;CODHAB;37;;1;4;1438;t;0;;;392-019.096/2012;1375;2;2015-08-18 19:20:18.483;2016-10-06 21:33:49.976575;;;;
760;0;CODHAB;37;;1;34;521;f;0;;;392-024.037/2012;1375;2;2015-04-15 15:08:17.827;2016-10-06 21:33:49.986166;;;;
761;0;CODHAB;37;;1;4;521;f;0;;;392-001.863/2013;1375;2;2015-04-24 20:03:50.343;2016-10-06 21:33:49.995757;;;;
763;0;DIMOB;37;;1;34;1399;t;0;;;392-003.210/2013;1375;2;2015-10-14 21:39:15.057;2016-10-06 21:33:50.017523;;;;
762;0;DIMOB;37;;1;4;1399;f;0;;;392-001.935/2013;1375;2;2015-09-28 20:57:56.137;2018-09-28 12:28:49.666531;;;;
746;0;DIMOB;37;;1;34;1375;f;0;;;392-007.887/2010;1375;2;2015-09-23 21:02:05.133;2018-09-28 12:31:04.141474;;;;
764;0;DIMOB;37;;1;34;521;f;0;;;392-003.210/2013;1375;2;2015-10-15 14:47:32.057;2016-10-06 21:33:50.0275;;;;
765;0;codhab;37;;1;34;1375;t;0;;;392-003.252/2013;521;2;2015-05-14 10:28:36.187;2016-10-06 21:33:50.037626;;;;
767;0;CODHAB;37;;1;4;1375;t;0;;;392-011.350/2013;1375;2;2015-05-11 20:51:40.223;2016-10-06 21:33:50.056737;;;;
768;0;CODHAB;37;;1;4;521;f;0;;;392-011.783/2013;1375;2;2015-04-14 22:02:05.927;2016-10-06 21:33:50.066043;;;;
769;0;CODHAB;37;;1;34;521;f;0;;;392-012.765/2013;1375;2;2015-04-14 12:20:27.287;2016-10-06 21:33:50.07548;;;;
770;0;DIMOB;37;;1;4;1373;t;0;;;392-012.765/2013;1375;2;2015-09-04 18:51:08.537;2016-10-06 21:33:50.084392;;;;
771;0;DIMOB;37;;1;4;1375;t;0;;;392-016.421/2013;1375;2;2015-10-20 20:18:45.27;2016-10-06 21:33:50.094474;;;;
772;0;CODHAB;37;;1;4;521;f;0;;;392-024.053/2013;1375;2;2015-04-14 12:25:33.517;2016-10-06 21:33:50.104486;;;;
773;0;CODHAB;37;;1;32;1373;t;0;;;392-026.412/2013;1375;2;2015-05-19 19:03:28.31;2016-10-06 21:33:50.114809;;;;
774;0;CODHAB;37;;1;32;1373;t;0;;;392-026.466/2013;1375;2;2015-05-22 19:12:06.287;2016-10-06 21:33:50.124416;;;;
775;0;DIMOB;37;;1;4;521;f;0;;;392-031.177/2013;1375;2;2015-10-27 12:43:25.977;2016-10-06 21:33:50.134922;;;;
776;0;CODHAB;37;;1;34;1438;t;0;;;392-039.985/2013;1375;2;2015-09-09 20:47:37.987;2016-10-06 21:33:50.144309;;;;
777;2013.00.2.022888-2;2陋 TC;1;;11;14;805;f;0;;;777-005.083/2013;499;3;2013-09-27 13:26:21.803;2016-10-06 21:33:50.154697;;;;
778;248/2013;TJDFT;12;;16;3;514;f;0;;;777-005.085/2013;499;1;2013-09-27 13:59:42.653;2016-10-06 21:33:50.163082;;;;
779;55145/96;TJDFT;8;;17;14;739;f;0;;;777-005.237/2013;499;3;2013-10-03 20:20:55.047;2016-10-06 21:33:50.174947;;;;
781;2013.01.1.076664-9;TJDFT;10;;9;14;739;f;0;;;777-005.239/2013;499;3;2013-10-03 20:49:29.153;2016-10-06 21:33:50.195893;;;;
783;2013.01.1.058734-0;TJDFT;1;;4;14;739;f;0;;;777-005.241/2013;499;3;2013-10-03 20:53:02.703;2016-10-06 21:33:50.213456;;;;
785;2010.03.1.022123-5;TJDFT;30;;17;62;739;f;0;;;777-005.243/2013;499;;2013-10-03 20:55:23.563;2016-10-06 21:33:50.231635;;;;
788;2011.01.1.168768-8;TJDFT;6;;3;62;739;f;0;;;777-005.246/2013;499;;2013-10-03 20:59:46.007;2016-10-06 21:33:50.261922;;;;
790;390.000.440/2007;CODHAB/DF;16;;16;1;739;f;0;;;777-005.248/2013;499;;2013-10-03 21:01:51.727;2016-10-06 21:33:50.281083;;;;
791;2012.01.1.190607-9;TJDFT;16;;8;14;739;f;0;;;777-005.249/2013;499;3;2013-10-03 21:02:57.587;2016-10-06 21:33:50.290895;;;;
792;2012.01.1.197546-8;TJDFT;16;;8;14;739;f;0;;;777-005.250/2013;499;3;2013-10-03 21:04:39.183;2016-10-06 21:33:50.299906;;;;
793;2012.01.1.197543-5;TJDFT;16;;8;14;739;f;0;;;777-005.251/2013;499;3;2013-10-03 21:06:08.17;2016-10-06 21:33:50.310359;;;;
794;2011.01.1.082793-0;TJDFT;30;;3;14;739;f;0;;;777-005.252/2013;499;3;2013-10-03 21:07:52.763;2016-10-06 21:33:50.319961;;;;
795;2012.01.1.188919-0;TJDFT;16;;1;14;739;f;0;;;777-005.253/2013;499;3;2013-10-03 21:09:03.983;2016-10-06 21:33:50.328917;;;;
780;115233-6/12;TJDFT;22;;9;62;739;f;0;;;777-005.238/2013;499;;2013-10-03 20:47:54.727;2018-06-12 14:06:09.113449;;;;
786;390.000.421/2007;CODHAB/DF;16;;16;1;1248;f;0;;;777-005.244/2013;499;;2013-10-03 20:56:53.473;2018-09-27 20:03:50.676727;;;;
782;33132-2/13;TJDFT;1;90000.0;8;62;739;f;0;;;777-005.240/2013;499;;2013-10-03 20:51:12.107;2018-06-12 14:40:07.723317;;;;
787;390.000.420/2007;CODHAB/DF;16;;16;1;739;f;0;;;777-005.245/2013;499;;2013-10-03 20:58:14.41;2018-09-27 20:04:19.450397;;;;
766;0;DIMOB;37;;1;4;1399;f;0;;;392-010.799/2013;1375;2;2015-10-05 20:41:37.327;2018-09-28 12:26:54.681802;;;;
796;2013.01.1.121344-5;TJDFT;1;;7;14;739;f;0;;;777-005.254/2013;499;3;2013-10-03 21:19:07.027;2016-10-06 21:33:50.338277;;;;
797;2013.01.1.013925-8;TJDFT;1;;7;14;739;f;0;;;777-005.255/2013;499;3;2013-10-03 21:20:07.357;2016-10-06 21:33:50.347333;;;;
798;2013.01.1.049448-9;TJDFT;1;;4;14;739;f;0;;;777-005.256/2013;499;3;2013-10-03 21:21:29.31;2016-10-06 21:33:50.356527;;;;
799;2013.01.1.051274-8;TJDFT;1;;4;14;739;f;0;;;777-005.257/2013;499;3;2013-10-03 21:23:31.937;2016-10-06 21:33:50.365603;;;;
800;2013.01.1.135192-4;TJDFT;1;;7;14;739;f;0;;;777-005.258/2013;499;3;2013-10-03 21:24:39.627;2016-10-06 21:33:50.375373;;;;
801;2013.01.1.130999-9;TJDFT;1;;6;14;739;f;0;;;777-005.259/2013;499;3;2013-10-03 21:26:25.097;2016-10-06 21:33:50.38505;;;;
802;2013.00.2.022044-2;TJDFT;38;;14;14;739;f;0;;;777-005.260/2013;499;3;2013-10-03 21:28:25.253;2016-10-06 21:33:50.394218;;;;
803;2013.01.1.099501-0;TJDFT;1;;4;14;739;f;0;;;777-005.261/2013;499;3;2013-10-03 21:29:28.363;2016-10-06 21:33:50.402998;;;;
804;2013.01.1.104518-2;TJDFT;1;;4;14;739;f;0;;;777-005.262/2013;499;3;2013-10-03 21:30:25.037;2016-10-06 21:33:50.412482;;;;
805;2013.01.1.105326-6;TJDFT;1;;1;14;739;f;0;;;777-005.263/2013;499;3;2013-10-03 21:31:49.273;2016-10-06 21:33:50.422147;;;;
807;2011.01.1.038471-6;TJDFT;10;;7;14;739;f;0;;;777-005.265/2013;499;3;2013-10-03 21:33:59.37;2016-10-06 21:33:50.440991;;;;
808;2012.01.1.109874-2;TJDFT;37;;3;62;739;f;0;;;777-005.266/2013;499;;2013-10-03 21:35:43.557;2016-10-06 21:33:50.451517;;;;
809;2013.01.1.067220-5;TJDFT;1;;3;14;739;f;0;;;777-005.267/2013;499;3;2013-10-03 21:36:52.23;2016-10-06 21:33:50.462237;;;;
810;2012.01.1.197943-8;TJDFT;1;;3;14;739;f;0;;;777-005.268/2013;499;3;2013-10-03 21:38:01.733;2016-10-06 21:33:50.472193;;;;
811;2012.01.1.195991-8;TJDFT;1;;3;14;739;f;0;;;777-005.269/2013;499;3;2013-10-03 21:39:30.78;2016-10-06 21:33:50.482286;;;;
812;2012.01.1.196001-9;TJDFT;1;;4;14;739;f;0;;;777-005.270/2013;499;3;2013-10-03 21:40:30.937;2016-10-06 21:33:50.491811;;;;
813;2013.01.1.125816-5;TJDFT;1;;3;14;739;f;0;;;777-005.271/2013;499;3;2013-10-03 21:41:28.237;2016-10-06 21:33:50.500896;;;;
815;2010.01.1.213831-9;TJDFT;1;;3;62;739;f;0;;;777-005.273/2013;499;;2013-10-03 21:44:00.63;2016-10-06 21:33:50.521659;;;;
816;2013.01.1.126507-8;TJDFT;1;;2;14;524;f;0;;;777-005.316/2013;499;3;2013-10-08 11:13:15.79;2016-10-06 21:33:50.531373;;;;
817;2013.01.1.139481-5;TJDFT;1;;1;14;739;f;0;;;777-005.317/2013;499;3;2013-10-08 11:16:02.697;2016-10-06 21:33:50.541709;;;;
818;2013.01.1.133814-6;TJDFT;1;;1;14;739;f;0;;;777-005.318/2013;499;3;2013-10-08 11:17:31.637;2016-10-06 21:33:50.550577;;;;
819;2013.01.1.142111-7;TJDFT;1;;8;14;805;f;0;;;777-005.319/2013;499;3;2013-10-08 11:18:51.513;2016-10-06 21:33:50.560045;;;;
820;2013.01.1.018632-6;TJDFT;10;;2;14;805;f;0;;;777-005.320/2013;499;3;2013-10-08 11:21:17.483;2016-10-06 21:33:50.569337;;;;
822;2012.01.1.179298-6;TJDFT;10;;17;14;805;f;0;;;777-005.323/2013;499;3;2013-10-08 11:26:35.797;2016-10-06 21:33:50.587486;;;;
823;2013.01.1.143229-9;TJDFT;10;;2;14;805;f;0;;;777-005.325/2013;499;3;2013-10-08 11:28:01.8;2016-10-06 21:33:50.597096;;;;
824;2013.01.1.090045-7;TJDFT;1;;5;14;867;f;0;;;777-005.326/2013;499;3;2013-10-08 11:29:08.427;2016-10-06 21:33:50.60685;;;;
825;2012.01.1.198521-9;TJDFT;16;;2;14;867;f;0;;;777-005.328/2013;499;3;2013-10-08 11:30:28.787;2016-10-06 21:33:50.616725;;;;
826;2011.06.1.013951-9;TJDFT;23;;2;14;867;f;0;;;777-005.330/2013;499;3;2013-10-08 11:32:53.6;2016-10-06 21:33:50.626119;;;;
821;2007.01.1.121040-9;TJDFT;30;500.0;7;14;805;t;0;;;777-005.322/2013;499;3;2013-10-08 11:25:12.377;2018-06-12 14:46:04.097137;;;;
806;2013.01.080335-3;TJDFT;1;181000.0;4;14;739;f;0;;;777-005.264/2013;499;3;2013-10-03 21:32:58.867;2018-06-12 14:44:12.302153;;;;
814;1999.01.1.030572-6;TJDFT;11;17003.04;5;62;739;f;0;;;777-005.272/2013;499;;2013-10-03 21:42:57.377;2018-06-12 16:21:05.396963;;;;
5751;0038735-23.2016.8.07.0018;"VARA DO MEIO AMBIENTE, DESENVOLVIMENTO URBANO E FUNDI脕RIO ";35;2000000.0;9;;;t;0;;0.0;;1436;;2017-01-20 12:08:40.451847;2019-03-28 19:34:40.678207;;;;
828;2013.01.1.142341-0;TJDFT;1;;2;14;867;f;0;;;777-005.333/2013;499;3;2013-10-08 11:38:02.14;2016-10-06 21:33:50.644964;;;;
830;1999.01.1.084336-4;TJDFT;11;;4;62;805;f;0;;;777-005.337/2013;499;;2013-10-08 12:13:51.153;2016-10-06 21:33:50.663515;;;;
831;2012.01.1.183587-5;TJDFT;39;;10;62;867;f;0;;;777-005.338/2013;499;;2013-10-08 12:17:54.093;2016-10-06 21:33:50.672908;;;;
832;2004.01.1.020374-6;TJDFT;12;;6;62;739;f;0;;;777-005.340/2013;499;;2013-10-08 12:19:58.03;2016-10-06 21:33:50.682673;;;;
833;1998.01.1.035079-7;TJDFT;6;;9;62;805;f;0;;;777-005.363/2013;499;;2013-10-09 12:10:15.123;2016-10-06 21:33:50.691691;;;;
834;2012.01.1.189598-5;TJDFT;16;;6;62;867;f;0;;;777-005.364/2013;499;;2013-10-09 12:11:32.453;2016-10-06 21:33:50.701263;;;;
835;2012.01.1.184277-0;TJDFT;3;;10;62;739;f;0;;;777-005.365/2013;499;;2013-10-09 12:12:51.703;2016-10-06 21:33:50.71114;;;;
841;2013.01.1.103726-7;TJDFT;37;;4;14;867;f;0;;;777-005.397/2013;499;3;2013-10-09 19:43:30.933;2016-10-06 21:33:50.768036;;;;
842;10776/93;TJDFT;9;;3;62;867;f;0;;;777-005.399/2013;499;;2013-10-09 19:45:04.53;2016-10-06 21:33:50.776589;;;;
844;2013.01.1.144568-5;TJDFT;1;;7;14;805;f;0;;;777-005.404/2013;499;3;2013-10-10 10:16:04.523;2016-10-06 21:33:50.795461;;;;
845;2013.01.1.144025-3;TJDFT;1;;7;14;805;f;0;;;777-005.405/2013;499;3;2013-10-10 10:16:59.727;2016-10-06 21:33:50.805861;;;;
847;2013.01.1.144560-3;TJDFT;1;;8;14;867;f;0;;;777-005.407/2013;499;3;2013-10-10 10:19:43.1;2016-10-06 21:33:50.825514;;;;
849;2013.01.1.139481-5;TRIBUNAL DE JUSTI脟A DO DF;9;;1;14;524;f;0;;;777-005.442/2013;499;3;2013-10-11 13:03:26.97;2016-10-06 21:33:50.845773;;;;
851;2000.01.1.052713-6;TRIBUNAL DE JUSTI脟A DO DF;6;;2;14;524;f;0;;;777-005.444/2013;499;3;2013-10-11 13:14:24.08;2016-10-06 21:33:50.868959;;;;
853;2010.01.1.011.799-6;TRIBUNAL DE JUSTI脟A DO DF;12;;2;14;739;f;0;;;777-005.446/2013;499;3;2013-10-11 13:24:20.31;2016-10-06 21:33:50.887329;;;;
854;2010.01.1.108344-2;TRIBUNAL DE JUSTI脟A DO DF;14;;2;14;524;f;0;;;777-005.447/2013;499;3;2013-10-11 13:27:26.537;2016-10-06 21:33:50.897029;;;;
856;2010.01.1.197210-9;TRIBUNAL DE JUSTI脟A DO DF;37;;2;14;739;f;0;;;777-005.449/2013;499;3;2013-10-11 13:34:30.78;2016-10-06 21:33:50.915247;;;;
860;2011.01.1.089759-3;TRIBUNAL DE JUSTI脟A DO DF;37;;2;14;739;f;0;;;777-005.453/2013;499;3;2013-10-11 13:43:52.12;2016-10-06 21:33:50.952884;;;;
829;2013.01.1.135985-8;TJDFT;20;0.0;1;14;867;f;0;;;777-005.334/2013;499;3;2013-10-08 11:39:16.903;2018-06-12 14:57:01.128999;;;;
838;390.001.581/2007;CODHAB/DF;16;;16;1;867;f;0;;;777-005.394/2013;499;;2013-10-09 19:34:09.29;2018-09-27 20:22:48.811114;;;;
852;2009.01.1.128410-9;TRIBUNAL DE JUSTI脟A DO DF;20;0.0;2;14;524;f;0;;;777-005.445/2013;499;3;2013-10-11 13:20:09.587;2018-06-12 15:06:30.208044;;;;
855;2010.01.1.193.497-0;TRIBUNAL DE JUSTI脟A DO DF;15;30000.0;2;14;524;f;0;;;777-005.448/2013;499;3;2013-10-11 13:31:02.04;2018-06-12 15:09:34.414005;;;;
857;2011.01.1.028700-0;TRIBUNAL DE JUSTI脟A DO DF;15;36000.0;2;14;524;f;0;;;777-005.450/2013;499;3;2013-10-11 13:36:47.173;2018-06-12 15:15:12.093976;;;;
858;2013.01.1.019414-5;TJDFT;14;1000.0;17;14;524;f;0;;;777-005.451/2013;499;3;2013-10-11 13:37:39.783;2018-06-12 15:16:33.22465;;;;
859;2011.01.1.028701-8;TRIBUNAL DE JUSTI脟A DO DF;9;36000.0;2;14;524;f;0;;;777-005.452/2013;499;3;2013-10-11 13:38:26.113;2018-06-12 15:18:08.579002;;;;
837;390.000.441/2007;TJDFT;16;;16;1;867;f;0;;;777-005.393/2013;499;;2013-10-09 19:32:20.82;2018-09-27 20:18:21.949158;;;;
848;"2,01301E+13";TRIBUNAL DE JUSTI脟A DO DF;20;;1;14;524;f;0;;;777-005.441/2013;499;3;2013-10-11 12:55:25.333;2018-10-02 14:45:33.740038;;;;
839;390.000.438/2007;CODHAB/DF;16;;16;1;867;f;0;;;777-005.395/2013;499;;2013-10-09 19:40:21.87;2018-09-27 20:23:17.223147;;;;
840;390.000.439/2007;CODHAB/DF;16;;16;1;867;f;0;;;777-005.396/2013;499;;2013-10-09 19:41:25.543;2018-09-27 20:23:36.827723;;;;
843;260.051.413/2006;CODHAB/DF;16;;16;1;867;f;0;;;777-005.401/2013;499;;2013-10-09 19:46:23.997;2018-09-27 20:23:52.63267;;;;
846;2013.01.1.115734-8;TJDFT;38;1000.0;11;14;867;f;0;;;777-005.406/2013;499;3;2013-10-10 10:18:08.74;2018-09-27 20:26:32.728834;;;;
862;00008263/93;TJDFT;9;;1;14;805;f;0;;;777-005.456/2013;499;3;2013-10-11 13:51:02.973;2016-10-06 21:33:50.971437;;;;
863;2011.01.1.125588-4;TRIBUNAL DE JUSTI脟A DO DF;6;;2;14;524;f;0;;;777-005.457/2013;499;3;2013-10-11 13:52:20.553;2016-10-06 21:33:50.980725;;;;
864;00019445/89;TJDFT;12;;1;14;524;f;0;;;777-005.458/2013;499;3;2013-10-11 13:54:05.337;2016-10-06 21:33:50.98997;;;;
865;2011.01.1.143891-0;TRIBUNAL DE JUSTI脟A DO DF;1;;2;14;867;f;0;;;777-005.459/2013;499;3;2013-10-11 13:54:51.463;2016-10-06 21:33:50.999263;;;;
866;00021939/92;TJDFT;12;;1;14;524;f;0;;;777-005.460/2013;499;3;2013-10-11 13:55:46.51;2016-10-06 21:33:51.009272;;;;
867;2011.01.1.194746-4;TRIBUNAL DE JUSTI脟A DO DF;9;;2;14;524;f;0;;;777-005.461/2013;499;3;2013-10-11 13:59:22.157;2016-10-06 21:33:51.018512;;;;
869;2012.01.1.002191-2;TRIBUNAL DE JUSTI脟A DO DF;37;;2;14;739;f;0;;;777-005.463/2013;499;3;2013-10-11 14:03:22.663;2016-10-06 21:33:51.03753;;;;
871;2003.01.1.048186-9;TJDFT;9;;1;14;739;f;0;;;777-005.465/2013;499;3;2013-10-11 14:07:01.117;2016-10-06 21:33:51.055032;;;;
873;2012.01.1.058427-0;TRIBUNAL DE JUSTI脟A DO DF;37;;2;14;812;f;0;;;777-005.467/2013;499;3;2013-10-11 14:09:07.967;2016-10-06 21:33:51.073775;;;;
874;2012.01.1.002191-2;TRIBUNAL DE JUSTI脟A DO DF;37;;2;4;812;f;0;;;777-005.468/2013;499;;2013-10-11 14:12:10.907;2016-10-06 21:33:51.083727;;;;
875;2012.01.1.090617-8;TRIBUNAL DE JUSTI脟A DO DF;37;;2;14;812;f;0;;;777-005.469/2013;499;3;2013-10-11 14:14:08.347;2016-10-06 21:33:51.09402;;;;
877;2013.01.1.101102-3;TJDFT;29;;4;14;867;f;0;;;777-005.472/2013;499;3;2013-10-11 14:17:08.867;2016-10-06 21:33:51.114087;;;;
878;2012.01.1.115944-3;TRIBUNAL DE JUSTI脟A DO DF;37;;2;14;524;f;0;;;777-005.473/2013;499;3;2013-10-11 14:17:25.273;2016-10-06 21:33:51.123857;;;;
879;2012.01.1.126122-9;TRIBUNAL DE JUSTI脟A DO DF;14;;2;14;524;f;0;;;777-005.474/2013;499;3;2013-10-11 14:19:05.293;2016-10-06 21:33:51.133792;;;;
880;2012.01.1.127115-8;TRIBUNAL DE JUSTI脟A DO DF;37;;2;14;812;f;0;;;777-005.475/2013;499;3;2013-10-11 14:20:49.95;2016-10-06 21:33:51.142793;;;;
881;2012.01.1.134127-5;TRIBUNAL DE JUSTI脟A DO DF;37;;2;14;524;f;0;;;777-005.476/2013;499;3;2013-10-11 14:23:14.25;2016-10-06 21:33:51.151052;;;;
882;2012.01.1.146374-7;TRIBUNAL DE JUSTI脟A DO DF;14;;2;14;739;f;0;;;777-005.477/2013;499;3;2013-10-11 14:24:49.113;2016-10-06 21:33:51.161277;;;;
883;2012.01.1.151.670-9;TRIBUNAL DE JUSTI脟A DO DF;37;;2;14;524;f;0;;;777-005.478/2013;499;3;2013-10-11 14:26:28.897;2016-10-06 21:33:51.170373;;;;
884;2012.01.1.151670-9;TRIBUNAL DE JUSTI脟A DO DF;37;;2;14;812;f;0;;;777-005.479/2013;499;3;2013-10-11 14:28:00.537;2016-10-06 21:33:51.179406;;;;
885;2013.01.1.101108-9;TJDFT;9;;4;14;1006;f;0;;;777-005.480/2013;499;3;2013-10-11 14:29:36.583;2016-10-06 21:33:51.189654;;;;
886;2012.01.1.154994-5;TRIBUNAL DE JUSTI脟A DO DF;37;;2;14;812;f;0;;;777-005.481/2013;499;3;2013-10-11 14:29:47.993;2016-10-06 21:33:51.199035;;;;
888;2012.01.1.156141-9;TRIBUNAL DE JUSTI脟A DO DF;37;;2;14;524;f;0;;;777-005.483/2013;499;3;2013-10-11 14:31:47.06;2016-10-06 21:33:51.217907;;;;
889;2012.01.1.191937-7;TJDFT;1;;3;14;805;f;0;;;777-005.484/2013;499;3;2013-10-11 14:32:28.743;2016-10-06 21:33:51.22755;;;;
890;2012.01.1.194451-8;TJDFT;16;;3;14;812;f;0;;;777-005.485/2013;499;3;2013-10-11 14:33:39.057;2016-10-06 21:33:51.237498;;;;
891;2012.01.1.195987-9;TJDFT;1;;3;14;739;f;0;;;777-005.487/2013;499;3;2013-10-11 14:34:36.933;2016-10-06 21:33:51.250423;;;;
892;2013.01.1.103726-7;TJDFT;9;;4;14;867;f;0;;;777-005.488/2013;499;3;2013-10-11 14:36:50.42;2016-10-06 21:33:51.259934;;;;
870;2012.01.1.089759-3;TRIBUNAL DE JUSTI脟A DO DF;9;;2;14;812;f;0;;;777-005.464/2013;499;3;2013-10-11 14:06:58.103;2018-09-28 20:09:58.679659;;;;
861;2011.01.1.115179-4;TRIBUNAL DE JUSTI脟A DO DF;1;100000.0;2;14;524;f;0;;;777-005.455/2013;499;3;2013-10-11 13:50:00.44;2018-06-12 15:19:53.291197;;;;
868;2011.01.1.233.579-9;TRIBUNAL DE JUSTI脟A DO DF;14;545.0;2;14;812;f;0;;;777-005.462/2013;499;3;2013-10-11 14:01:42.177;2018-06-12 15:21:35.631523;;;;
893;2012.01.197449-8;TJDFT;1;;3;14;805;f;0;;;777-005.489/2013;499;3;2013-10-11 14:37:08.857;2016-10-06 21:33:51.270149;;;;
894;2012.01.1.197934-0;TJDFT;1;;3;14;524;f;0;;;777-005.491/2013;499;3;2013-10-11 14:38:42.75;2016-10-06 21:33:51.279614;;;;
895;2013.01.1.104576-9;TJDFT;9;;4;14;805;f;0;;;777-005.492/2013;499;3;2013-10-11 14:43:09.38;2016-10-06 21:33:51.289212;;;;
896;2013.01.1.000599-3;TJDFT;10;;3;14;805;f;0;;;777-005.493/2013;499;3;2013-10-11 14:44:54.883;2016-10-06 21:33:51.29869;;;;
897;2013.01.1.000813-2;TJDFT;1;;3;14;867;f;0;;;777-005.494/2013;499;3;2013-10-11 14:46:20.04;2016-10-06 21:33:51.307368;;;;
898;2013.01.1.002266-5;TJDFT;1;;3;14;812;f;0;;;777-005.495/2013;499;3;2013-10-11 14:47:22.653;2016-10-06 21:33:51.317131;;;;
900;2013.01.1.010763-5;TJDFT;1;;3;14;812;f;0;;;777-005.497/2013;499;3;2013-10-11 14:48:36.793;2016-10-06 21:33:51.335712;;;;
901;2013.01.1.025373-2;TJDFT;1;;3;14;524;f;0;;;777-005.499/2013;499;3;2013-10-11 14:51:21.953;2016-10-06 21:33:51.345223;;;;
902;2013.01.1.026270-6;TJDFT;14;;3;14;812;f;0;;;777-005.500/2013;499;3;2013-10-11 14:52:53.58;2016-10-06 21:33:51.35512;;;;
903;2013.01.1.121655-8;TJDFT;36;;4;14;805;f;0;;;777-005.501/2013;499;3;2013-10-11 14:54:09.88;2016-10-06 21:33:51.365421;;;;
904;2013.01.1.036690-9;TJDFT;1;;3;14;1006;f;0;;;777-005.502/2013;499;3;2013-10-11 14:54:29.897;2016-10-06 21:33:51.375073;;;;
905;2013.01.1.121656-6;TJDFT;36;;4;14;805;f;0;;;777-005.503/2013;499;3;2013-10-11 14:59:55.467;2016-10-06 21:33:51.38452;;;;
906;2013.01.1.036695-8;TJDFT;1;;3;14;524;f;0;;;777-005.504/2013;499;3;2013-10-11 15:00:28.543;2016-10-06 21:33:51.394431;;;;
907;2013.01.1.039223-4;TJDFT;1;;3;14;1006;f;0;;;777-005.505/2013;499;3;2013-10-11 15:01:52.907;2016-10-06 21:33:51.404095;;;;
908;2013.01.046113-0;TJDFT;10;;3;14;739;f;0;;;777-005.506/2013;499;3;2013-10-11 15:03:20.97;2016-10-06 21:33:51.413869;;;;
910;2013.01.1.129134-2;TJDFT;1;;4;14;867;f;0;;;777-005.508/2013;499;3;2013-10-11 15:05:48.833;2016-10-06 21:33:51.434477;;;;
911;2013.01.1.061330-7;TJDFT;1;;3;14;805;f;0;;;777-005.509/2013;499;3;2013-10-11 15:07:13.083;2016-10-06 21:33:51.444603;;;;
912;2013.01.1.133484-2;TJDFT;9;;4;14;1006;f;0;;;777-005.510/2013;499;3;2013-10-11 15:08:09.227;2016-10-06 21:33:51.454076;;;;
913;2013.01.1.062260-2;TJDFT;10;;3;14;805;f;0;;;777-005.511/2013;499;3;2013-10-11 15:08:45.68;2016-10-06 21:33:51.464644;;;;
914;2013.01.1.063769-9;TJDFT;1;;3;14;739;f;0;;;777-005.512/2013;499;3;2013-10-11 15:10:06.337;2016-10-06 21:33:51.474728;;;;
915;2012.01.1.158610-4;TRIBUNAL DE JUSTI脟A DO DF;37;;2;14;739;f;0;;;777-005.517/2013;499;3;2013-10-11 16:07:50.117;2016-10-06 21:33:51.484563;;;;
916;2012.01.1.162220-8;TRIBUNAL DE JUSTI脟A DO DF;37;;2;14;812;f;0;;;777-005.518/2013;499;3;2013-10-11 16:09:14.807;2016-10-06 21:33:51.495115;;;;
917;2012.01.1.163906-8;TRIBUNAL DE JUSTI脟A DO DF;37;;17;14;739;f;0;;;777-005.519/2013;499;3;2013-10-11 16:10:47.62;2016-10-06 21:33:51.505401;;;;
918;2012.01.1.163922-8;TRIBUNAL DE JUSTI脟A DO DF;37;;2;14;739;f;0;;;777-005.520/2013;499;3;2013-10-11 16:12:29.387;2016-10-06 21:33:51.514391;;;;
919;2012.01.1.168385-0;TRIBUNAL DE JUSTI脟A DO DF;37;;2;14;524;f;0;;;777-005.521/2013;499;3;2013-10-11 16:14:07.623;2016-10-06 21:33:51.523442;;;;
920;2012.01.1.169603-2;TRIBUNAL DE JUSTI脟A DO DF;37;;2;14;812;f;0;;;777-005.522/2013;499;3;2013-10-11 16:16:10.83;2016-10-06 21:33:51.533032;;;;
921;2012.01.1.187885-4;TRIBUNAL DE JUSTI脟A DO DF;37;;2;14;739;f;0;;;777-005.523/2013;499;3;2013-10-11 16:17:44.317;2016-10-06 21:33:51.542335;;;;
922;2012.01.1.188924-7;TRIBUNAL DE JUSTI脟A DO DF;37;;2;14;812;f;0;;;777-005.524/2013;499;3;2013-10-11 16:20:44.633;2016-10-06 21:33:51.5522;;;;
923;2012.01.1.190484-4;TRIBUNAL DE JUSTI脟A DO DF;37;;2;14;524;f;0;;;777-005.525/2013;499;3;2013-10-11 16:22:30.727;2016-10-06 21:33:51.562882;;;;
924;2012.01.1.190827-7;TRIBUNAL DE JUSTI脟A DO DF;16;;2;14;739;f;0;;;777-005.526/2013;499;3;2013-10-11 16:24:48.997;2016-10-06 21:33:51.57224;;;;
5792;0700771-18.2017.8.07.0018;TJDFT;1;;4;;;f;1;;;;514;;2017-03-09 20:22:12.07463;2018-09-28 13:31:41.834806;f;;;
899;2013.01.1.110812-9;TJDFT;1;120000.0;4;14;739;f;0;;;777-005.496/2013;499;3;2013-10-11 14:47:24.747;2018-06-12 15:27:27.055621;;;;
925;2012.01.1.193445-3;TRIBUNAL DE JUSTI脟A DO DF;37;;2;14;812;f;0;;;777-005.527/2013;499;3;2013-10-11 16:27:18.907;2016-10-06 21:33:51.582542;;;;
926;2012.01.1.194373-2;TRIBUNAL DE JUSTI脟A DO DF;37;;2;4;524;f;0;;;777-005.528/2013;499;;2013-10-11 16:29:38.283;2016-10-06 21:33:51.592186;;;;
928;2012.01.1.194715-7;TRIBUNAL DE JUSTI脟A DO DF;37;;2;14;739;f;0;;;777-005.530/2013;499;3;2013-10-11 16:31:52.24;2016-10-06 21:33:51.611127;;;;
929;2013.01.1.001682-7;TRIBUNAL DE JUSTI脟A DO DF;37;;2;14;739;f;0;;;777-005.531/2013;499;3;2013-10-11 16:33:40.023;2016-10-06 21:33:51.621026;;;;
930;2013.01.1.011509-3;TRIBUNAL DE JUSTI脟A DO DF;37;;2;14;739;f;0;;;777-005.532/2013;499;3;2013-10-11 16:34:58.9;2016-10-06 21:33:51.630537;;;;
931;2013.01.1.022622-3;TRIBUNAL DE JUSTI脟A DO DF;37;;2;14;812;f;0;;;777-005.534/2013;499;3;2013-10-11 16:38:09.263;2016-10-06 21:33:51.639087;;;;
933;2013.01.1.024722-8;TRIBUNAL DE JUSTI脟A DO DF;37;;2;4;739;f;0;;;777-005.536/2013;499;;2013-10-11 16:39:53.56;2016-10-06 21:33:51.658084;;;;
934;2013.01.1.025253-7;TRIBUNAL DE JUSTI脟A DO DF;37;;2;14;524;f;0;;;777-005.537/2013;499;3;2013-10-11 16:43:26.267;2016-10-06 21:33:51.667253;;;;
935;2013.01.1.025379-8;TRIBUNAL DE JUSTI脟A DO DF;37;;2;14;739;f;0;;;777-005.539/2013;499;3;2013-10-11 16:45:05.583;2016-10-06 21:33:51.677539;;;;
937;2013.01.1.026307-5;TRIBUNAL DE JUSTI脟A DO DF;37;;2;14;524;f;0;;;777-005.541/2013;499;3;2013-10-11 16:46:45.74;2016-10-06 21:33:51.697396;;;;
940;2013.01.1.146908-7;TJDFT;9;;4;14;812;f;0;;;777-005.544/2013;499;3;2013-10-11 16:50:33.923;2016-10-06 21:33:51.727664;;;;
941;2013.01.1.046113-0;TJDFT;10;;3;62;739;f;0;;;777-005.545/2013;499;;2013-10-11 16:50:48.927;2016-10-06 21:33:51.737805;;;;
942;2013.01.1.033922-3;TRIBUNAL DE JUSTI脟A DO DF;37;;2;14;739;f;0;;;777-005.546/2013;499;3;2013-10-11 16:51:27.48;2016-10-06 21:33:51.747722;;;;
943;2012.01.1.181434-8;TJDFT;1;;7;62;739;f;0;;;777-005.547/2013;499;;2013-10-11 16:51:46.457;2016-10-06 21:33:51.757503;;;;
944;2013.01.1.148435-6;TJDFT;9;;4;62;805;f;0;;;777-005.548/2013;499;;2013-10-11 16:52:05.287;2016-10-06 21:33:51.76703;;;;
946;2012.01.1.183587-5;TJDFT;39;;10;62;867;f;0;;;777-005.550/2013;499;;2013-10-11 16:53:29.46;2016-10-06 21:33:51.787068;;;;
947;1999.01.1.034269-5;TJDFT;11;;6;62;524;f;0;;;777-005.551/2013;499;;2013-10-11 16:55:29.9;2016-10-06 21:33:51.797447;;;;
948;2013.01.1.035741-2;TRIBUNAL DE JUSTI脟A DO DF;37;;2;14;812;f;0;;;777-005.552/2013;499;3;2013-10-11 16:55:52.827;2016-10-06 21:33:51.807375;;;;
949;2013.01.1.036691-7;TRIBUNAL DE JUSTI脟A DO DF;37;;2;8;805;f;0;;;777-005.553/2013;499;;2013-10-11 16:58:03.533;2016-10-06 21:33:51.817789;;;;
950;1838-18.2012.5.10.0013;TRT 10陋;32;;17;62;805;f;0;;;777-005.554/2013;499;;2013-10-11 16:59:04.89;2016-10-06 21:33:51.826924;;;;
951;2013.01.1.036698-2;TRIBUNAL DE JUSTI脟A DO DF;37;;2;14;805;f;0;;;777-005.555/2013;499;3;2013-10-11 17:00:11.16;2016-10-06 21:33:51.83731;;;;
952;2013.01.1.039233-9;TRIBUNAL DE JUSTI脟A DO DF;37;;2;14;805;f;0;;;777-005.556/2013;499;3;2013-10-11 17:01:30.897;2016-10-06 21:33:51.847176;;;;
953;2013.01.1.046797-6;TRIBUNAL DE JUSTI脟A DO DF;37;;2;8;805;f;0;;;777-005.557/2013;499;;2013-10-11 17:03:10.447;2016-10-06 21:33:51.857085;;;;
954;2013.01.1.075168-3;TJDFT;1;;3;14;524;f;0;;;777-005.558/2013;499;3;2013-10-11 17:04:55.677;2016-10-06 21:33:51.866978;;;;
955;2013.01.1.051283-6;TRIBUNAL DE JUSTI脟A DO DF;37;;2;14;812;f;0;;;777-005.559/2013;499;3;2013-10-11 17:05:05.713;2016-10-06 21:33:51.877291;;;;
5793;0700919-29.2017.8.07.0018;TJDFT;1;100000.0;8;;;t;1;;;;514;;2017-03-13 13:18:29.076615;2017-03-13 13:18:29.076615;f;;;
927;2013.01.1.135571-8;TJDFT;3;;4;14;812;f;0;;;777-005.529/2013;499;3;2013-10-11 16:31:07.93;2018-06-12 15:30:36.887243;;;;
939;2013.00.2.010424-3;TJDFT;38;;12;62;739;f;0;;;777-005.543/2013;499;;2013-10-11 16:49:34.86;2018-09-28 20:10:26.857559;;;;
932;2013.01.1.137656-2;TJDFT;9;150142.87;4;14;1006;f;0;;;777-005.535/2013;499;3;2013-10-11 16:39:27.66;2018-06-12 15:32:44.803067;;;;
945;2013.01.1.034881-6;TRIBUNAL DE JUSTI脟A DO DF;37;120000.0;2;14;805;f;0;;;777-005.549/2013;499;3;2013-10-11 16:53:08.777;2018-06-12 16:13:47.427359;;;;
956;2013011148435-6;TJDFT;9;80000.0;4;14;812;f;0;;;777-005.560/2013;499;3;2013-10-11 17:06:48.603;2018-06-12 16:16:10.158324;;;;
957;2013.01.1.057333-8;TRIBUNAL DE JUSTI脟A DO DF;37;;2;14;739;f;0;;;777-005.561/2013;499;3;2013-10-11 17:07:02.467;2016-10-06 21:33:51.896262;;;;
959;2013.01.1.149820-6;TJDFT;10;;4;14;1006;f;0;;;777-005.563/2013;499;3;2013-10-11 17:08:16.527;2016-10-06 21:33:51.918784;;;;
960;2013.01.1.058179-2;TRIBUNAL DE JUSTI脟A DO DF;37;;2;14;812;f;0;;;777-005.564/2013;499;3;2013-10-11 17:08:19.763;2016-10-06 21:33:51.928141;;;;
961;2013.01.1.114823-7;TJDFT;1;;17;14;739;f;0;;;777-005.565/2013;499;3;2013-10-11 17:09:20.263;2016-10-06 21:33:51.938452;;;;
963;2013.01.1.115678-8;TJDFT;1;;3;14;867;f;0;;;777-005.567/2013;499;3;2013-10-11 17:10:33.78;2016-10-06 21:33:51.958389;;;;
964;2013.01.1.058762-2;TRIBUNAL DE JUSTI脟A DO DF;37;;2;14;739;f;0;;;777-005.568/2013;499;3;2013-10-11 17:11:28.72;2016-10-06 21:33:51.967561;;;;
965;2013.01.1.121246-7;TJDFT;3;;3;14;739;f;0;;;777-005.569/2013;499;3;2013-10-11 17:11:32.17;2016-10-06 21:33:51.977201;;;;
967;2013.01.1.122263-6;TJDFT;14;;3;14;805;f;0;;;777-005.571/2013;499;3;2013-10-11 17:12:34.157;2016-10-06 21:33:51.997199;;;;
968;2013.01.1.070906-5;TRIBUNAL DE JUSTI脟A DO DF;37;;2;14;739;f;0;;;777-005.572/2013;499;3;2013-10-11 17:13:13.533;2016-10-06 21:33:52.006963;;;;
970;2013.01.1.126838-3;TJDFT;1;;3;14;812;f;0;;;777-005.574/2013;499;3;2013-10-11 17:16:04.177;2016-10-06 21:33:52.026336;;;;
971;2013.01.1.075159-5;TRIBUNAL DE JUSTI脟A DO DF;37;;2;14;739;f;0;;;777-005.575/2013;499;3;2013-10-11 17:16:07.117;2016-10-06 21:33:52.035943;;;;
972;2013.01.1.130993-3;TJDFT;1;;3;14;1006;f;0;;;777-005.576/2013;499;3;2013-10-11 17:17:19.227;2016-10-06 21:33:52.044901;;;;
973;1999.01.1.087628-3;TJDFT;11;;5;14;739;f;0;;;777-005.577/2013;499;3;2013-10-11 17:17:22.46;2016-10-06 21:33:52.054143;;;;
974;2013.01.1.083138-3;TRIBUNAL DE JUSTI脟A DO DF;37;;2;14;805;f;0;;;777-005.578/2013;499;3;2013-10-11 17:17:56.947;2016-10-06 21:33:52.065044;;;;
975;2013.01.1.133503-3;TJDFT;1;;3;14;739;f;0;;;777-005.579/2013;499;3;2013-10-11 17:18:23.68;2016-10-06 21:33:52.074074;;;;
976;2013.01.135199-8;TJDFT;1;;8;14;812;f;0;;;777-005.580/2013;499;3;2013-10-11 17:19:21.573;2016-10-06 21:33:52.083684;;;;
978;2013.01.1.135992-0;TJDFT;1;;3;14;867;f;0;;;777-005.582/2013;499;3;2013-10-11 17:20:28.087;2016-10-06 21:33:52.103957;;;;
979;2013.01.1.137485-4;TJDFT;37;;3;14;812;f;0;;;777-005.583/2013;499;3;2013-10-11 17:21:35.263;2016-10-06 21:33:52.11365;;;;
980;2013.01.1.094853-8;TRIBUNAL DE JUSTI脟A DO DF;37;;2;14;739;f;0;;;777-005.584/2013;499;3;2013-10-11 17:21:49.45;2016-10-06 21:33:52.124132;;;;
982;2013.01.1.090097-7;TRIBUNAL DE JUSTI脟A DO DF;37;;2;14;867;f;0;;;777-005.586/2013;499;3;2013-10-11 17:24:42.157;2016-10-06 21:33:52.14254;;;;
983;3598/90;TJDFT;11;;4;14;812;f;0;;;777-005.587/2013;499;3;2013-10-11 17:25:04.533;2016-10-06 21:33:52.15169;;;;
985;2013.01.1.096481-8;TRIBUNAL DE JUSTI脟A DO DF;37;;2;14;739;f;0;;;777-005.589/2013;499;3;2013-10-11 17:28:26.333;2016-10-06 21:33:52.170646;;;;
986;13524/91;TJDFT;8;;4;14;805;f;0;;;777-005.590/2013;499;3;2013-10-11 17:30:50.603;2016-10-06 21:33:52.1798;;;;
987;1577/91;TJDFT;12;;4;14;524;f;0;;;777-005.591/2013;499;3;2013-10-11 17:32:19.353;2016-10-06 21:33:52.189943;;;;
5794;0700552-05.2017.8.07.0018;TJDFT;1;40000.0;8;;;t;1;;;;514;;2017-03-13 13:20:44.036527;2017-03-13 13:20:44.036527;f;;;
969;2013.01.126515-8;TJDFT;1;50000.0;3;14;867;t;0;;;777-005.573/2013;499;3;2013-10-11 17:14:46.77;2018-06-12 16:25:52.995346;;;;
962;2013.01.1.058744-6;TRIBUNAL DE JUSTI脟A DO DF;37;500.0;2;14;812;f;0;;;777-005.566/2013;499;3;2013-10-11 17:09:53.967;2018-06-12 16:19:09.169262;;;;
966;1999.01.1.030572-6;TJDFT;11;17003.04;5;14;812;f;0;;;777-005.570/2013;499;3;2013-10-11 17:12:09.157;2018-06-12 16:21:20.740291;;;;
958;2013.01.1.084102-0;TJDFT;1;90000.0;3;14;739;f;0;;;777-005.562/2013;499;3;2013-10-11 17:07:44.603;2018-06-19 14:03:24.513061;;;;
981;3360/92;TJDFT;8;150000000.0;4;14;812;f;0;;;777-005.585/2013;499;3;2013-10-11 17:23:29.357;2018-06-12 16:28:35.337671;;;;
984;2013.01.1.096473-8;TRIBUNAL DE JUSTI脟A DO DF;37;80000.0;2;14;805;t;0;;;777-005.588/2013;499;3;2013-10-11 17:26:08.377;2018-08-21 18:47:51.708526;;;;
989;2000.01.1.028925;TJDFT;6;;5;62;805;f;0;;;777-005.593/2013;499;;2013-10-11 17:34:05.59;2016-10-06 21:33:52.20884;;;;
991;2013.01.1.096494-7;TRIBUNAL DE JUSTI脟A DO DF;37;;2;14;805;f;0;;;777-005.595/2013;499;3;2013-10-11 17:35:52.73;2016-10-06 21:33:52.228057;;;;
992;2013.01.1.100383-0;TRIBUNAL DE JUSTI脟A DO DF;37;;2;14;805;f;0;;;777-005.596/2013;499;3;2013-10-11 17:37:27.903;2016-10-06 21:33:52.237443;;;;
995;1999.01.1.037548-4;TJDFT;11;;4;14;739;f;0;;;777-005.599/2013;499;3;2013-10-11 17:39:25.487;2016-10-06 21:33:52.2655;;;;
996;2013.01.1.126507-8;TRIBUNAL DE JUSTI脟A DO DF;37;;2;14;812;f;0;;;777-005.600/2013;499;3;2013-10-11 17:40:26.313;2016-10-06 21:33:52.274941;;;;
997;2013.01.1.138452-5;TRIBUNAL DE JUSTI脟A DO DF;37;;2;14;805;f;0;;;777-005.601/2013;499;3;2013-10-11 17:42:12.643;2016-10-06 21:33:52.284598;;;;
998;1999.01.1.084336-4;TJDFT;11;;4;14;739;f;0;;;777-005.602/2013;499;3;2013-10-11 17:42:30.117;2016-10-06 21:33:52.293446;;;;
999;2013.01.1.142341-0;TRIBUNAL DE JUSTI脟A DO DF;37;;2;14;867;f;0;;;777-005.603/2013;499;3;2013-10-11 17:43:36.49;2016-10-06 21:33:52.302633;;;;
1001;2000.01.1.065798-2;TJDFT;11;;4;14;812;f;0;;;777-005.606/2013;499;3;2013-10-11 17:45:35.417;2016-10-06 21:33:52.320544;;;;
1002;2013.01.1.148436-4;TRIBUNAL DE JUSTI脟A DO DF;1;;2;14;739;f;0;;;777-005.607/2013;499;3;2013-10-11 17:46:33.087;2016-10-06 21:33:52.33085;;;;
1003;2001.01.1.024596-0;TJDFT;27;;4;14;812;f;0;;;777-005.608/2013;499;3;2013-10-11 17:47:44.047;2016-10-06 21:33:52.342059;;;;
1004;2013.01.1.148982-7;TRIBUNAL DE JUSTI脟A DO DF;37;;2;8;1006;f;0;;;777-005.609/2013;499;;2013-10-11 17:47:53.057;2016-10-06 21:33:52.351437;;;;
1006;2008.01.1.132449-0;TJDFT;26;;4;14;812;f;0;;;777-005.611/2013;499;3;2013-10-11 17:49:43.017;2016-10-06 21:33:52.370705;;;;
1007;2011.01.1.031658-8;TJDFT;14;;5;14;524;f;0;;;777-005.612/2013;499;3;2013-10-11 17:49:49.173;2016-10-06 21:33:52.38008;;;;
1008;00010776/93;TRIBUNAL DE JUSTI脟A DO DF;9;;3;14;867;f;0;;;777-005.613/2013;499;3;2013-10-11 17:50:24.137;2016-10-06 21:33:52.389402;;;;
1009;2008.01.1.134449-3;TJDFT;15;;4;14;812;f;0;;;777-005.614/2013;499;3;2013-10-11 17:50:51.317;2016-10-06 21:33:52.399134;;;;
1011;2009.01.1.152506-4;TJDFT;1;;4;14;812;f;0;;;777-005.616/2013;499;3;2013-10-11 17:51:50.507;2016-10-06 21:33:52.4173;;;;
1012;2011.01.1.047023-8;TJDFT;1;;5;14;812;f;0;;;777-005.617/2013;499;3;2013-10-11 17:52:15.083;2016-10-06 21:33:52.42655;;;;
1013;2009.01.1.180664-9;TJDFT;12;;4;14;812;f;0;;;777-005.618/2013;499;3;2013-10-11 17:52:59.413;2016-10-06 21:33:52.435638;;;;
1014;3248/94;TRIBUNAL DE JUSTI脟A DO DF;6;;3;14;1006;f;0;;;777-005.619/2013;499;3;2013-10-11 17:53:10.233;2016-10-06 21:33:52.445084;;;;
1015;2010.01.1.039737-4;TJDFT;1;;4;14;812;f;0;;;777-005.620/2013;499;3;2013-10-11 17:53:58.787;2016-10-06 21:33:52.454772;;;;
1016;00051053/96;TRIBUNAL DE JUSTI脟A DO DF;37;;3;14;867;f;0;;;777-005.621/2013;499;3;2013-10-11 17:54:46.127;2016-10-06 21:33:52.464939;;;;
1017;2010.01.1.164033-7;TJDFT;37;;4;14;805;f;0;;;777-005.622/2013;499;3;2013-10-11 17:55:02.32;2016-10-06 21:33:52.474421;;;;
1019;1999.01.1.059309-9;TRIBUNAL DE JUSTI脟A DO DF;11;;3;14;812;f;0;;;777-005.624/2013;499;3;2013-10-11 17:58:11.33;2016-10-06 21:33:52.492973;;;;
1020;2011.01.1.054169-6;TJDFT;15;;5;8;812;f;0;;;777-005.625/2013;499;;2013-10-11 17:58:20.513;2016-10-06 21:33:52.502716;;;;
1010;00024391/88;TRIBUNAL DE JUSTI脟A DO DF;11;;3;14;812;f;0;;;777-005.615/2013;499;3;2013-10-11 17:51:47.903;2018-03-02 12:40:50.758361;;;;
994;2013.01.1.115734-8;TRIBUNAL DE JUSTI脟A DO DF;20;1000.0;2;14;867;f;0;;;777-005.598/2013;499;3;2013-10-11 17:39:02.467;2018-06-18 15:38:37.589266;;;;
990;23667/88;TJDFT;8;24413.73;4;14;812;t;0;;;777-005.594/2013;499;3;2013-10-11 17:35:04.89;2018-08-21 18:49:47.970005;;;;
1000;2011.01.1.008920-0;TJDFT;15;2000.0;5;62;812;f;0;;;777-005.604/2013;499;;2013-10-11 17:44:45.043;2018-08-21 18:53:05.970229;;;;
1018;1998.01.1.041641-4;TRIBUNAL DE JUSTI脟A DO DF;11;17835.28;3;14;805;t;0;;;777-005.623/2013;499;3;2013-10-11 17:56:33.36;2018-08-21 18:53:53.259545;;;;
5658;2016.01.1.090480-7;TJDFT;1;100000.0;2;;;f;0;;;;514;;2016-10-18 10:42:37.573885;2018-08-27 20:46:28.339538;f;;;
1005;2008.01.117409-6;TJDFT;30;;4;14;812;f;0;;;777-005.610/2013;499;3;2013-10-11 17:48:45.11;2018-10-02 14:46:01.630757;;;;
1021;2000.01.1.062590-9;TRIBUNAL DE JUSTI脟A DO DF;11;;3;14;1006;f;0;;;777-005.626/2013;499;3;2013-10-11 17:59:34.803;2016-10-06 21:33:52.512618;;;;
1022;2011.01.1.159252-2;TJDFT;1;;5;14;524;f;0;;;777-005.627/2013;499;3;2013-10-11 18:00:26.907;2016-10-06 21:33:52.522085;;;;
1023;2000.01.1.065784-5;TRIBUNAL DE JUSTI脟A DO DF;6;;3;14;812;f;0;;;777-005.628/2013;499;3;2013-10-11 18:01:16.833;2016-10-06 21:33:52.531063;;;;
1024;2000.01.1.071820-8;TRIBUNAL DE JUSTI脟A DO DF;11;;3;14;739;f;0;;;777-005.630/2013;499;3;2013-10-11 18:02:57.353;2016-10-06 21:33:52.539885;;;;
1025;2006.01.1.054994-4;TRIBUNAL DE JUSTI脟A DO DF;12;;3;14;524;f;0;;;777-005.631/2013;499;3;2013-10-11 18:04:40.667;2016-10-06 21:33:52.550151;;;;
1026;2011.01.1.169938-9;TJDFT;9;;5;8;812;f;0;;;777-005.632/2013;499;;2013-10-11 18:06:07.85;2016-10-06 21:33:52.559834;;;;
1028;2009.01.1.001719-7;TRIBUNAL DE JUSTI脟A DO DF;37;;3;14;812;f;0;;;777-005.634/2013;499;3;2013-10-11 18:08:28.39;2016-10-06 21:33:52.579317;;;;
1030;2010.01.1.015984-3;TRIBUNAL DE JUSTI脟A DO DF;6;;3;14;739;f;0;;;777-005.636/2013;499;3;2013-10-11 18:10:03.47;2016-10-06 21:33:52.598992;;;;
1031;2010.01.1.045181-9;TRIBUNAL DE JUSTI脟A DO DF;1;;3;14;524;f;0;;;777-005.637/2013;499;3;2013-10-11 18:11:52.753;2016-10-06 21:33:52.608518;;;;
1032;2010.01.1.175784-6;TRIBUNAL DE JUSTI脟A DO DF;10;;3;14;812;f;0;;;777-005.638/2013;499;3;2013-10-11 18:13:02.957;2016-10-06 21:33:52.617891;;;;
1033;2011.01.1.226367-6;TJDFT;1;;5;14;739;f;0;;;777-005.639/2013;499;3;2013-10-11 18:13:11.33;2016-10-06 21:33:52.627536;;;;
1034;2010.01.1.213831-9;TRIBUNAL DE JUSTI脟A DO DF;1;;3;4;739;f;0;;;777-005.640/2013;499;;2013-10-11 18:14:18.223;2016-10-06 21:33:52.636651;;;;
1036;2011.01.1.038965-8;TRIBUNAL DE JUSTI脟A DO DF;1;;3;14;1006;f;0;;;777-005.642/2013;499;3;2013-10-11 18:15:53.787;2016-10-06 21:33:52.656341;;;;
1037;2007.01.1.052082-8;TJDFT;12;;1;14;739;f;0;;;777-005.643/2013;499;3;2013-10-11 18:16:56.007;2016-10-06 21:33:52.666218;;;;
1038;2011.01.1.070587-8;TRIBUNAL DE JUSTI脟A DO DF;1;;2;14;1006;f;0;;;777-005.644/2013;499;3;2013-10-11 18:17:29.147;2016-10-06 21:33:52.675289;;;;
1039;2012.01.1.043723-5;TJDFT;1;;5;62;867;f;0;;;777-005.645/2013;499;;2013-10-11 18:18:06.007;2016-10-06 21:33:52.684529;;;;
1040;2008.01.1.094576-6;TJDFT;1;;1;14;524;f;0;;;777-005.646/2013;499;3;2013-10-11 18:18:55.21;2016-10-06 21:33:52.694175;;;;
1041;2011.01.1.082793-0;TRIBUNAL DE JUSTI脟A DO DF;30;;3;14;812;f;0;;;777-005.647/2013;499;3;2013-10-11 18:19:46.073;2016-10-06 21:33:52.704371;;;;
1042;2009.01.1.116498-5;TJDFT;10;;1;14;739;f;0;;;777-005.648/2013;499;3;2013-10-11 18:20:01.307;2016-10-06 21:33:52.715003;;;;
1044;2011.01.1.093116-9;TRIBUNAL DE JUSTI脟A DO DF;14;;3;14;812;f;0;;;777-005.650/2013;499;3;2013-10-11 18:21:26.137;2016-10-06 21:33:52.733492;;;;
1046;2010.01.188494-4;TJDFT;30;;1;14;739;f;0;;;777-005.652/2013;499;3;2013-10-11 18:21:42.45;2016-10-06 21:33:52.752495;;;;
1047;2011.01.1.107531-6;TRIBUNAL DE JUSTI脟A DO DF;1;;3;14;805;f;0;;;777-005.653/2013;499;3;2013-10-11 18:25:27.72;2016-10-06 21:33:52.762407;;;;
1048;2011.01.1.107350-3;TJDFT;14;;1;14;812;f;0;;;777-005.654/2013;499;3;2013-10-11 18:25:37.157;2016-10-06 21:33:52.771511;;;;
1049;2011.01.1.183829-9;TJDFT;1;;1;14;524;f;0;;;777-005.655/2013;499;3;2013-10-11 18:26:34.643;2016-10-06 21:33:52.780672;;;;
1050;2011.01.1.122699-7;TRIBUNAL DE JUSTI脟A DO DF;1;;3;14;805;f;0;;;777-005.656/2013;499;3;2013-10-11 18:27:17.613;2016-10-06 21:33:52.78956;;;;
1051;2011.01.1.206390-0;TJDFT;1;;1;14;524;f;0;;;777-005.657/2013;499;3;2013-10-11 18:28:33.007;2016-10-06 21:33:52.799172;;;;
1052;2011.01.1.215685-2;TRIBUNAL DE JUSTI脟A DO DF;37;;3;14;812;f;0;;;777-005.658/2013;499;3;2013-10-11 18:28:39.333;2016-10-06 21:33:52.808135;;;;
1043;2010.01.185734-7;TJDFT;30;;1;14;812;f;0;;;777-005.649/2013;499;3;2013-10-11 18:20:53.293;2018-09-27 20:37:24.490209;;;;
1029;2011.01.1.215823-9;TJDFT;9;0.0;5;8;812;f;0;;;777-005.635/2013;499;;2013-10-11 18:08:30.527;2018-09-27 20:33:37.427041;;;;
1054;2011.01.1.223246-0;TJDFT;11;;1;14;812;f;0;;;777-005.660/2013;499;3;2013-10-11 18:30:33.527;2016-10-06 21:33:52.826947;;;;
1055;2012.01.1.023199-3;TJDFT;43;;1;14;812;f;0;;;777-005.661/2013;499;3;2013-10-11 18:31:33.713;2016-10-06 21:33:52.837551;;;;
1056;2012.01.1.032468-6;TJDFT;1;;1;14;812;f;0;;;777-005.662/2013;499;3;2013-10-11 18:32:44.213;2016-10-06 21:33:52.847339;;;;
1057;2012.01.1.034395-8;TJDFT;14;;1;14;524;f;0;;;777-005.664/2013;499;3;2013-10-11 18:34:28.903;2016-10-06 21:33:52.856133;;;;
1059;2012.01.1.080001-7;TJDFT;9;;5;14;812;f;0;;;777-005.666/2013;499;3;2013-10-11 18:37:09.983;2016-10-06 21:33:52.875684;;;;
1060;2012.01.1.049251-6;TJDFT;1;;1;14;805;f;0;;;777-005.667/2013;499;3;2013-10-11 18:37:43.377;2016-10-06 21:33:52.884938;;;;
1061;2012.01.1.053855-9;TJDFT;37;;1;14;805;f;0;;;777-005.669/2013;499;3;2013-10-11 18:39:05.957;2016-10-06 21:33:52.894227;;;;
1063;2012.01.1.056739-9;TJDFT;1;;1;14;524;f;0;;;777-005.671/2013;499;3;2013-10-11 18:42:02.927;2016-10-06 21:33:52.913619;;;;
1064;2012.01.1.106461-6;TJDFT;9;;5;14;524;f;0;;;777-005.672/2013;499;3;2013-10-11 18:42:55.99;2016-10-06 21:33:52.924342;;;;
1065;2012.01.1.062490-7;TJDFT;1;;1;14;812;f;0;;;777-005.673/2013;499;3;2013-10-11 18:43:00.837;2016-10-06 21:33:52.934134;;;;
1066;2012.01.1.063226-9;TJDFT;1;;1;14;805;f;0;;;777-005.674/2013;499;3;2013-10-11 18:43:57.243;2016-10-06 21:33:52.946884;;;;
1067;2012.01.1.111116-0;TJDFT;1;;5;62;805;f;0;;;777-005.675/2013;499;;2013-10-11 18:44:50.243;2016-10-06 21:33:52.956782;;;;
1068;2012.01.1.073090-4;TJDFT;1;;1;14;812;f;0;;;777-005.676/2013;499;3;2013-10-11 18:45:08.463;2016-10-06 21:33:52.966313;;;;
1070;2012.01.1.130617-2;TJDFT;9;;5;14;524;f;0;;;777-005.678/2013;499;3;2013-10-11 18:46:49.433;2016-10-06 21:33:52.987976;;;;
1071;2012.01.1.115855-3;TJDFT;1;;17;14;524;f;0;;;777-005.679/2013;499;3;2013-10-11 18:46:55.26;2016-10-06 21:33:52.999084;;;;
1072;2012.01.1.117807-3;TJDFT;1;;1;14;524;f;0;;;777-005.680/2013;499;3;2013-10-11 18:47:41.513;2016-10-06 21:33:53.009038;;;;
1073;2012.01.1.131367-0;TJDFT;1;;5;14;524;f;0;;;777-005.681/2013;499;3;2013-10-11 18:48:30.123;2016-10-06 21:33:53.018409;;;;
1074;2012.01.1.118562-8;TJDFT;35;;1;14;812;f;0;;;777-005.682/2013;499;3;2013-10-11 18:49:05.763;2016-10-06 21:33:53.027534;;;;
1075;2012.01.1.141178-6;TJDFT;1;;5;14;812;f;0;;;777-005.683/2013;499;3;2013-10-11 18:50:22.28;2016-10-06 21:33:53.036643;;;;
1076;2012.01.1.125571-2;TJDFT;1;;1;14;739;f;0;;;777-005.684/2013;499;3;2013-10-11 18:51:16.157;2016-10-06 21:33:53.046701;;;;
1077;2012.01.1.128568-4;TJDFT;1;;1;14;524;f;0;;;777-005.685/2013;499;3;2013-10-11 18:52:20.427;2016-10-06 21:33:53.055965;;;;
1078;2012.01.1.133408-0;TJDFT;1;;1;14;524;f;0;;;777-005.686/2013;499;3;2013-10-11 18:53:11.88;2016-10-06 21:33:53.06581;;;;
1079;2012.01.1.153974-3;TJDFT;1;;5;14;867;f;0;;;777-005.687/2013;499;3;2013-10-11 18:54:21.473;2016-10-06 21:33:53.075512;;;;
1080;2012.01.1.156128-3;TJDFT;9;;5;14;739;f;0;;;777-005.688/2013;499;3;2013-10-11 18:56:54.807;2016-10-06 21:33:53.084748;;;;
1081;2012.01.1.138179-3;TJDFT;1;;1;14;739;f;0;;;777-005.689/2013;499;3;2013-10-11 18:57:33.807;2016-10-06 21:33:53.094961;;;;
1082;2012.01.1.140006-7;TJDFT;1;;17;14;524;f;0;;;777-005.690/2013;499;3;2013-10-11 18:58:44.793;2016-10-06 21:33:53.104269;;;;
1083;2012.01.1.141162-4;TJDFT;1;;1;14;812;f;0;;;777-005.691/2013;499;3;2013-10-11 19:00:01.95;2016-10-06 21:33:53.112966;;;;
1084;2012.01.1.163928-5;TJDFT;1;;5;14;805;f;0;;;777-005.692/2013;499;3;2013-10-11 19:00:38.81;2016-10-06 21:33:53.122466;;;;
1085;2012.01.1.143996-0;TJDFT;1;;1;14;524;f;0;;;777-005.693/2013;499;3;2013-10-11 19:01:08.543;2016-10-06 21:33:53.131886;;;;
1058;2012.01.1.039439-5;TJDFT;1;622.0;1;14;812;f;0;;;777-005.665/2013;499;3;2013-10-11 18:35:40.39;2018-08-21 18:56:47.941671;;;;
1062;2012.01.1.055671-5;TJDFT;1;120000.0;1;14;812;f;0;;;777-005.670/2013;499;3;2013-10-11 18:40:23.613;2018-08-21 18:58:47.281381;;;;
1069;2012.01.1.102099-7;TJDFT;1;1000.0;1;14;739;f;0;;;777-005.677/2013;499;3;2013-10-11 18:45:57.497;2018-08-21 18:59:31.48519;;;;
1086;2012.01.1.145830-0;TJDFT;1;;1;14;812;f;0;;;777-005.694/2013;499;3;2013-10-11 19:02:14.467;2016-10-06 21:33:53.140662;;;;
1087;2012.01.1.152509-8;TJDFT;1;;1;14;524;f;0;;;777-005.695/2013;499;3;2013-10-11 19:03:01.297;2016-10-06 21:33:53.15194;;;;
1088;2012.01.1.169583-3;TJDFT;1;;5;14;867;f;0;;;777-005.696/2013;499;3;2013-10-11 19:03:56.61;2016-10-06 21:33:53.161402;;;;
1089;2012.01.1.153973-5;TJDFT;1;;1;14;524;f;0;;;777-005.697/2013;499;3;2013-10-11 19:04:02.953;2016-10-06 21:33:53.171031;;;;
1090;2012.01.1.153973-5;TJDFT;1;;1;14;812;f;0;;;777-005.699/2013;499;3;2013-10-11 19:05:06.19;2016-10-06 21:33:53.180566;;;;
1091;2012.01.1.174371-8;TJDFT;1;;5;14;739;f;0;;;777-005.700/2013;499;3;2013-10-11 19:05:58.787;2016-10-06 21:33:53.18992;;;;
1092;2012.01.1.163878-9;TJDFT;1;;1;14;739;f;0;;;777-005.701/2013;499;3;2013-10-11 19:06:11.427;2016-10-06 21:33:53.200637;;;;
1093;2012.01.1.166624-7;TJDFT;1;;1;14;524;f;0;;;777-005.702/2013;499;3;2013-10-11 19:06:55.427;2016-10-06 21:33:53.211201;;;;
1094;2012.01.1.167405-8;TJDFT;1;;1;14;739;f;0;;;777-005.703/2013;499;3;2013-10-11 19:08:03.977;2016-10-06 21:33:53.224416;;;;
1095;2012.011.187890-0;TJDFT;1;;5;14;524;f;0;;;777-005.704/2013;499;3;2013-10-11 19:08:26.837;2016-10-06 21:33:53.233842;;;;
1097;2012.01.1.189043-2;TJDFT;9;;5;62;739;f;0;;;777-005.706/2013;499;;2013-10-11 19:10:44.447;2016-10-06 21:33:53.252817;;;;
1098;2012.01.1.190871-8;TJDFT;16;;5;62;867;f;0;;;777-005.707/2013;499;;2013-10-11 19:12:47.917;2016-10-06 21:33:53.26204;;;;
1100;2012.01.1.194929-0;TJDFT;9;;5;14;524;f;0;;;777-005.709/2013;499;3;2013-10-11 19:22:36.697;2016-10-06 21:33:53.281687;;;;
1101;2012.01.1.199207-6;TJDFT;9;;5;14;739;f;0;;;777-005.710/2013;499;3;2013-10-11 19:24:08.323;2016-10-06 21:33:53.290905;;;;
1102;2013.01.1.002269-8;TJDFT;9;;5;14;805;f;0;;;777-005.711/2013;499;3;2013-10-11 19:26:25.56;2016-10-06 21:33:53.30024;;;;
1103;2011.01.1.015708-6;TJDFT;9;;5;14;805;f;0;;;777-005.712/2013;499;3;2013-10-11 19:28:09.857;2016-10-06 21:33:53.310537;;;;
1105;2013.01.1.017698-5;TJDFT;1;;5;14;524;f;0;;;777-005.716/2013;499;3;2013-10-11 19:31:41.08;2016-10-06 21:33:53.328431;;;;
1106;2013.01.1.019800-2;TJDFT;9;;5;62;805;f;0;;;777-005.717/2013;499;;2013-10-11 19:33:35.49;2016-10-06 21:33:53.339044;;;;
1107;2013.01.1.021461-9;TJDFT;9;;5;14;812;f;0;;;777-005.718/2013;499;3;2013-10-11 19:36:03.82;2016-10-06 21:33:53.348878;;;;
1108;2013.01.1.024725-2;TJDFT;1;;5;14;805;f;0;;;777-005.721/2013;499;3;2013-10-11 19:50:11.523;2016-10-06 21:33:53.393006;;;;
1111;2013.01.1.047856-0;TJDFT;1;;5;14;805;f;0;;;777-005.728/2013;739;3;2013-10-11 20:05:42.807;2016-10-06 21:33:53.420525;;;;
1112;2013.01.1.048687-9;TJDFT;13;;5;14;739;f;0;;;777-005.730/2013;739;3;2013-10-11 20:07:14.993;2016-10-06 21:33:53.430057;;;;
1114;2013.01.1.060565-8;TJDFT;1;;5;14;805;f;0;;;777-005.734/2013;739;3;2013-10-11 20:11:31.263;2016-10-06 21:33:53.452238;;;;
1118;2012.01.1.166618-3;TJDFT;9;;7;14;812;f;0;;;777-005.741/2013;290;3;2013-10-11 21:15:12.253;2016-10-06 21:33:53.491416;;;;
1678;849/2013;TJDFT;37;;16;3;514;f;0;;;777-007.139/2013;514;1;2013-11-20 16:29:47.407;2016-10-06 21:33:59.320306;;;;
1096;2012.01.1.167411-3;TJDFT;1;100000.0;1;14;812;f;0;;;777-005.705/2013;499;3;2013-10-11 19:08:54.443;2018-08-21 19:00:19.268912;;;;
1099;2012.01.1.194709-3;TJDFT;9;1822.62;5;14;812;f;0;;;777-005.708/2013;499;3;2013-10-11 19:19:09.487;2018-08-21 19:00:54.627842;;;;
1104;2012.01.1.015985-4;TJDFT;9;1866.0;5;14;812;f;0;;;777-005.715/2013;499;3;2013-10-11 19:29:51.173;2018-08-21 19:02:46.562722;;;;
1113;2013.01.1.058771-9;TJDFT;9;500.0;5;14;812;f;0;;;777-005.733/2013;739;3;2013-10-11 20:08:57.823;2018-08-21 19:07:49.145262;;;;
1115;2013.01.1.062934-9;TJDFT;9;500.0;5;14;812;f;0;;;777-005.737/2013;739;3;2013-10-11 20:13:42.83;2018-08-21 19:09:00.315124;;;;
1116;2012.01.1.163924-4;TJDFT;1;100000.0;7;14;805;f;0;;;777-005.739/2013;290;3;2013-10-11 21:09:22.17;2018-08-21 19:09:39.932199;;;;
1120;2012.01.1.177572-6;TJDFT;9;;7;14;739;f;0;;;777-005.743/2013;290;3;2013-10-11 21:28:06.08;2016-10-06 21:33:53.510333;;;;
1121;2012.01.1.179311-0;TJDF;9;;7;14;739;f;0;;;777-005.744/2013;290;3;2013-10-11 21:30:15.707;2016-10-06 21:33:53.519429;;;;
1122;2012.01.1.179313-6;TJDFT;9;;7;14;812;f;0;;;777-005.745/2013;290;3;2013-10-11 21:32:54.21;2016-10-06 21:33:53.529489;;;;
1123;2012.01.1.121434-8;TJDFT;9;;7;14;739;f;0;;;777-005.746/2013;290;3;2013-10-11 21:34:48.213;2016-10-06 21:33:53.538555;;;;
1124;2012.01.1.190643-0;TJDFT;9;;7;14;1006;f;0;;;777-005.747/2013;290;3;2013-10-11 21:37:12.92;2016-10-06 21:33:53.547674;;;;
1125;2012.01.1.190809-2;TJDFT;9;;7;14;812;f;0;;;777-005.748/2013;290;3;2013-10-11 21:43:29.223;2016-10-06 21:33:53.558169;;;;
1126;2012.01.1.190826-9;TJDFT;9;;7;14;812;f;0;;;777-005.749/2013;290;3;2013-10-11 21:45:43.24;2016-10-06 21:33:53.567352;;;;
1127;2012.01.1.1922961-8;TJDFT;9;;7;14;805;f;0;;;777-005.750/2013;290;3;2013-10-11 21:47:23.057;2016-10-06 21:33:53.577153;;;;
1128;2012.01.1.171564-9;TJDFT;9;;7;14;867;f;0;;;777-005.751/2013;290;3;2013-10-11 21:53:45.547;2016-10-06 21:33:53.586791;;;;
1129;2012.01.1.171599-5;TJDFT;9;;7;14;812;f;0;;;777-005.752/2013;290;3;2013-10-11 21:56:14.097;2016-10-06 21:33:53.595824;;;;
1130;2012.01.1.176933-4;TJDFT;9;;7;14;739;f;0;;;777-005.753/2013;290;3;2013-10-11 21:58:50.117;2016-10-06 21:33:53.605768;;;;
1131;2013.01.1.066536-6;TJDFT;9;;5;14;739;f;0;;;777-005.756/2013;739;3;2013-10-14 12:05:24.163;2016-10-06 21:33:53.615141;;;;
1134;2013.01.088199-9;TJDFT;9;;5;14;739;f;0;;;777-005.759/2013;739;3;2013-10-14 12:18:41.153;2016-10-06 21:33:53.642596;;;;
1135;2013.01.1.090045-7;TJDFT;9;;5;14;812;f;0;;;777-005.760/2013;739;3;2013-10-14 12:21:20.607;2016-10-06 21:33:53.651256;;;;
1136;2013.01.1.094840-9;TJDFT;9;;5;14;805;f;0;;;777-005.761/2013;739;3;2013-10-14 12:23:10.407;2016-10-06 21:33:53.661258;;;;
1139;2013.01.1.102118-6;TJDFT;9;;5;14;812;f;0;;;777-005.765/2013;739;3;2013-10-14 12:41:26.447;2016-10-06 21:33:53.689903;;;;
1141;2013.01.1.111705-5;TJDFT;9;;5;14;739;f;0;;;777-005.767/2013;739;3;2013-10-14 12:45:01.573;2016-10-06 21:33:53.709708;;;;
1142;2013.01.1.115438-9;TJDFT;9;;5;14;812;f;0;;;777-005.768/2013;739;3;2013-10-14 13:04:22.33;2016-10-06 21:33:53.719437;;;;
1143;2013.01.1.120644-4;TJDFT;9;;5;14;805;f;0;;;777-005.769/2013;739;3;2013-10-14 13:05:58.177;2016-10-06 21:33:53.729916;;;;
1144;2013.01.1.121364-6;TJDFT;9;;5;14;867;f;0;;;777-005.770/2013;739;3;2013-10-14 13:13:10.243;2016-10-06 21:33:53.739145;;;;
1145;1999.01.1.034269-5;TJDFT;9;;6;62;739;f;0;;;777-005.771/2013;739;;2013-10-14 13:16:52.917;2016-10-06 21:33:53.748312;;;;
1146;2013.01.1.140170-0;TJDFT;9;;5;14;805;f;0;;;777-005.772/2013;739;3;2013-10-14 13:18:33.727;2016-10-06 21:33:53.757365;;;;
1147;1999.01.1.053428-4;TJDFT;11;;6;62;867;f;0;;;777-005.773/2013;739;;2013-10-14 13:22:20.793;2016-10-06 21:33:53.767167;;;;
1148;2000.01.1.012030-5;TJDFT;9;;6;14;805;f;0;;;777-005.774/2013;739;3;2013-10-14 13:24:54.78;2016-10-06 21:33:53.775664;;;;
1149;2000.01.1.051372-7;TJDFT;9;;6;14;805;f;0;;;777-005.775/2013;739;3;2013-10-14 13:26:34.997;2016-10-06 21:33:53.785536;;;;
1150;2004.01.1.020374-6;TJDFT;9;;6;62;805;f;0;;;777-005.776/2013;739;;2013-10-14 13:32:09.687;2016-10-06 21:33:53.795908;;;;
1151;2008.01.1.151726-3;TJDFT;9;;6;14;524;f;0;;;777-005.777/2013;739;3;2013-10-14 13:37:07.363;2016-10-06 21:33:53.805763;;;;
1679;1098/2013;TJDFT;37;;16;3;514;f;0;;;777-007.140/2013;514;1;2013-11-20 16:32:14.943;2016-10-06 21:33:59.326859;;;;
1119;2012.01.1.169594-6;TJDFT;9;150290.77;7;14;812;f;0;;;777-005.742/2013;290;3;2013-10-11 21:19:52.777;2018-08-21 19:13:03.429609;;;;
1133;2013.01.1.087367-3;TJDFT;9;1000.0;5;14;812;f;0;;;777-005.758/2013;739;3;2013-10-14 12:12:36.4;2018-08-21 19:24:22.301036;;;;
1137;2013.01.1.096868-5;TJDFT;9;254.54;5;14;812;f;0;;;777-005.762/2013;739;3;2013-10-14 12:25:10.327;2018-08-21 19:28:34.283445;;;;
1153;2013.01.1.064646-8;TRIBUNAL DE JUSTI脟A DO DF;37;;1;14;805;f;0;;;777-005.794/2013;521;3;2013-10-14 16:50:34.703;2016-10-06 21:33:53.825636;;;;
1154;2012.01.1.169592-0;TJDFT;37;;1;14;524;f;0;;;777-005.795/2013;290;3;2013-10-14 16:50:42.993;2016-10-06 21:33:53.835082;;;;
1155;2012.01.1.176817-0;TJDFT;37;;1;14;524;f;0;;;777-005.796/2013;290;3;2013-10-14 16:51:38.713;2016-10-06 21:33:53.844296;;;;
1156;2013.01.1.068846-4;TRIBUNAL DE JUSTI脟A DO DF;37;;1;14;805;f;0;;;777-005.797/2013;521;3;2013-10-14 16:51:43.627;2016-10-06 21:33:53.854359;;;;
1157;2012.01.1.179308-9;TJDFT;37;;1;14;524;f;0;;;777-005.798/2013;290;3;2013-10-14 16:52:44.477;2016-10-06 21:33:53.864061;;;;
1158;2013.01.1.075182-7;TRIBUNAL DE JUSTI脟A DO DF;37;;1;14;739;f;0;;;777-005.799/2013;521;3;2013-10-14 16:52:49.813;2016-10-06 21:33:53.87385;;;;
1159;2012.01.1.189856-7;TJDFT;37;;1;14;739;f;0;;;777-005.800/2013;290;3;2013-10-14 16:53:43.947;2016-10-06 21:33:53.883561;;;;
1160;2013.01.1.083317-7;TRIBUNAL DE JUSTI脟A DO DF;37;;1;14;867;f;0;;;777-005.801/2013;521;3;2013-10-14 16:53:49.457;2016-10-06 21:33:53.893651;;;;
1161;2013.01.1.084789-9;TRIBUNAL DE JUSTI脟A DO DF;37;;1;14;867;f;0;;;777-005.802/2013;521;3;2013-10-14 16:54:39.317;2016-10-06 21:33:53.903445;;;;
1162;2012.01.1.189861-4;TJDFT;37;;1;14;739;f;0;;;777-005.803/2013;290;3;2013-10-14 16:54:50.54;2016-10-06 21:33:53.912845;;;;
1163;2013.01.1.088203-6;TRIBUNAL DE JUSTI脟A DO DF;37;;1;14;867;f;0;;;777-005.804/2013;521;3;2013-10-14 16:55:41.41;2016-10-06 21:33:53.921501;;;;
1164;2012.01.1.190812-3;TJDFT;37;;1;14;524;f;0;;;777-005.805/2013;290;3;2013-10-14 16:56:17.777;2016-10-06 21:33:53.931563;;;;
1165;2013.01.1.089009-7;TRIBUNAL DE JUSTI脟A DO DF;37;;1;14;739;f;0;;;777-005.806/2013;521;3;2013-10-14 16:56:39.143;2016-10-06 21:33:53.941389;;;;
1166;2012.01.1.190821-0;TJDFT;37;;1;14;524;f;0;;;777-005.807/2013;290;3;2013-10-14 16:57:17.183;2016-10-06 21:33:53.950695;;;;
1167;2013.01.1.091399-7;TRIBUNAL DE JUSTI脟A DO DF;37;;1;14;739;f;0;;;777-005.808/2013;521;3;2013-10-14 16:57:38.91;2016-10-06 21:33:53.960152;;;;
1168;2012.01.1.193436-5;TJDFT;37;;1;14;739;f;0;;;777-005.809/2013;290;3;2013-10-14 16:58:17.777;2016-10-06 21:33:53.97023;;;;
1169;2013.01.1.096486-7;TRIBUNAL DE JUSTI脟A DO DF;37;;1;14;805;f;0;;;777-005.810/2013;521;3;2013-10-14 16:58:40.91;2016-10-06 21:33:53.979413;;;;
1170;2012.01.1.196003-5;TJDFT;37;;1;14;739;f;0;;;777-005.811/2013;290;3;2013-10-14 16:59:28.667;2016-10-06 21:33:53.988951;;;;
1171;2013.01.1.104328-0;TRIBUNAL DE JUSTI脟A DO DF;37;;1;14;812;f;0;;;777-005.812/2013;521;3;2013-10-14 16:59:44.927;2016-10-06 21:33:53.998133;;;;
1172;2012.01.1.196626-9;TJDFT;37;;1;14;524;f;0;;;777-005.813/2013;290;3;2013-10-14 17:00:29.357;2016-10-06 21:33:54.0074;;;;
1173;2013.01.1.126535-9;TRIBUNAL DE JUSTI脟A DO DF;37;;1;14;524;f;0;;;777-005.814/2013;521;3;2013-10-14 17:00:40.583;2016-10-06 21:33:54.020179;;;;
1175;2012.01.1.197098-5;TJDFT;37;;1;14;805;f;0;;;777-005.816/2013;290;3;2013-10-14 17:01:43.873;2016-10-06 21:33:54.038766;;;;
1176;2013.01.1.133814-6;TRIBUNAL DE JUSTI脟A DO DF;37;;1;14;812;f;0;;;777-005.817/2013;521;3;2013-10-14 17:02:22.88;2016-10-06 21:33:54.048457;;;;
1177;2012.01.1.198513-9;TJDFT;37;;1;14;867;f;0;;;777-005.818/2013;290;3;2013-10-14 17:02:52.84;2016-10-06 21:33:54.058358;;;;
1178;2013.01.1.039225-9;TRIBUNAL DE JUSTI脟A DO DF;37;;4;14;867;f;0;;;777-005.819/2013;521;3;2013-10-14 17:03:32.163;2016-10-06 21:33:54.06856;;;;
1179;2013.01.1.003076-5;TJDFT;37;;1;14;812;f;0;;;777-005.820/2013;290;3;2013-10-14 17:03:57.013;2016-10-06 21:33:54.078271;;;;
1181;2013.01.1.003821-5;TJDFT;37;;1;14;812;f;0;;;777-005.822/2013;290;3;2013-10-14 17:05:00.107;2016-10-06 21:33:54.097208;;;;
1182;2013.01.1.058754-2;TRIBUNAL DE JUSTI脟A DO DF;37;;4;14;805;f;0;;;777-005.823/2013;521;3;2013-10-14 17:05:27.523;2016-10-06 21:33:54.106496;;;;
1183;2013.01.1.006219-5;TJDFT;37;;1;14;812;f;0;;;777-005.824/2013;290;3;2013-10-14 17:06:08.14;2016-10-06 21:33:54.115534;;;;
1174;2013.01.1.126535-9;TRIBUNAL DE JUSTI脟A DO DF;37;65000.0;1;14;524;f;0;;;777-005.815/2013;521;3;2013-10-14 17:01:02.537;2018-08-21 19:29:32.181886;;;;
1180;2013.01.1.041588-6;TRIBUNAL DE JUSTI脟A DO DF;37;50000.0;4;14;812;f;0;;;777-005.821/2013;521;3;2013-10-14 17:04:30.1;2018-08-21 19:30:17.209529;;;;
1184;2013.01.1.059148-8;TRIBUNAL DE JUSTI脟A DO DF;37;;4;14;867;f;0;;;777-005.825/2013;521;3;2013-10-14 17:06:24.993;2016-10-06 21:33:54.125145;;;;
1185;2013.01.1.006935-8;TJDFT;37;;1;14;805;f;0;;;777-005.826/2013;290;3;2013-10-14 17:07:11.77;2016-10-06 21:33:54.134546;;;;
1186;2013.01.1.066534-0;TRIBUNAL DE JUSTI脟A DO DF;37;;4;14;867;f;0;;;777-005.827/2013;521;3;2013-10-14 17:07:32.057;2016-10-06 21:33:54.143659;;;;
1187;2013.01.1.060560-9;TRIBUNAL DE JUSTI脟A DO DF;37;;4;14;867;f;0;;;777-005.828/2013;521;3;2013-10-14 17:08:15.37;2016-10-06 21:33:54.153451;;;;
1188;2013.01.1.021469-2;TJDFT;37;;1;14;739;f;0;;;777-005.829/2013;290;3;2013-10-14 17:08:25.8;2016-10-06 21:33:54.162605;;;;
1189;2013.01.1.066534-0;TRIBUNAL DE JUSTI脟A DO DF;37;;4;14;812;f;0;;;777-005.830/2013;521;3;2013-10-14 17:09:13.743;2016-10-06 21:33:54.171675;;;;
1190;2013.01.1.030084-8;TJDFT;37;;1;14;805;f;0;;;777-005.831/2013;290;3;2013-10-14 17:09:24.643;2016-10-06 21:33:54.18105;;;;
1191;2013.01.1.068011-2;TRIBUNAL DE JUSTI脟A DO DF;37;;4;14;739;f;0;;;777-005.832/2013;521;3;2013-10-14 17:10:06.54;2016-10-06 21:33:54.190126;;;;
1192;2013.01.1.031913-3;TJDFT;37;;1;14;805;f;0;;;777-005.833/2013;290;3;2013-10-14 17:10:25.86;2016-10-06 21:33:54.199;;;;
1193;2013.01.1.069817-6;TRIBUNAL DE JUSTI脟A DO DF;37;;4;14;867;f;0;;;777-005.834/2013;521;3;2013-10-14 17:11:00.447;2016-10-06 21:33:54.208194;;;;
1195;2013.01.1.076098-7;TRIBUNAL DE JUSTI脟A DO DF;37;;4;14;867;f;0;;;777-005.836/2013;521;3;2013-10-14 17:11:53.917;2016-10-06 21:33:54.22571;;;;
1196;2013.01.1.046777-5;TJDFT;37;;1;14;739;f;0;;;777-005.837/2013;290;3;2013-10-14 17:12:33.563;2016-10-06 21:33:54.235958;;;;
1197;2013.01.1.080335-3;TRIBUNAL DE JUSTI脟A DO DF;37;;4;14;739;f;0;;;777-005.838/2013;521;3;2013-10-14 17:13:06.34;2016-10-06 21:33:54.245859;;;;
1198;2013.01.1.052005-2;TJDFT;37;;1;14;739;f;0;;;777-005.839/2013;290;3;2013-10-14 17:13:30.657;2016-10-06 21:33:54.254842;;;;
1199;2013.01.1.083315-5;TRIBUNAL DE JUSTI脟A DO DF;1;;4;14;739;f;0;;;777-005.840/2013;521;3;2013-10-14 17:13:58.293;2016-10-06 21:33:54.263714;;;;
1200;2013.01.1.056848-8;TJDFT;37;;1;14;805;f;0;;;777-005.841/2013;290;3;2013-10-14 17:14:39.83;2016-10-06 21:33:54.273883;;;;
1201;2013.01.1.098040-7;TRIBUNAL DE JUSTI脟A DO DF;37;;4;14;867;f;0;;;777-005.842/2013;521;3;2013-10-14 17:15:03.34;2016-10-06 21:33:54.283268;;;;
1202;2013.01.1.058211-9;TJDFT;37;;1;14;739;f;0;;;777-005.843/2013;290;3;2013-10-14 17:15:59.863;2016-10-06 21:33:54.293641;;;;
1203;2013.01.1.058746-2;TJDFT;37;;1;14;805;f;0;;;777-005.844/2013;290;3;2013-10-14 17:17:12.237;2016-10-06 21:33:54.30266;;;;
1204;2013.01.1.058774-3;TJDFT;37;;1;14;739;f;0;;;777-005.845/2013;290;3;2013-10-14 17:18:25.487;2016-10-06 21:33:54.311756;;;;
1205;2013.01.1.058848-0;TJDFT;37;;1;14;805;f;0;;;777-005.846/2013;290;3;2013-10-14 17:19:35.723;2016-10-06 21:33:54.321062;;;;
1206;2013.01.1.061316-3;TJDFT;37;;1;14;524;f;0;;;777-005.847/2013;290;3;2013-10-14 17:21:25.223;2016-10-06 21:33:54.33097;;;;
1207;2012.01.1.149887-6;TRIBUNAL DE JUSTI脟A DO DF;37;;8;14;812;f;0;;;777-005.848/2013;521;3;2013-10-14 17:44:52.713;2016-10-06 21:33:54.341144;;;;
1208;2010.01.1.087065-4;TJDFT;10;;1;14;805;f;0;;;777-005.849/2013;290;3;2013-10-14 17:45:09.967;2016-10-06 21:33:54.350396;;;;
1209;2012.01.1.152502-4;TRIBUNAL DE JUSTI脟A DO DF;37;;8;14;812;f;0;;;777-005.850/2013;521;3;2013-10-14 17:46:04.323;2016-10-06 21:33:54.359807;;;;
1210;2010.01.1.216431-9;TJDFT;15;;1;14;867;f;0;;;777-005.851/2013;290;3;2013-10-14 17:46:30.7;2016-10-06 21:33:54.370202;;;;
1211;2012.01.1.163929-3;TRIBUNAL DE JUSTI脟A DO DF;37;;8;14;739;f;0;;;777-005.852/2013;521;3;2013-10-14 17:47:27.417;2016-10-06 21:33:54.379335;;;;
1212;2010.01.1.216431-9;TJDFT;15;;8;62;1006;f;0;;;777-005.853/2013;290;;2013-10-14 17:48:25.81;2016-10-06 21:33:54.389359;;;;
1213;2010.01.1.087065-4;TJDFT;10;;8;14;805;f;0;;;777-005.854/2013;290;3;2013-10-14 17:48:54.547;2016-10-06 21:33:54.400209;;;;
1214;2012.01.1.167401-7;TRIBUNAL DE JUSTI脟A DO DF;37;;8;14;739;f;0;;;777-005.855/2013;521;3;2013-10-14 17:49:41.013;2016-10-06 21:33:54.410351;;;;
1215;2011.01.1.041179-9;TJDFT;1;;8;14;524;f;0;;;777-005.856/2013;290;3;2013-10-14 17:50:16.937;2016-10-06 21:33:54.419186;;;;
555;4645/90;TJDFT;11;18000.0;4;;;f;0;t;1000.0;;514;;2016-10-04 14:23:19.223;2018-08-16 17:25:08.416133;f;;;
1216;2012.01.1170745-2;TRIBUNAL DE JUSTI脟A DO DF;37;;8;8;805;f;0;;;777-005.857/2013;521;;2013-10-14 17:50:40.84;2016-10-06 21:33:54.428384;;;;
1217;2012.01.1.176819-6;TRIBUNAL DE JUSTI脟A DO DF;37;;8;14;739;f;0;;;777-005.858/2013;521;3;2013-10-14 17:51:40.56;2016-10-06 21:33:54.438151;;;;
1218;2011.01.1.067530-5;TJDFT;3;;8;14;812;f;0;;;777-005.859/2013;290;3;2013-10-14 17:51:55.78;2016-10-06 21:33:54.44884;;;;
1219;2011.01.1.067530-5;TJDFT;3;;8;14;812;f;0;;;777-005.860/2013;290;3;2013-10-14 17:51:56.313;2016-10-06 21:33:54.458479;;;;
1221;2012.01.1.183587-5;TRIBUNAL DE JUSTI脟A DO DF;37;;8;14;867;f;0;;;777-005.862/2013;521;3;2013-10-14 17:55:26.373;2016-10-06 21:33:54.477949;;;;
1222;2011.01.1.141317-4;TJDFT;20;;8;14;1006;f;0;;;777-005.863/2013;290;3;2013-10-14 17:55:30.5;2016-10-06 21:33:54.487269;;;;
1224;2012.01.1.187041-4;TRIBUNAL DE JUSTI脟A DO DF;37;;8;14;739;f;0;;;777-005.865/2013;521;3;2013-10-14 17:59:31.017;2016-10-06 21:33:54.509946;;;;
1225;2012.01.1.051653-5;TJDFT;37;;8;14;805;f;0;;;777-005.866/2013;290;3;2013-10-14 17:59:37.08;2016-10-06 21:33:54.519752;;;;
1226;2012.01.1.189070-5;TRIBUNAL DE JUSTI脟A DO DF;37;;8;14;805;f;0;;;777-005.867/2013;521;3;2013-10-14 18:00:26.753;2016-10-06 21:33:54.529206;;;;
1228;2012.01.1.189857-5;TRIBUNAL DE JUSTI脟A DO DF;37;;8;14;805;f;0;;;777-005.869/2013;521;3;2013-10-14 18:01:27.643;2016-10-06 21:33:54.549243;;;;
1229;2012.01.1.081015-5;TJDFT;37;;8;14;524;f;0;;;777-005.870/2013;290;3;2013-10-14 18:01:43.613;2016-10-06 21:33:54.558628;;;;
1230;2012.01.1.190607-9;TRIBUNAL DE JUSTI脟A DO DF;16;;8;62;739;f;0;;;777-005.871/2013;521;;2013-10-14 18:02:43.627;2016-10-06 21:33:54.56802;;;;
1231;2012.01.1.138183-2;TJDFT;37;;8;14;524;f;0;;;777-005.872/2013;290;3;2013-10-14 18:03:14.69;2016-10-06 21:33:54.580124;;;;
1232;2012.01.1.190818-9;TRIBUNAL DE JUSTI脟A DO DF;37;;8;14;739;f;0;;;777-005.873/2013;521;3;2013-10-14 18:04:18.097;2016-10-06 21:33:54.591133;;;;
1233;2012.01.1.143306-0;TJDFT;37;;8;14;524;f;0;;;777-005.874/2013;290;3;2013-10-14 18:05:03.067;2016-10-06 21:33:54.603306;;;;
1234;2012.01.1.194101-0;TRIBUNAL DE JUSTI脟A DO DF;37;;8;14;524;f;0;;;777-005.875/2013;521;3;2013-10-14 18:05:24.003;2016-10-06 21:33:54.615803;;;;
1236;2012.01.1.197543-5;TRIBUNAL DE JUSTI脟A DO DF;37;;8;14;739;f;0;;;777-005.877/2013;521;3;2013-10-14 18:07:19.613;2016-10-06 21:33:54.636034;;;;
1237;2012.01.1.197546-8;TRIBUNAL DE JUSTI脟A DO DF;37;;8;62;739;f;0;;;777-005.879/2013;521;;2013-10-14 18:08:12.723;2016-10-06 21:33:54.644875;;;;
1238;2012.01.1.198622-0;TRIBUNAL DE JUSTI脟A DO DF;36;;8;14;739;f;0;;;777-005.880/2013;521;3;2013-10-14 18:09:30.757;2016-10-06 21:33:54.65454;;;;
1239;2013.01.1.003822-3;TRIBUNAL DE JUSTI脟A DO DF;37;;8;14;805;f;0;;;777-005.881/2013;521;3;2013-10-14 18:10:28.163;2016-10-06 21:33:54.663798;;;;
1240;2013.01.1.008723-3;TRIBUNAL DE JUSTI脟A DO DF;37;;8;14;805;f;0;;;777-005.882/2013;521;3;2013-10-14 18:11:32.663;2016-10-06 21:33:54.674829;;;;
1241;2013.01.1.008728-2;TRIBUNAL DE JUSTI脟A DO DF;37;;8;14;739;f;0;;;777-005.883/2013;521;3;2013-10-14 18:12:31.243;2016-10-06 21:33:54.685379;;;;
1242;2013.01.1.024709-2;TRIBUNAL DE JUSTI脟A DO DF;37;;8;14;739;f;0;;;777-005.884/2013;521;3;2013-10-14 18:13:36.197;2016-10-06 21:33:54.694923;;;;
1243;2013.01.1.024715-6;TRIBUNAL DE JUSTI脟A DO DF;37;;8;14;805;f;0;;;777-005.885/2013;521;3;2013-10-14 18:14:38.96;2016-10-06 21:33:54.704012;;;;
1244;2013.01.1.025808-8;TRIBUNAL DE JUSTI脟A DO DF;37;;8;14;739;f;0;;;777-005.886/2013;521;3;2013-10-14 18:15:33.447;2016-10-06 21:33:54.71253;;;;
1245;2013.01.1.028131-0;TRIBUNAL DE JUSTI脟A DO DF;37;;8;14;867;f;0;;;777-005.887/2013;521;3;2013-10-14 18:16:33.603;2016-10-06 21:33:54.722702;;;;
1246;2013.01.1.030786-7;TRIBUNAL DE JUSTI脟A DO DF;37;;8;14;805;f;0;;;777-005.888/2013;521;3;2013-10-14 18:17:35.197;2016-10-06 21:33:54.732437;;;;
530;0033329-21.2016.8.07.0018;TJDFT;1;30000.0;2;;;t;0;;;;514;;2016-09-14 20:14:10.673;2018-04-30 14:12:33.910097;f;;;
1223;2012.01.1.021444-4;TJDFT;3;100.0;8;14;812;f;0;;;777-005.864/2013;290;3;2013-10-14 17:57:06.72;2018-08-21 19:34:24.770579;;;;
1247;2013.01.1.033132-2;TRIBUNAL DE JUSTI脟A DO DF;37;;8;14;805;f;0;;;777-005.889/2013;521;3;2013-10-14 18:18:46.057;2016-10-06 21:33:54.743065;;;;
1248;2013.01.1.051277-2;TRIBUNAL DE JUSTI脟A DO DF;37;;8;14;739;f;0;;;777-005.890/2013;521;3;2013-10-14 18:19:45.933;2016-10-06 21:33:54.753642;;;;
1249;2013.01.1.066571-9;TRIBUNAL DE JUSTI脟A DO DF;9;;8;14;805;f;0;;;777-005.891/2013;521;3;2013-10-14 18:21:06.027;2016-10-06 21:33:54.763166;;;;
1250;2013.01.1.072576-3;TRIBUNAL DE JUSTI脟A DO DF;37;;8;14;867;f;0;;;777-005.892/2013;521;3;2013-10-14 18:22:06.887;2016-10-06 21:33:54.773207;;;;
1251;2009.01.1.108428-9;TJDFT;9;;6;14;739;f;0;;;777-005.897/2013;739;3;2013-10-14 20:25:19.893;2016-10-06 21:33:54.782045;;;;
1252;2010.01.1.078914-0;TJDFT;9;;5;14;739;f;0;;;777-005.898/2013;739;3;2013-10-14 20:28:12.21;2016-10-06 21:33:54.7914;;;;
1253;2010.01.1.089182-7;TJDFT;41;;6;62;805;f;0;;;777-005.899/2013;739;;2013-10-14 20:29:52.087;2016-10-06 21:33:54.801676;;;;
1254;2011.01.1.006201-2;TJDFT;9;;6;14;524;f;0;;;777-005.900/2013;739;3;2013-10-14 20:31:32.887;2016-10-06 21:33:54.811209;;;;
1255;2011.01.1.066392-6;TJDFT;1;;6;14;805;f;0;;;777-005.901/2013;290;3;2013-10-14 20:38:27.06;2016-10-06 21:33:54.821459;;;;
1256;2011.01.1.099051-6;TJDFT;37;;6;14;805;f;0;;;777-005.902/2013;290;3;2013-10-14 20:40:04.89;2016-10-06 21:33:54.831491;;;;
1257;2011.01.1.101557-7;TJDFT;1;;6;14;805;f;0;;;777-005.903/2013;290;3;2013-10-14 20:41:31.22;2016-10-06 21:33:54.843182;;;;
1258;2011.01.1.151057-5;TJDFT;37;;6;14;867;f;0;;;777-005.904/2013;290;3;2013-10-14 20:42:41.77;2016-10-06 21:33:54.85396;;;;
1259;2011.01.1.190074-7;TJDFT;12;;6;14;812;f;0;;;777-005.905/2013;290;3;2013-10-14 20:44:05.927;2016-10-06 21:33:54.864564;;;;
1260;2011.01.1.211030-0;TJDFT;37;;6;14;524;f;0;;;777-005.906/2013;290;3;2013-10-14 20:45:11.35;2016-10-06 21:33:54.874181;;;;
1261;2011.01.1.214338-6;TJDFT;37;;6;14;812;f;0;;;777-005.907/2013;290;3;2013-10-14 20:46:53.4;2016-10-06 21:33:54.88425;;;;
1262;2012.01.1.060161-6;TJDFT;37;;6;14;805;f;0;;;777-005.908/2013;290;3;2013-10-14 20:50:08.95;2016-10-06 21:33:54.894973;;;;
1263;2010.01.1.177140-5;TJDFT;1;;4;14;867;f;0;;;777-005.909/2013;514;3;2013-10-14 21:00:29.73;2016-10-06 21:33:54.904363;;;;
1264;2011.01.1.046186-7;TJDFT;15;;4;14;739;f;0;;;777-005.910/2013;514;3;2013-10-14 21:03:31.89;2016-10-06 21:33:54.91474;;;;
1265;2011.01.1.063860-7;TJDFT;1;;4;14;812;f;0;;;777-005.911/2013;514;3;2013-10-14 21:04:37.92;2016-10-06 21:33:54.925189;;;;
1267;2011.01.1.097478-3;TJDFT;1;;4;14;867;f;0;;;777-005.913/2013;514;3;2013-10-14 21:22:47.24;2016-10-06 21:33:54.944187;;;;
1269;2011.01.1.198861-4;TJDFT;1;;4;14;805;f;0;;;777-005.915/2013;514;3;2013-10-14 21:25:28.853;2016-10-06 21:33:54.963785;;;;
1270;2011.01.1.206327-6;TJDFT;1;;4;14;812;f;0;;;777-005.916/2013;514;3;2013-10-14 21:27:26.107;2016-10-06 21:33:54.97341;;;;
1271;2011.01.1.223820-3;TJDFT;1;;4;14;739;f;0;;;777-005.917/2013;514;3;2013-10-14 21:36:36.303;2016-10-06 21:33:54.983251;;;;
1272;2012.01.1.018885-6;TJDFT;1;;4;14;524;f;0;;;777-005.918/2013;514;3;2013-10-14 21:37:40.773;2016-10-06 21:33:54.992856;;;;
1273;2012.01.1.026450-4;TJDFT;1;;4;14;812;f;0;;;777-005.919/2013;514;3;2013-10-14 21:38:46.807;2016-10-06 21:33:55.002261;;;;
1274;2012.01.1.055700-2;TJDFT;1;;4;14;524;f;0;;;777-005.920/2013;514;3;2013-10-14 21:39:46.76;2016-10-06 21:33:55.011871;;;;
1275;2012.01.1.081642-8;TJDFT;14;;4;14;867;f;0;;;777-005.921/2013;514;3;2013-10-14 21:41:18.687;2016-10-06 21:33:55.021754;;;;
1276;2012.01.1.089468-8;TJDFT;37;;4;14;867;f;0;;;777-005.922/2013;514;3;14/10/2013 21:42;2016-10-06 21:33:55.03119;;;;
1277;2012.01.1.090618-6;TJDFT;1;;4;14;524;f;0;;;777-005.923/2013;514;3;14/10/2013 21:44;2016-10-06 21:33:55.040429;;;;
1278;2012.01.1.099975-5;TJDFT;1;;4;14;524;f;0;;;777-005.924/2013;514;3;2013-10-14 21:49:22.007;2016-10-06 21:33:55.050239;;;;
1279;2012.01.1.108065-6;TJDFT;1;;4;14;812;f;0;;;777-005.925/2013;514;3;2013-10-14 21:50:56.993;2016-10-06 21:33:55.059861;;;;
1280;2012.01.1.110527-6;TJDFT;1;;4;14;812;f;0;;;777-005.926/2013;514;3;2013-10-14 21:51:52.9;2016-10-06 21:33:55.06914;;;;
1281;2012.01.1.134134-7;TJDFT;1;;4;14;739;f;0;;;777-005.928/2013;514;3;2013-10-15 11:16:44.98;2016-10-06 21:33:55.083483;;;;
1282;2012.01.1.134944-9;TJDFT;9;;4;14;1006;f;0;;;777-005.929/2013;514;3;2013-10-15 11:18:03.84;2016-10-06 21:33:55.093097;;;;
1283;2012.01.1.143974-4;TJDFT;1;;4;14;812;f;0;;;777-005.930/2013;514;3;2013-10-15 11:18:56.513;2016-10-06 21:33:55.102035;;;;
1284;2012.01.1.146356-2;TJDFT;1;;4;14;524;f;0;;;777-005.931/2013;514;3;2013-10-15 11:19:56.123;2016-10-06 21:33:55.112103;;;;
1285;2012.01.1.147440-4;TJDFT;1;;4;14;805;f;0;;;777-005.932/2013;514;3;2013-10-15 11:20:56.06;2016-10-06 21:33:55.12076;;;;
1286;2012.01.1.156131-4;TJDFT;1;;4;14;812;f;0;;;777-005.933/2013;514;3;2013-10-15 11:21:52.703;2016-10-06 21:33:55.130491;;;;
1287;2012.01.1.161837-7;TJDFT;1;;4;14;739;f;0;;;777-005.934/2013;514;3;2013-10-15 11:22:43.173;2016-10-06 21:33:55.140196;;;;
1288;2012.01.1.162217-7;TJDFT;1;;4;14;524;f;0;;;777-005.935/2013;514;3;2013-10-15 11:23:46.533;2016-10-06 21:33:55.150048;;;;
1289;2012.01.1.163901-9;TJDFT;15;;4;14;805;f;0;;;777-005.936/2013;514;3;2013-10-15 11:24:43.643;2016-10-06 21:33:55.159438;;;;
1290;2012.01.1.168390-7;TJDFT;1;;4;14;812;f;0;;;777-005.937/2013;514;3;2013-10-15 11:25:45.3;2016-10-06 21:33:55.169522;;;;
1292;2012.01.1.175390-3;TJDFT;12;;4;14;812;f;0;;;777-005.939/2013;514;3;2013-10-15 11:28:00.367;2016-10-06 21:33:55.189179;;;;
1293;2012.01.1.178358-6;TJDFT;1;;4;14;812;f;0;;;777-005.940/2013;514;3;2013-10-15 11:29:06.85;2016-10-06 21:33:55.19831;;;;
1294;2012.01.1.183573-8;TJDFT;1;;4;14;805;f;0;;;777-005.941/2013;514;3;2013-10-15 11:30:34.007;2016-10-06 21:33:55.207537;;;;
1295;2012.01.1.187896-7;TJDFT;1;;4;14;739;f;0;;;777-005.942/2013;514;3;2013-10-15 11:31:27.883;2016-10-06 21:33:55.22008;;;;
1296;2012.01.1.189607-0;TJDFT;16;;4;14;1006;f;0;;;777-005.943/2013;514;3;2013-10-15 11:32:18.87;2016-10-06 21:33:55.234595;;;;
1298;2012.01.1.196630-8;TJDFT;1;;4;14;805;f;0;;;777-005.945/2013;514;3;2013-10-15 11:34:34.653;2016-10-06 21:33:55.260198;;;;
1299;2013.01.1.001689-2;TJDFT;1;;4;14;812;f;0;;;777-005.946/2013;514;3;2013-10-15 11:35:29.703;2016-10-06 21:33:55.277273;;;;
1301;2013.01.1.013222-2;TJDFT;1;;4;14;739;f;0;;;777-005.948/2013;514;3;2013-10-15 11:37:38.907;2016-10-06 21:33:55.303926;;;;
1302;2013.01.1.025372-4;TJDFT;1;;4;14;867;f;0;;;777-005.949/2013;514;3;2013-10-15 11:38:33.127;2016-10-06 21:33:55.328153;;;;
1304;2013.01.1.036710-8;TJDFT;1;;4;14;524;f;0;;;777-005.951/2013;514;3;2013-10-15 11:40:21.02;2016-10-06 21:33:55.357084;;;;
1305;2012.01.1.078021-8;TJDFT;1;;6;14;524;f;0;;;777-005.999/2013;831;3;2013-10-16 14:53:31.07;2016-10-06 21:33:55.370767;;;;
1306;2012.01.1.190934-3;TJDFT;16;;2;14;867;f;0;;;777-006.000/2013;514;3;2013-10-16 15:01:24.607;2016-10-06 21:33:55.386838;;;;
1307;2013.01.1.120649-3;TJDFT;1;;6;14;867;f;0;;;777-006.001/2013;514;3;2013-10-16 15:03:44.56;2016-10-06 21:33:55.403003;;;;
1308;2013.01.1.135199-8;TJDFT;1;;3;14;805;f;0;;;777-006.002/2013;514;3;2013-10-16 15:06:07.937;2016-10-06 21:33:55.419074;;;;
1309;2012.01.1.190813-0;TJDFT;1;;6;62;739;f;0;;;777-006.004/2013;514;;2013-10-16 15:25:55.897;2016-10-06 21:33:55.434099;;;;
1310;2004.01.1.053835-8;TJDFT;39;;14;62;867;f;0;;;777-006.005/2013;514;;2013-10-16 15:27:05.557;2016-10-06 21:33:55.45047;;;;
1312;2012.01.1.189070-5;TJDFT;39;;10;62;805;f;0;;;777-006.007/2013;514;;2013-10-16 15:29:15.103;2016-10-06 21:33:55.482739;;;;
1313;2013.01.1.025808-8;TJDFT;1;;8;14;805;f;0;;;777-006.008/2013;514;3;2013-10-16 15:30:29.057;2016-10-06 21:33:55.499728;;;;
1291;2012.01.1.172637-0;TJDFT;37;72000.0;4;14;812;f;0;;;777-005.938/2013;514;3;2013-10-15 11:26:58.553;2018-08-21 19:44:02.890985;;;;
1300;2013.01.1.010754-7;TJDFT;1;80000.0;4;14;524;f;0;;;777-005.947/2013;514;3;2013-10-15 11:36:45.233;2018-08-21 19:46:50.306429;;;;
1311;2012.01.1.194338-8;TJDFT;37;10800.0;8;62;805;t;0;;;777-006.006/2013;514;;2013-10-16 15:28:17.54;2018-12-21 14:05:49.030528;;;;
1314;2013.01.1..085537-0;TJDFT;35;;7;62;805;f;0;;;777-006.009/2013;514;;2013-10-16 15:31:37.497;2016-10-06 21:33:55.516541;;;;
1315;2013.01.1.138452-5;TJDFT;1;;2;62;805;f;0;;;777-006.010/2013;514;;2013-10-16 15:32:34.73;2016-10-06 21:33:55.530976;;;;
1316;2012.01.1.186078-4;TJDFT;1;;6;62;524;f;0;;;777-006.011/2013;514;;2013-10-16 15:33:38.607;2016-10-06 21:33:55.546364;;;;
1317;2012.01.1.115862-5;TJDFT;9;;6;62;524;f;0;;;777-006.012/2013;514;;2013-10-16 15:34:29.137;2016-10-06 21:33:55.56354;;;;
1318;2012.01.1.043723-5;TJDFT;1;;5;62;524;f;0;;;777-006.013/2013;514;;2013-10-16 15:35:28.873;2016-10-06 21:33:55.578675;;;;
1319;2012.01.1.053845-4;TJDFT;1;;2;62;524;f;0;;;777-006.014/2013;514;;2013-10-16 15:37:25.827;2016-10-06 21:33:55.594839;;;;
1321;392.001.718/2011;CODHAB/DF;16;;16;1;867;f;0;;;777-006.032/2013;514;;2013-10-17 11:39:00.173;2016-10-06 21:33:55.625864;;;;
1323;0;CODHAB;37;;1;34;1375;t;0;;;392-044.899/2013;1375;2;2015-09-04 18:14:00.603;2016-10-06 21:33:55.658926;;;;
1324;2012.01.1.086514-9;CODHAB/DF;1;;6;14;739;f;0;;;777-006.073/2013;831;3;2013-10-18 13:13:56.52;2016-10-06 21:33:55.675981;;;;
1325;2012.01.1.106455-2;CODHAB/DF;1;;6;14;524;f;0;;;777-006.074/2013;831;3;2013-10-18 13:18:11.137;2016-10-06 21:33:55.691697;;;;
1326;2012.01.1.111303-8;CODHAB/DF;1;;6;14;524;f;0;;;777-006.076/2013;831;3;2013-10-18 13:25:10.597;2016-10-06 21:33:55.710139;;;;
1327;2012.01.1.111303-8;CODHAB/DF;1;;6;14;524;f;0;;;777-006.077/2013;831;3;2013-10-18 13:25:20.613;2016-10-06 21:33:55.726153;;;;
1328;2012.01.1.113379-6;CODHAB/DF;1;;6;14;739;f;0;;;777-006.078/2013;831;3;2013-10-18 13:27:57.177;2016-10-06 21:33:55.742052;;;;
1329;2012.01.1.115840-8;TJDFT;9;;6;14;524;f;0;;;777-006.079/2013;831;3;2013-10-18 13:33:10.56;2016-10-06 21:33:55.761302;;;;
1330;2012.01.1.115862-5;TJDFT;1;;6;14;739;f;0;;;777-006.080/2013;831;3;2013-10-18 13:34:55.513;2016-10-06 21:33:55.776866;;;;
1331;2012.01.1.116895-6;TJDFT;9;;6;14;739;f;0;;;777-006.082/2013;831;3;2013-10-18 13:40:08.16;2016-10-06 21:33:55.789126;;;;
1332;2012.01.1.127820-8;TJDFT;1;;6;14;812;f;0;;;777-006.083/2013;831;3;2013-10-18 13:44:00.887;2016-10-06 21:33:55.804232;;;;
1333;777-003.731/2013;Conselho de Arquitetura e Urbanismo do Distrito Federal - CAU/DF;37;;16;3;521;f;0;;;777-006.100/2013;521;1;2013-10-18 17:53:11.237;2016-10-06 21:33:55.812095;;;;
1334;2012.01.1.141159-3;TJDFT;1;;6;14;739;f;0;;;777-006.114/2013;831;3;2013-10-21 10:52:41.92;2016-10-06 21:33:55.831203;;;;
1335;2012.01.1.145827-8;TJDFT;9;;6;14;867;f;0;;;777-006.115/2013;831;3;2013-10-21 10:54:46.377;2016-10-06 21:33:55.841801;;;;
1336;2012.01.1.151666-0;TJDFT;1;;6;14;524;f;0;;;777-006.116/2013;831;3;2013-10-21 10:56:41.52;2016-10-06 21:33:55.856244;;;;
1337;2012.01.1.152492-0;TJDFT;1;;6;14;812;f;0;;;777-006.117/2013;831;3;2013-10-21 10:58:14.007;2016-10-06 21:33:55.87029;;;;
1338;2012.01.1.156134-7;TJDFT;10;;6;14;867;f;0;;;777-006.118/2013;831;3;2013-10-21 10:59:41.04;2016-10-06 21:33:55.88642;;;;
1339;2012.01.1.156140-2;TJDFT;1;;6;14;524;f;0;;;777-006.119/2013;831;3;2013-10-21 11:02:27.417;2016-10-06 21:33:55.902809;;;;
1340;2012.01.1.159315-4;TJDFT;1;;6;14;524;f;0;;;777-006.120/2013;831;3;2013-10-21 11:03:44.623;2016-10-06 21:33:55.917839;;;;
1341;2012.01.1.166611-8;TJDFT;1;;6;14;739;f;0;;;777-006.121/2013;831;3;2013-10-21 11:05:07.937;2016-10-06 21:33:55.930861;;;;
1342;2012.01.1.169588-2;TJDFT;1;;6;14;739;f;0;;;777-006.122/2013;831;3;2013-10-21 11:08:23.143;2016-10-06 21:33:55.948554;;;;
1343;2012.01.1.176938-3;TJDFT;1;;6;14;739;f;0;;;777-006.123/2013;831;3;2013-10-21 11:14:07.743;2016-10-06 21:33:55.9637;;;;
1344;2012.01.1.182296-2;TJDFT;1;;6;14;739;f;0;;;777-006.124/2013;831;3;2013-10-21 11:15:32.137;2016-10-06 21:33:55.97688;;;;
1345;2012.01.1.184305-9;TJDFT;1;;6;14;524;f;0;;;777-006.125/2013;831;3;2013-10-21 11:17:23.013;2016-10-06 21:33:55.99295;;;;
1680;310.000.900/2013;SEDHAB;37;;16;3;514;f;0;;;777-007.141/2013;514;1;2013-11-20 16:35:10.387;2016-10-06 21:33:59.334256;;;;
1346;2012.01.1.184953-2;TJDFT;37;;6;14;524;f;0;;;777-006.127/2013;831;3;2013-10-21 11:41:20.117;2016-10-06 21:33:56.007403;;;;
1347;2012.01.1.186044-6;TJDFT;1;;6;14;805;f;0;;;777-006.128/2013;831;3;2013-10-21 11:45:31.917;2016-10-06 21:33:56.019556;;;;
1348;2012.01.1.186044-6;TJDFT;1;;6;14;524;f;0;;;777-006.129/2013;831;3;2013-10-21 11:51:16.233;2016-10-06 21:33:56.038655;;;;
1349;2012.01.1.188364-9;TJDFT;1;;5;14;739;f;0;;;777-006.132/2013;831;3;2013-10-21 12:01:01.307;2016-10-06 21:33:56.056952;;;;
1350;2012.01.1.189598-5;TJDFT;16;;6;14;867;f;0;;;777-006.133/2013;831;3;2013-10-21 12:02:30.073;2016-10-06 21:33:56.066532;;;;
1351;2012.01.1.190504-3;TJDFT;16;;6;14;805;f;0;;;777-006.134/2013;831;3;2013-10-21 12:08:08.877;2016-10-06 21:33:56.079713;;;;
1352;2012.01.1.190935-0;TJDFT;16;;6;14;867;f;0;;;777-006.135/2013;831;3;2013-10-21 12:15:04.773;2016-10-06 21:33:56.09421;;;;
1353;2012.01.1.193441-2;TJDFT;1;;6;14;739;f;0;;;777-006.136/2013;831;3;2013-10-21 12:17:03.29;2016-10-06 21:33:56.108022;;;;
1355;2012.01.1.195992-2;TJDFT;1;;6;14;805;f;0;;;777-006.138/2013;831;3;2013-10-21 12:22:32.547;2016-10-06 21:33:56.13148;;;;
1356;2013.01.1.001678-8;TJDFT;1;;6;14;812;f;0;;;777-006.141/2013;831;3;2013-10-21 12:42:03.55;2016-10-06 21:33:56.148199;;;;
1358;2013.01.1.013401-9;TJDFT;1;;6;14;739;f;0;;;777-006.144/2013;831;3;2013-10-21 13:08:11.297;2016-10-06 21:33:56.178476;;;;
1359;2013.01.1.014571-3;TJDFT;1;;6;14;739;f;0;;;777-006.145/2013;831;3;2013-10-21 13:09:58.14;2016-10-06 21:33:56.196106;;;;
1360;2013.01.1.017800-9;TJDFT;1;;6;14;739;f;0;;;777-006.146/2013;831;3;2013-10-21 13:11:25.343;2016-10-06 21:33:56.213084;;;;
1361;2013.01.1.020704-8;TJDFT;9;;6;14;805;f;0;;;777-006.147/2013;831;3;2013-10-21 13:13:16.127;2016-10-06 21:33:56.222505;;;;
1362;2013.01.1.044276-6;TJDFT;1;;6;14;805;f;0;;;777-006.149/2013;831;3;2013-10-21 13:18:17.023;2016-10-06 21:33:56.230975;;;;
1363;2013.01.1.046775-9;TJDFT;1;;6;14;805;f;0;;;777-006.150/2013;831;3;2013-10-21 13:19:49.307;2016-10-06 21:33:56.239924;;;;
1364;2011.01.1.230344-4;TJDFT;1;;3;14;812;f;0;;;777-006.151/2013;514;3;2013-10-21 13:20:56.613;2016-10-06 21:33:56.250243;;;;
1365;2013.01.1.054738-7;TJDFT;7;;6;14;524;f;0;;;777-006.152/2013;831;3;2013-10-21 13:21:43.887;2016-10-06 21:33:56.259341;;;;
1366;2011.01.1.232191-4;TJDFT;20;;3;14;739;f;0;;;777-006.153/2013;514;3;2013-10-21 13:22:00.503;2016-10-06 21:33:56.269159;;;;
1367;2011.01.1.233181-9;TJDFT;1;;3;14;812;f;0;;;777-006.154/2013;514;3;2013-10-21 13:22:54.787;2016-10-06 21:33:56.278685;;;;
1368;2013.01.1.054738-7;TJDFT;1;;6;14;867;f;0;;;777-006.155/2013;831;3;2013-10-21 13:23:38.637;2016-10-06 21:33:56.288642;;;;
1369;2012.01.1.074657-7;TJDFT;1;;3;14;524;f;0;;;777-006.156/2013;514;3;2013-10-21 13:23:41.597;2016-10-06 21:33:56.298642;;;;
1370;2012.01.1.080005-8;TJDFT;20;;3;14;805;f;0;;;777-006.157/2013;514;3;2013-10-21 13:24:40.003;2016-10-06 21:33:56.30838;;;;
1371;2013.01.1.056851-9;TJDFT;1;;6;14;739;f;0;;;777-006.158/2013;831;3;2013-10-21 13:25:05.843;2016-10-06 21:33:56.317179;;;;
1372;2012.01.1.109874-2;TJDFT;1;;3;14;739;f;0;;;777-006.160/2013;514;3;2013-10-21 13:25:49.66;2016-10-06 21:33:56.326254;;;;
1373;2013.01.1.058767-0;TJDFT;10;;6;14;867;f;0;;;777-006.161/2013;831;3;2013-10-21 13:26:40.703;2016-10-06 21:33:56.336019;;;;
1374;2012.01.1.120952-6;TJDFT;15;;3;14;739;f;0;;;777-006.162/2013;514;3;2013-10-21 13:26:45.02;2016-10-06 21:33:56.345881;;;;
1375;2012.01.1.136715-6;TJDFT;1;;3;14;739;f;0;;;777-006.163/2013;514;3;2013-10-21 13:27:45.117;2016-10-06 21:33:56.355234;;;;
1376;2013.01.1.060558-6;TJDFT;10;;6;14;867;f;0;;;777-006.164/2013;831;3;2013-10-21 13:28:08.907;2016-10-06 21:33:56.364785;;;;
1377;2012.01.1.141180-9;TJDFT;1;;3;14;524;f;0;;;777-006.165/2013;514;3;2013-10-21 13:28:41.99;2016-10-06 21:33:56.374125;;;;
1378;2012.01.1.148059-7;TJDFT;1;;3;14;812;f;0;;;777-006.166/2013;514;3;2013-10-21 13:30:07.117;2016-10-06 21:33:56.382769;;;;
1354;2012.01.1.194369-3;TJDFT;1;70000.0;6;14;812;f;0;;;777-006.137/2013;831;3;2013-10-21 12:21:03.06;2018-08-21 20:08:43.939394;;;;
1379;2012.01.1.148064-4;TJDFT;1;;3;14;739;f;0;;;777-006.167/2013;514;3;2013-10-21 13:31:00.897;2016-10-06 21:33:56.392885;;;;
1380;2013.01.1.060658-9;TJDFT;10;;6;14;521;f;0;;;777-006.168/2013;831;3;2013-10-21 13:31:25.347;2016-10-06 21:33:56.402681;;;;
1381;2012.01.1.149889-2;TJDFT;1;;3;14;812;f;0;;;777-006.169/2013;514;3;2013-10-21 13:31:56.1;2016-10-06 21:33:56.412595;;;;
1382;2013.01.1.068014-5;TJDFT;1;;6;14;867;f;0;;;777-006.170/2013;831;3;2013-10-21 13:32:54.317;2016-10-06 21:33:56.422083;;;;
1383;2012.01.1.156138-8;TJDFT;1;;3;14;739;f;0;;;777-006.171/2013;514;3;2013-10-21 13:33:24.82;2016-10-06 21:33:56.43165;;;;
1384;2013.01.1.068843-0;TJDFT;1;;6;14;867;f;0;;;777-006.172/2013;831;3;2013-10-21 13:34:18.897;2016-10-06 21:33:56.441091;;;;
1385;2012.01.1.169267-3;TJDFT;14;;3;14;739;f;0;;;777-006.173/2013;514;3;2013-10-21 13:35:22.477;2016-10-06 21:33:56.451462;;;;
1386;2013.01.1.068847-2;TJDFT;1;;6;14;739;f;0;;;777-006.174/2013;831;3;2013-10-21 13:36:25.257;2016-10-06 21:33:56.461127;;;;
1387;2012.01.1.186081-5;TJDFT;1;;3;14;524;f;0;;;777-006.175/2013;514;3;2013-10-21 13:37:13.633;2016-10-06 21:33:56.470806;;;;
1388;2013.01.1.073425-5;TJDFT;1;;6;14;739;f;0;;;777-006.176/2013;831;3;2013-10-21 13:37:43.507;2016-10-06 21:33:56.483208;;;;
1390;2013.01.1.092105-0;TJDFT;1;;8;14;867;f;0;;;777-006.178/2013;514;3;2013-10-21 13:41:12.26;2016-10-06 21:33:56.501613;;;;
1391;2013.01.1.092837-6;TJDFT;1;;8;14;739;f;0;;;777-006.179/2013;514;3;2013-10-21 13:42:05.84;2016-10-06 21:33:56.510421;;;;
1392;2013.01.1.096503-3;TJDFT;1;;8;14;867;f;0;;;777-006.180/2013;514;3;2013-10-21 13:43:06.59;2016-10-06 21:33:56.519748;;;;
1393;2013.01.1.101088-0;TJDFT;37;;8;14;739;f;0;;;777-006.181/2013;514;3;2013-10-21 13:44:17.17;2016-10-06 21:33:56.52851;;;;
1394;2013.01.1.101841-0;TJDFT;1;;8;14;805;f;0;;;777-006.182/2013;514;3;2013-10-21 13:45:20.873;2016-10-06 21:33:56.537949;;;;
1395;2013.01.1.103124-2;TJDFT;1;;8;14;805;f;0;;;777-006.184/2013;514;3;2013-10-21 13:46:56.927;2016-10-06 21:33:56.548205;;;;
1396;2013.01.1.121245-9;TJDFT;3;;8;14;739;f;0;;;777-006.187/2013;514;3;2013-10-21 13:47:54.253;2016-10-06 21:33:56.557321;;;;
1397;2013.01.1.124019-0;TJDFT;9;;8;14;867;f;0;;;777-006.188/2013;514;3;2013-10-21 13:48:50.533;2016-10-06 21:33:56.566836;;;;
1398;2013.01.1.133804-0;TJDFT;1;;8;14;524;f;0;;;777-006.189/2013;514;3;2013-10-21 13:49:37.047;2016-10-06 21:33:56.576879;;;;
1399;2013.01.1.139490-3;TJDFT;1;;8;14;812;f;0;;;777-006.190/2013;514;3;21/10/2013 13:50;2016-10-06 21:33:56.586696;;;;
1400;2013.01.1.140889-9;TJDFT;1;;8;14;739;f;0;;;777-006.191/2013;514;3;2013-10-21 13:51:32.127;2016-10-06 21:33:56.596916;;;;
1401;2013.01.1.079408-4;TJDFT;1;;6;14;867;f;0;;;777-006.200/2013;831;3;2013-10-21 16:01:26.01;2016-10-06 21:33:56.606041;;;;
1402;2013.01.1.081796-8;TJDFT;1;;6;14;867;f;0;;;777-006.201/2013;831;3;2013-10-21 16:02:50.417;2016-10-06 21:33:56.615311;;;;
1403;2013.01.1.081802-0;TJDFT;1;;6;14;805;f;0;;;777-006.202/2013;831;3;2013-10-21 16:04:24.773;2016-10-06 21:33:56.624827;;;;
1404;2013.01.1.083329-2;TJDFT;1;;6;14;739;f;0;;;777-006.203/2013;831;3;2013-10-21 16:05:51.8;2016-10-06 21:33:56.633565;;;;
1405;2013.01.1.092820-6;TJDFT;1;;6;14;867;f;0;;;777-006.204/2013;831;3;2013-10-21 16:07:32.377;2016-10-06 21:33:56.64306;;;;
1406;2013.01.1.107111-7;TJDFT;1;;6;14;739;f;0;;;777-006.205/2013;831;3;2013-10-21 16:08:49.343;2016-10-06 21:33:56.652656;;;;
1407;2013.01.1.120649-3;TJDFT;1;;6;14;812;f;0;;;777-006.206/2013;831;3;2013-10-21 16:10:39.013;2016-10-06 21:33:56.661456;;;;
1408;2013.01.1.124947-2;TJDFT;1;;6;14;805;f;0;;;777-006.207/2013;831;3;2013-10-21 16:12:13.353;2016-10-06 21:33:56.670787;;;;
1409;2012.01.1.190636-8;TJDFT;16;;17;14;812;f;0;;;777-006.209/2013;514;3;2013-10-21 16:22:25.637;2016-10-06 21:33:56.679941;;;;
1410;2012.01.1.197547-6;TJDFT;16;;17;14;812;f;0;;;777-006.210/2013;514;3;2013-10-21 16:23:16.73;2016-10-06 21:33:56.689824;;;;
1411;2012.01.1.198506-7;TJDFT;16;;17;14;812;f;0;;;777-006.211/2013;514;3;2013-10-21 16:24:16.047;2016-10-06 21:33:56.6996;;;;
1412;2011.01.1.199945-8;TJDFT;1;;17;14;812;f;0;;;777-006.212/2013;514;3;2013-10-21 16:25:37.513;2016-10-06 21:33:56.709366;;;;
1413;1998.01.1.035079-7;TJDFT;6;;9;14;805;f;0;;;777-006.213/2013;514;3;2013-10-21 16:27:20.203;2016-10-06 21:33:56.718753;;;;
1414;2005.01.1.079771-8;TJDFT;22;;9;14;805;f;0;;;777-006.214/2013;514;3;2013-10-21 16:28:42.877;2016-10-06 21:33:56.727876;;;;
1415;2009.01.1.026421-4;TJDFT;6;;9;14;867;f;0;;;777-006.215/2013;514;3;2013-10-21 16:29:37.563;2016-10-06 21:33:56.737674;;;;
1418;2011.01.1.025368-9;TJDFT;20;;9;14;739;f;0;;;777-006.218/2013;514;3;2013-10-21 16:33:08.393;2016-10-06 21:33:56.769576;;;;
1420;2012.01.1.115233-6;TJDFT;22;;9;14;739;f;0;;;777-006.220/2013;514;3;2013-10-21 16:36:53.177;2016-10-06 21:33:56.788426;;;;
1422;2012.01.1.180144-3;TJDFT;12;;9;14;805;f;0;;;777-006.222/2013;514;3;2013-10-21 16:38:35.817;2016-10-06 21:33:56.808511;;;;
1423;2012.01.1.199861-3;TJDFT;36;;8;14;524;f;0;;;777-006.224/2013;514;3;2013-10-21 16:40:32.147;2016-10-06 21:33:56.818531;;;;
1424;2012.01.1.199861-3;TJDFT;36;;8;14;524;f;0;;;777-006.225/2013;514;3;2013-10-21 16:40:32.38;2016-10-06 21:33:56.82839;;;;
1425;2013.01.1.132563-5;TJDFT;1;;6;14;867;f;0;;;777-006.226/2013;831;3;2013-10-21 16:42:31.153;2016-10-06 21:33:56.837695;;;;
1426;2013.01.1.082594-7;TJDFT;37;;17;14;867;f;0;;;777-006.227/2013;514;3;2013-10-21 16:43:29.647;2016-10-06 21:33:56.847021;;;;
1427;2013.01.1.093290-6;TJDFT;1;;17;14;805;f;0;;;777-006.228/2013;514;3;2013-10-21 16:44:25.663;2016-10-06 21:33:56.856961;;;;
1428;2013.01.1.096923-7;TJDFT;37;;17;14;867;f;0;;;777-006.229/2013;514;3;2013-10-21 16:45:13.46;2016-10-06 21:33:56.865826;;;;
1429;2013.01.1.101568-6;TJDFT;37;;17;14;739;f;0;;;777-006.230/2013;514;3;2013-10-21 16:46:12.837;2016-10-06 21:33:56.87419;;;;
1430;2013.01.1.122907-7;TJDFT;1;;17;14;524;f;0;;;777-006.232/2013;514;3;2013-10-21 16:48:19.103;2016-10-06 21:33:56.883132;;;;
1431;2012.01.1.094086-4;TJDFT;1;;17;14;524;f;0;;;777-006.233/2013;514;3;2013-10-21 16:49:12.493;2016-10-06 21:33:56.893258;;;;
1432;2012.01.1.149052-4;TJDFT;16;;17;14;739;f;0;;;777-006.234/2013;514;3;2013-10-21 16:50:07.853;2016-10-06 21:33:56.902524;;;;
1433;2013.01.1.149817-5;TJDFT;1;;6;14;739;f;0;;;777-006.236/2013;831;3;2013-10-21 16:51:03.83;2016-10-06 21:33:56.912136;;;;
1434;2013.01.1.151097-3;TJDFT;1;;6;14;867;f;0;;;777-006.238/2013;831;3;2013-10-21 16:52:30.907;2016-10-06 21:33:56.92421;;;;
1435;1999.01.1.074995-6;TJDFT;11;;7;14;805;f;0;;;777-006.239/2013;831;3;2013-10-21 16:54:09.297;2016-10-06 21:33:56.933421;;;;
1436;2004.01.1.053835-8;TJDFT;39;;7;14;805;f;0;;;777-006.240/2013;831;3;2013-10-21 16:55:25.403;2016-10-06 21:33:56.943048;;;;
1437;2013.01.1.045424-3;TJDFT;1;;17;14;812;f;0;;;777-006.241/2013;514;3;2013-10-21 16:55:34.683;2016-10-06 21:33:56.953225;;;;
1438;2013.01.1.052993-6;TJDFT;10;;17;14;867;f;0;;;777-006.242/2013;514;3;2013-10-21 16:56:27.107;2016-10-06 21:33:56.96283;;;;
1440;2013.01.1.081832-7;TJDFT;10;;17;14;867;f;0;;;777-006.244/2013;514;3;2013-10-21 16:57:32.357;2016-10-06 21:33:56.98274;;;;
1441;2013.01.1.122342-0;TJDFT;1;;17;14;812;f;0;;;777-006.245/2013;514;3;2013-10-21 16:58:34.357;2016-10-06 21:33:56.992969;;;;
1442;2008.01.1.146013-7;TJDFT;1;;7;14;812;f;0;;;777-006.246/2013;831;3;2013-10-21 16:59:00.82;2016-10-06 21:33:57.00238;;;;
1444;2009.01.1.147405-9;TJDFT;37;;7;14;867;f;0;;;777-006.248/2013;831;3;2013-10-21 17:00:39.773;2016-10-06 21:33:57.021705;;;;
1443;2013.01.1.143503-2;TJDFT;1;8000.0;17;14;812;f;0;;;777-006.247/2013;514;3;2013-10-21 17:00:12.767;2018-08-21 20:16:08.620959;;;;
1419;2011.01.1.185919-9;TJDFT;35;100000.0;9;14;812;t;0;;;777-006.219/2013;514;3;2013-10-21 16:35:36.847;2018-08-21 20:11:17.037191;;;;
1421;2012.01.1.151567-5;TJDFT;12;10000.0;9;14;524;t;0;;;777-006.221/2013;514;3;2013-10-21 16:37:41.863;2018-08-21 20:12:03.048296;;;;
1439;2008.01.1.033069-3;TJDFT;12;40000.0;7;14;524;t;0;;;777-006.243/2013;831;3;2013-10-21 16:57:15.62;2018-08-21 20:12:30.063387;;;;
1445;2009.03.1.020368-5;TJDFT;30;;17;14;812;f;0;;;777-006.249/2013;514;3;2013-10-21 17:01:28.78;2016-10-06 21:33:57.030966;;;;
1446;2010.01.1.040464-6;TJDFT;1;;7;14;812;f;0;;;777-006.250/2013;831;3;2013-10-21 17:01:54.02;2016-10-06 21:33:57.048901;;;;
1448;2010.01.1.040462-0;TJDFT;37;;7;14;867;f;0;;;777-006.252/2013;831;3;2013-10-21 17:04:07.847;2016-10-06 21:33:57.069385;;;;
1449;2011.03.1.009505-0;TJDFT;30;;17;14;867;f;0;;;777-006.253/2013;514;3;2013-10-21 17:04:15.783;2016-10-06 21:33:57.080843;;;;
1450;2012.03.1.006053-0;TJDFT;30;;17;14;524;f;0;;;777-006.254/2013;514;3;2013-10-21 17:05:11.017;2016-10-06 21:33:57.092658;;;;
1451;2013.03.1.026101-8;TJDFT;30;;17;14;805;f;0;;;777-006.255/2013;514;3;2013-10-21 17:06:08.237;2016-10-06 21:33:57.101743;;;;
1453;2008.03.1.021286-0;TJDFT;30;;17;14;812;f;0;;;777-006.258/2013;514;3;2013-10-21 17:08:26.77;2016-10-06 21:33:57.121412;;;;
1455;2006.03.1.019378-8;TJDFT;37;;17;14;812;f;0;;;777-006.260/2013;514;3;2013-10-21 17:11:23.99;2016-10-06 21:33:57.141817;;;;
1456;2011.07.1.037167-9;TJDFT;1;;17;14;812;f;0;;;777-006.261/2013;514;3;2013-10-21 17:12:35.693;2016-10-06 21:33:57.151492;;;;
1457;2009.09.1.003649-0;TJDFT;10;;17;14;812;f;0;;;777-006.265/2013;514;3;2013-10-21 17:27:38.873;2016-10-06 21:33:57.161449;;;;
1458;2010.01.1.225957-2;TJDFT;1;;7;14;812;f;0;;;777-006.281/2013;831;3;2013-10-21 18:51:50.61;2016-10-06 21:33:57.170824;;;;
1459;2010.01.1.228992-8;TJDFT;22;;7;8;812;f;0;;;777-006.283/2013;831;;2013-10-21 18:55:28.64;2016-10-06 21:33:57.182573;;;;
1460;2011.01.1.038471-6;TJDFT;10;;7;14;739;f;0;;;777-006.284/2013;831;3;2013-10-21 18:59:12.84;2016-10-06 21:33:57.192037;;;;
1463;2011.01.1.180365-0;TJDFT;1;;7;14;812;f;0;;;777-006.290/2013;831;3;2013-10-21 19:10:43.367;2016-10-06 21:33:57.222364;;;;
1464;2011.01.1.211842-8;TJDFT;15;;7;14;524;f;0;;;777-006.292/2013;831;3;2013-10-21 19:14:55.517;2016-10-06 21:33:57.232153;;;;
1465;2011.01.1.221654-2;TJDFT;1;;7;14;524;f;0;;;777-006.294/2013;831;3;2013-10-21 19:18:03.313;2016-10-06 21:33:57.241897;;;;
1466;2011.01.1.230343-6;TJDFT;1;;7;14;524;f;0;;;777-006.296/2013;831;3;2013-10-21 19:24:39.353;2016-10-06 21:33:57.251878;;;;
1468;2012.01.1.031151-5;TJDFT;1;;7;14;805;f;0;;;777-006.298/2013;831;3;2013-10-21 19:28:48.787;2016-10-06 21:33:57.270519;;;;
1471;2012.01.1.084133-7;TJDFT;1;;7;14;812;f;0;;;777-006.303/2013;831;3;2013-10-21 19:36:30.037;2016-10-06 21:33:57.299151;;;;
1473;2012.01.1.091437-4;TJDFT;10;;7;14;524;f;0;;;777-006.306/2013;831;3;2013-10-21 19:40:44.627;2016-10-06 21:33:57.317114;;;;
1475;2012.01.1.115137-4;TJDFT;10;;7;14;805;f;0;;;777-006.308/2013;831;3;2013-10-21 19:44:26.783;2016-10-06 21:33:57.336192;;;;
1477;2012.01.1.146355-4;TJDFT;1;;7;14;524;f;0;;;777-006.310/2013;831;3;2013-10-22 10:07:52.64;2016-10-06 21:33:57.354721;;;;
1454;2012.03.1.013602-0;TJDFT;1;300.0;17;14;812;t;0;;;777-006.259/2013;514;3;2013-10-21 17:09:59.237;2018-08-21 20:21:34.481267;;;;
1461;2011.01.1.058025-4;TJDFT;1;10200.0;7;14;812;f;0;;;777-006.286/2013;831;3;2013-10-21 19:03:33.29;2018-08-21 20:22:14.236282;;;;
1467;2012.01.1.028934-3;TJDFT;1;622.0;7;14;524;f;0;;;777-006.297/2013;831;3;2013-10-21 19:26:56.15;2018-08-21 20:26:15.890337;;;;
1470;2012.01.1.073094-5;TJDFT;1;90000.0;7;14;812;f;0;;;777-006.302/2013;831;3;2013-10-21 19:31:47.927;2018-08-21 20:27:22.490519;;;;
1472;2012.01.1.088520-6;TJDFT;1;30000.0;7;14;524;f;0;;;777-006.304/2013;831;3;2013-10-21 19:38:42.38;2018-08-21 20:28:03.645459;;;;
1474;2012.01.1.094056-7;TJDFT;1;100000.0;7;14;812;f;0;;;777-006.307/2013;831;3;2013-10-21 19:42:39.737;2018-08-21 20:28:49.933884;;;;
1476;2012.01.1.123127-5;TJDFT;1;622.0;7;14;812;f;0;;;777-006.309/2013;831;3;2013-10-22 10:03:03.48;2018-08-21 20:29:20.324828;;;;
1447;2009.03.1.029251-2;TJDFT;30;30000.0;17;14;867;f;0;;;777-006.251/2013;514;3;2013-10-21 17:03:05.36;2018-10-09 13:29:33.433576;;;;
1480;2012.01.1.152499-5;TJDFT;1;;7;14;812;f;0;;;777-006.313/2013;831;3;2013-10-22 10:12:35.24;2016-10-06 21:33:57.383084;;;;
1481;2012.01.1.153980-7;TJDFT;1;;7;14;524;f;0;;;777-006.314/2013;831;3;2013-10-22 10:13:52.883;2016-10-06 21:33:57.392211;;;;
1482;2012.01.1.157838-7;TJDFT;1;;7;14;812;f;0;;;777-006.315/2013;831;3;2013-10-22 10:18:21.307;2016-10-06 21:33:57.401016;;;;
1483;2012.01.1.158609-8;TJDFT;1;;7;14;524;f;0;;;777-006.316/2013;831;3;2013-10-22 10:19:29.747;2016-10-06 21:33:57.411475;;;;
1484;2012.01.1.162221-6;TJDFT;1;;7;14;805;f;0;;;777-006.317/2013;831;3;2013-10-22 10:26:34.443;2016-10-06 21:33:57.420914;;;;
1485;2012.01.1.162963-7;TJDFT;1;;7;14;739;f;0;;;777-006.318/2013;831;3;2013-10-22 10:30:11.587;2016-10-06 21:33:57.429796;;;;
1486;2012.01.1.171599-5;TJDFT;1;;7;14;812;f;0;;;777-006.319/2013;831;3;2013-10-22 10:43:58.913;2016-10-06 21:33:57.439178;;;;
1487;2012.01.1.176933-4;TJDFT;1;;7;14;739;f;0;;;777-006.320/2013;831;3;2013-10-22 10:52:04.907;2016-10-06 21:33:57.449993;;;;
1488;2012.01.1.177572-6;TJDFT;1;;7;14;739;f;0;;;777-006.321/2013;831;3;2013-10-22 10:53:59.093;2016-10-06 21:33:57.459193;;;;
1490;2012.01.1.179313-6;TJDFT;1;;7;14;812;f;0;;;777-006.323/2013;831;3;2013-10-22 11:01:59.54;2016-10-06 21:33:57.479032;;;;
1491;2012.01.1.181434-8;TJDFT;1;;7;14;739;f;0;;;777-006.324/2013;831;3;2013-10-22 11:03:58.807;2016-10-06 21:33:57.488911;;;;
1493;2012.01.1.190809-2;TJDFT;1;;7;14;812;f;0;;;777-006.326/2013;831;3;2013-10-22 11:07:56.81;2016-10-06 21:33:57.506869;;;;
1494;2012.01.1.190826-9;TJDFT;1;;7;14;812;f;0;;;777-006.327/2013;831;3;2013-10-22 11:09:14.06;2016-10-06 21:33:57.516741;;;;
1495;2012.01.1.192961-8;TJDFT;1;;7;14;805;f;0;;;777-006.328/2013;831;3;2013-10-22 11:10:36.703;2016-10-06 21:33:57.529854;;;;
1496;2012.01.1.194699-9;TJDFT;1;;7;14;739;f;0;;;777-006.329/2013;831;3;2013-10-22 11:12:57.347;2016-10-06 21:33:57.539663;;;;
1497;2012.01.1.196394-3;TJDFT;1;;7;14;805;f;0;;;777-006.330/2013;831;3;2013-10-22 11:14:52.987;2016-10-06 21:33:57.549484;;;;
1498;2012.01.1.198524-3;TJDFT;1;;7;14;812;f;0;;;777-006.332/2013;831;3;2013-10-22 11:19:44.087;2016-10-06 21:33:57.559087;;;;
1499;2013.01.1.006224-2;TJDFT;1;;7;14;805;f;0;;;777-006.333/2013;831;3;2013-10-22 11:23:17.23;2016-10-06 21:33:57.568159;;;;
1500;2013.01.1.017702-2;TJDFT;1;;7;14;812;f;0;;;777-006.334/2013;831;3;2013-10-22 11:26:18.92;2016-10-06 21:33:57.5778;;;;
1501;2013.01.1.025798-5;TJDFT;1;;7;14;805;f;0;;;777-006.335/2013;831;3;2013-10-22 11:27:47.53;2016-10-06 21:33:57.58738;;;;
1502;2013.01.1.026554-6;TJDFT;1;;7;14;867;f;0;;;777-006.336/2013;831;3;2013-10-22 11:29:39.547;2016-10-06 21:33:57.598203;;;;
1503;2013.01.1.036712-4;TJDFT;1;;7;14;805;f;0;;;777-006.337/2013;831;3;2013-10-22 11:31:57.41;2016-10-06 21:33:57.607516;;;;
1504;2013.01.1.041605-2;TJDFT;1;;7;14;739;f;0;;;777-006.339/2013;831;3;2013-10-22 11:33:28.257;2016-10-06 21:33:57.619402;;;;
1506;2013.01.1.045986-8;TJDFT;1;;7;14;867;f;0;;;777-006.341/2013;831;3;2013-10-22 11:36:16.04;2016-10-06 21:33:57.639285;;;;
1507;2013.01.1.053015-8;TJDFT;1;;7;14;867;f;0;;;777-006.342/2013;831;3;2013-10-22 11:37:32.87;2016-10-06 21:33:57.649228;;;;
1508;2013.01.1.053777-0;TJDFT;1;;7;14;867;f;0;;;777-006.343/2013;831;3;2013-10-22 11:39:19.7;2016-10-06 21:33:57.659198;;;;
1509;2013.01.1.058207-0;TJDFT;1;;7;14;805;f;0;;;777-006.344/2013;831;3;2013-10-22 11:40:49.403;2016-10-06 21:33:57.672136;;;;
1510;2013.01.1.058758-3;TJDFT;1;;7;14;867;f;0;;;777-006.345/2013;831;3;2013-10-22 11:42:10.217;2016-10-06 21:33:57.682671;;;;
1511;2013.01.1.059713-3;TJDFT;1;;7;14;1006;f;0;;;777-006.346/2013;831;3;2013-10-22 11:44:11.017;2016-10-06 21:33:57.691828;;;;
1492;2012.01.1.190643-8;TJDFT;1;;7;14;812;f;0;;;777-006.325/2013;831;3;2013-10-22 11:05:33.793;2018-09-28 20:11:10.106693;;;;
1489;2012.01.1.179311-0;TJDFT;1;100000.0;7;14;739;f;0;;;777-006.322/2013;831;3;2013-10-22 10:59:57.35;2018-06-14 13:07:53.199448;;;;
1505;2013.01.1.042265-2;TJDFT;1;;7;14;812;f;0;;;777-006.340/2013;831;3;2013-10-22 11:34:39.99;2018-09-28 20:11:34.043258;;;;
1512;2013.01.1.060515-0;TJDFT;1;;7;14;867;f;0;;;777-006.347/2013;831;3;2013-10-22 11:46:40.127;2016-10-06 21:33:57.701155;;;;
1513;2013.01.1.075174-7;TJDFT;1;;7;14;812;f;0;;;777-006.348/2013;831;3;2013-10-22 11:48:10.427;2016-10-06 21:33:57.710272;;;;
1514;2013.01.1.084783-3;TJDFT;1;;7;14;805;f;0;;;777-006.350/2013;831;3;2013-10-22 12:11:56.047;2016-10-06 21:33:57.719524;;;;
1515;2009.01.1.173260-9;TJDFT;39;;15;62;805;f;0;;;777-006.371/2013;514;;2013-10-22 18:18:09.867;2016-10-06 21:33:57.729753;;;;
1516;2000.01.1.051372-7;TJDFT;6;;6;62;521;f;0;;;777-006.372/2013;514;;2013-10-22 18:19:31.867;2016-10-06 21:33:57.74114;;;;
1517;2000.01.1.028925-4;TJDFT;6;;5;62;524;f;0;;;777-006.373/2013;514;;2013-10-22 18:20:35.413;2016-10-06 21:33:57.750684;;;;
1519;2012.01.1.198622-0;TJDFT;39;;13;62;739;f;0;;;777-006.375/2013;514;;2013-10-22 18:24:07.377;2016-10-06 21:33:57.769664;;;;
1520;2011.01.1.143891-0;TJDFT;1;;2;62;867;f;0;;;777-006.376/2013;514;;2013-10-22 18:25:25.033;2016-10-06 21:33:57.778976;;;;
1521;2012.01.1.199207-6;TJDFT;1;;5;62;739;f;0;;;777-006.377/2013;514;;2013-10-22 18:27:22.267;2016-10-06 21:33:57.78923;;;;
1522;2000.01.1.022795-9;TJDFT;11;;5;14;739;f;0;;;777-006.378/2013;514;3;2013-10-22 18:31:33.903;2016-10-06 21:33:57.798669;;;;
1523;2013.01.1.072576-3;TJDFT;1;;8;62;867;f;0;;;777-006.379/2013;514;;2013-10-22 18:33:58.777;2016-10-06 21:33:57.80764;;;;
1524;2012.01.1.181434-8;TJDFT;1;;7;62;867;f;0;;;777-006.380/2013;514;;2013-10-22 18:35:07.603;2016-10-06 21:33:57.817905;;;;
1525;2013.01.1.136752-3;TJDFT;1;;7;14;867;f;0;;;777-006.381/2013;514;3;2013-10-22 18:38:52.837;2016-10-06 21:33:57.830298;;;;
1526;2013.01.1.008949-7;TJDFT;3;;3;14;1006;f;0;;;777-006.383/2013;514;3;2013-10-22 18:41:53.927;2016-10-06 21:33:57.83931;;;;
1527;0001732-55.2013.5.10.0002;TJDFT;32;;17;14;805;f;0;;;777-006.386/2013;514;3;2013-10-22 18:55:26.637;2016-10-06 21:33:57.849266;;;;
1528;300.000.604/2013;CODHAB/DF;37;;16;4;290;f;0;;;777-006.387/2013;514;;2013-10-22 18:59:33.823;2016-10-06 21:33:57.859369;;;;
1529;392.003.676/2011;TJDFT;37;;16;1;521;f;0;;;777-006.388/2013;514;;2013-10-22 19:27:56.257;2016-10-06 21:33:57.869228;;;;
1531;392.024.037/2012;CODHAB/DF;37;;16;1;290;f;0;;;777-006.396/2013;514;;2013-10-23 12:12:30.127;2016-10-06 21:33:57.888152;;;;
1532;305.000.230/2013;CODHAB/DF;37;;16;4;521;f;0;;;777-006.400/2013;514;;2013-10-23 12:35:38.757;2016-10-06 21:33:57.89737;;;;
1533;2013.01.1.084783-3;TJDFT;1;;7;14;805;f;0;;;777-006.401/2013;831;3;2013-10-23 12:57:48.67;2016-10-06 21:33:57.906723;;;;
1534;2013.01.1.084797-9;TJDFT;1;;7;14;805;f;0;;;777-006.402/2013;831;3;2013-10-23 13:00:13.997;2016-10-06 21:33:57.916516;;;;
1535;2013.01.1.085537-0;TJDFT;1;;7;14;805;f;0;;;777-006.403/2013;831;3;23/10/2013 13:09;2016-10-06 21:33:57.926198;;;;
1536;2013.01.1.088205-2;TJDFT;1;;7;14;739;f;0;;;777-006.405/2013;831;3;2013-10-23 13:25:15.5;2016-10-06 21:33:57.936049;;;;
1537;2013.01.1.088221-2;TJDFT;1;;7;14;867;f;0;;;777-006.406/2013;831;3;2013-10-23 13:27:07.357;2016-10-06 21:33:57.947336;;;;
1538;2013.01.1.088276-8;TJDFT;1;;7;14;805;f;0;;;777-006.407/2013;831;3;2013-10-23 13:29:09.963;2016-10-06 21:33:57.957411;;;;
1539;102.043.254/1989;CODHAB/DF;12;;16;1;290;f;0;;;777-006.408/2013;514;;2013-10-23 13:33:47.893;2016-10-06 21:33:57.96677;;;;
1540;2013.01.1.091430-7;TJDFT;1;;7;14;812;f;0;;;777-006.419/2013;831;3;2013-10-23 16:25:05.79;2016-10-06 21:33:57.976293;;;;
1543;2013.01.1.115675-5;TJDFT;1;;7;14;524;f;0;;;777-006.423/2013;831;3;2013-10-23 16:35:03.647;2016-10-06 21:33:58.007892;;;;
1544;2013.01.1.133831-4;TJDFT;1;;7;14;867;f;0;;;777-006.424/2013;831;3;2013-10-23 16:37:17.73;2016-10-06 21:33:58.018447;;;;
457;2014.01.1.073448-7;TJDFT;37;50000.0;6;;;f;0;;;;514;;2016-07-13 18:01:30.883;2018-08-16 20:25:11.681945;f;;;
1541;2013.01.1.101816-3;TJDFT;1;80000.0;7;14;867;f;0;;;777-006.421/2013;831;3;2013-10-23 16:32:03.05;2018-06-14 13:23:06.80387;;;;
1530;392.006.912/2010;CODHAB/DF;16;;16;1;739;f;0;;;777-006.389/2013;514;;2013-10-22 19:37:20.523;2018-09-27 20:41:26.221223;;;;
1542;2013.01.1.112493-0;TJDFT;1;1000.0;7;14;812;t;0;;;777-006.422/2013;831;3;2013-10-23 16:33:25.24;2018-09-27 20:45:51.276691;;;;
1545;2013.01.1.136003-9;TJDFT;1;;7;14;524;f;0;;;777-006.425/2013;831;3;2013-10-23 16:40:50.72;2016-10-06 21:33:58.027751;;;;
1548;2013.01.1.144568-5;TJDFT;1;;7;14;812;f;0;;;777-006.428/2013;831;3;2013-10-23 16:45:19.977;2016-10-06 21:33:58.057112;;;;
1549;2011.01.1.032255-3;TJDFT;1;;5;62;524;f;0;;;777-006.429/2013;514;;2013-10-23 16:45:21.977;2016-10-06 21:33:58.066572;;;;
1550;2012.01.1.191937-7;TJDFT;1;;3;62;805;f;0;;;777-006.430/2013;514;;2013-10-23 16:46:27.01;2016-10-06 21:33:58.075768;;;;
1552;1999.01.1.037550-8;TJDFT;1;;8;14;739;f;0;;;777-006.432/2013;831;3;2013-10-23 16:48:41.12;2016-10-06 21:33:58.095195;;;;
1553;1999.01.1.080986-3;TJDFT;1;;8;14;867;f;0;;;777-006.433/2013;831;3;2013-10-23 16:50:13.187;2016-10-06 21:33:58.105137;;;;
1554;1999.01.1.084378-6;TJDFT;1;;8;14;805;f;0;;;777-006.434/2013;831;3;2013-10-23 16:51:51.25;2016-10-06 21:33:58.117102;;;;
1556;2009.01.1.087826-0;TJDFT;1;;8;14;524;f;0;;;777-006.437/2013;831;3;2013-10-23 16:54:19.987;2016-10-06 21:33:58.139333;;;;
1561;390.000.531/2013;CODHAB/DF;37;;16;1;521;f;0;;;777-006.473/2013;514;;2013-10-24 18:09:08.793;2016-10-06 21:33:58.185396;;;;
1562;392.033.952/2013;CODHAB/DF;37;;16;1;290;f;0;;;777-006.478/2013;514;;2013-10-25 11:37:35.143;2016-10-06 21:33:58.194278;;;;
1563;392.023.418/2013;CODHAB/DF;37;;16;1;521;f;0;;;777-006.479/2013;514;;2013-10-25 11:40:06.907;2016-10-06 21:33:58.203536;;;;
1564;392.015.683/2012;CODHAB/DF;37;;16;1;290;f;0;;;777-006.480/2013;514;;2013-10-25 12:08:44.3;2016-10-06 21:33:58.212762;;;;
1565;392.046.122/2013;CODHAB/DF;37;;16;1;290;f;0;;;777-006.493/2013;514;;2013-10-25 16:32:45.097;2016-10-06 21:33:58.222771;;;;
1566;2013.01.1.121245-9;TJDFT;3;;8;62;739;f;0;;;777-006.502/2013;514;;2013-10-25 20:33:40.073;2016-10-06 21:33:58.233361;;;;
1567;2011.01.1.223820-3;TJDFT;1;;4;62;739;f;0;;;777-006.503/2013;514;;2013-10-25 20:34:38.697;2016-10-06 21:33:58.243842;;;;
1569;2012.01.1.182296-2;TJDFT;1;;6;62;739;f;0;;;777-006.505/2013;514;;2013-10-25 20:36:48.083;2016-10-06 21:33:58.267493;;;;
1570;2008.01.1.125115-7;TJDFT;1;;5;62;524;f;0;;;777-006.506/2013;514;;2013-10-25 20:38:47.427;2016-10-06 21:33:58.27664;;;;
1571;2013.01.1.025803-9;TJDFT;1;;6;62;867;f;0;;;777-006.507/2013;514;;2013-10-25 20:39:50.8;2016-10-06 21:33:58.286925;;;;
1572;2001.01.1.038821-6;TJDFT;37;;16;62;867;f;0;;;777-006.508/2013;514;;2013-10-25 20:40:59.813;2016-10-06 21:33:58.29702;;;;
1573;2013.00.2.018941-6;TJDFT;38;;12;62;805;f;0;;;777-006.509/2013;514;;2013-10-25 20:42:06.89;2016-10-06 21:33:58.30689;;;;
1574;2009.01.1.173260-9;TJDFT;39;;15;62;805;f;0;;;777-006.510/2013;514;;2013-10-25 20:43:22.937;2016-10-06 21:33:58.317134;;;;
1575;392.006.679/2012;CODHAB/DF;37;;16;1;521;f;0;;;777-006.522/2013;514;;2013-10-29 12:58:35.93;2016-10-06 21:33:58.326699;;;;
1576;102.207.602/1981;CODHAB/DF;11;;16;1;805;f;0;;;777-006.525/2013;514;;2013-10-29 13:39:08.913;2016-10-06 21:33:58.335991;;;;
1577;2013.01.1.024709-2;TJDFT;39;;10;62;739;f;0;;;777-006.537/2013;514;;2013-10-29 17:06:59.517;2016-10-06 21:33:58.346104;;;;
1578;2012.01.1.199861-3;TJDFT;36;;9;62;805;f;0;;;777-006.538/2013;514;;2013-10-29 17:09:05.487;2016-10-06 21:33:58.356207;;;;
1547;2013.01.1.144025-3;TJDFT;1;50000.0;7;14;812;f;0;;;777-006.427/2013;831;3;2013-10-23 16:43:54.833;2018-06-14 13:40:01.772449;;;;
1568;2013.01.1.099490-9;TJDFT;1;150304.99;5;62;739;f;0;;;777-006.504/2013;514;;2013-10-25 20:35:54.633;2018-06-20 16:14:14.443881;;;;
1557;102.047.492/1989;CODHAB/DF;16;;16;1;739;f;0;;;777-006.457/2013;514;;2013-10-24 13:42:20.623;2018-09-27 20:41:46.988486;;;;
1558;102.196.463/1980;CODHAB/DF;16;;17;1;739;f;0;;;777-006.458/2013;514;;2013-10-24 13:43:26.793;2018-09-27 20:42:07.012825;;;;
1559;102.221.182/1982;CODHAB/DF;16;;17;1;867;f;0;;;777-006.459/2013;514;;2013-10-24 13:52:48.203;2018-09-27 20:42:22.690479;;;;
1560;102.197.499/1981;CODHAB/DF;16;;17;1;867;f;0;;;777-006.460/2013;514;;2013-10-24 13:53:52.953;2018-09-27 20:42:39.431877;;;;
1551;0008015-78.2013.8.07.0018;TJDFT;1;1000.0;7;14;812;t;0;;;777-006.431/2013;831;3;2013-10-23 16:47:18.883;2018-12-12 17:44:47.245239;;;;
1579;2013.13.1.004849-4;TJDFT;12;;17;14;805;f;0;;;777-006.539/2013;514;3;2013-10-29 17:10:52.173;2016-10-06 21:33:58.365036;;;;
1580;2013.01.1.148426-8;TJDFT;1;;1;14;805;f;0;;;777-006.540/2013;514;3;2013-10-29 17:12:11.55;2016-10-06 21:33:58.373552;;;;
1581;2012.01.1.060318-9;TJDFT;12;;16;14;805;f;0;;;777-006.542/2013;514;3;2013-10-29 17:19:22.143;2016-10-06 21:33:58.382431;;;;
1583;2013.01.1.024709-2;TJDFT;39;;10;62;739;f;0;;;777-006.578/2013;514;;2013-10-31 12:13:01.337;2016-10-06 21:33:58.405469;;;;
1584;2013.01.1.121245-9;TJDFT;3;;8;62;739;f;0;;;777-006.579/2013;514;;2013-10-31 12:14:38.897;2016-10-06 21:33:58.415919;;;;
1585;2009.01.1.001719-7;TJDFT;37;;3;62;805;f;0;;;777-006.580/2013;514;;2013-10-31 12:16:02.133;2016-10-06 21:33:58.426;;;;
1586;2013.01.1.154330-8; TJDFT;37;;17;14;805;f;0;;;777-006.600/2013;514;3;2013-10-31 17:52:40.503;2016-10-06 21:33:58.437292;;;;
1588;2013.01.1.157084-0;TJDFT;1;;5;14;739;f;0;;;777-006.602/2013;514;3;2013-10-31 17:58:37.397;2016-10-06 21:33:58.45934;;;;
1589;2012.13.1.001375-2;TJDFT;12;;17;14;1006;f;0;;;777-006.604/2013;514;3;2013-10-31 18:00:28.053;2016-10-06 21:33:58.468951;;;;
1590;392.006.679/2012;CODHAB/DF;37;;16;1;521;f;0;;;777-006.615/2013;514;;2013-11-01 10:47:07.19;2016-10-06 21:33:58.479814;;;;
1591;392.036.901/2013;CODHAB/DF;37;;16;1;521;f;0;;;777-006.623/2013;514;;2013-11-01 12:54:15.953;2016-10-06 21:33:58.49086;;;;
1592;300.000.618/2013;CODHAB/DF;37;;16;4;521;f;0;;;777-006.624/2013;514;;2013-11-01 12:57:44.473;2016-10-06 21:33:58.500354;;;;
1593;2013.01.1.088276-8;TJDFT;22;;7;62;805;f;0;;;777-006.685/2013;514;;2013-11-05 11:32:33.25;2016-10-06 21:33:58.511548;;;;
1594;2006.03.1.019378-8;TJDFT;37;;17;62;805;f;0;;;777-006.686/2013;514;;2013-11-05 11:34:06.61;2016-10-06 21:33:58.522778;;;;
1595;2011.01.1.085414-7;TJDFT;1;;13;62;521;f;0;;;777-006.690/2013;514;;2013-11-05 11:55:49.56;2016-10-06 21:33:58.534254;;;;
1596;2003.01.1.048186-9;TJDFT;9;;1;62;521;f;0;;;777-006.691/2013;514;;2013-11-05 11:59:07.437;2016-10-06 21:33:58.545484;;;;
1597;777.003.887/2013;PGDF;37;;16;3;521;f;0;;;777-006.692/2013;514;1;2013-11-05 12:01:44.063;2016-10-06 21:33:58.55315;;;;
1598;2009.01.1.147405-9;TJDFT;37;;7;14;867;f;0;;;777-006.721/2013;514;3;2013-11-06 10:25:42.057;2016-10-06 21:33:58.563877;;;;
1599;392.003.651/2011;CODHAB/DF;37;;16;1;290;f;0;;;777-006.732/2013;514;;2013-11-06 12:37:23.217;2016-10-06 21:33:58.57417;;;;
1600;2011.01.1.063860-7;TJDFT;1;;4;62;867;f;0;;;777-006.759/2013;514;;2013-11-06 17:38:45.177;2016-10-06 21:33:58.584264;;;;
1601;1999.01.1.084378-6;TJDFT;11;;8;62;867;f;0;;;777-006.760/2013;514;;2013-11-06 17:40:08.957;2016-10-06 21:33:58.59401;;;;
1602;2011.01.1.093116-9;TJDFT;14;;3;62;867;f;0;;;777-006.761/2013;514;;2013-11-06 17:41:16.773;2016-10-06 21:33:58.604043;;;;
1603;2012.01.1.030161-6;TJDFT;14;;6;62;805;f;0;;;777-006.762/2013;514;;2013-11-06 17:42:43.853;2016-10-06 21:33:58.613833;;;;
1605;2009.09.1.003649-0;TJDFT;10;;17;62;805;f;0;;;777-006.764/2013;514;;2013-11-06 17:45:19.357;2016-10-06 21:33:58.637263;;;;
1607;2013.01.1.068847-2;TJDFT;1;;6;62;739;f;0;;;777-006.766/2013;514;;2013-11-06 17:50:17.877;2016-10-06 21:33:58.655682;;;;
1608;2012.01.1.120952-6;TJDFT;15;;3;62;739;f;0;;;777-006.767/2013;514;;2013-11-06 17:51:26.503;2016-10-06 21:33:58.665112;;;;
1609;2012.01.1.169588-2;TJDFT;1;;6;62;739;f;0;;;777-006.768/2013;514;;2013-11-06 17:52:39.49;2016-10-06 21:33:58.673867;;;;
1610;2012.01.1.149052-4;TJDFT;39;;10;62;739;f;0;;;777-006.769/2013;514;;2013-11-06 17:54:01.18;2016-10-06 21:33:58.682481;;;;
1611;300.000.621/2013;CODHAB/DF;37;;16;4;521;f;0;;;777-006.775/2013;514;;2013-11-07 11:15:49.897;2016-10-06 21:33:58.691692;;;;
1606;2012.01.1.152502-4;TJDFT;41;100000.0;10;62;739;t;0;;;777-006.765/2013;514;;2013-11-06 17:49:14.737;2018-06-14 14:06:53.621373;;;;
1612;300.000.632/2013;CODHAB/DF;37;;16;4;521;f;0;;;777-006.776/2013;514;;2013-11-07 11:17:24.353;2016-10-06 21:33:58.701455;;;;
1613;300.000.620/2013;CODHAB/DF;37;;16;4;290;f;0;;;777-006.777/2013;514;;2013-11-07 11:18:53.213;2016-10-06 21:33:58.710208;;;;
1614;30468/93;TJDFT;12;;3;14;1006;f;0;;;777-006.795/2013;514;3;2013-11-07 16:30:32.817;2016-10-06 21:33:58.719359;;;;
1615;2001.01.1.038821-6;TJDFT;37;;17;14;867;f;0;;;777-006.796/2013;514;3;2013-11-07 16:32:06.6;2016-10-06 21:33:58.729151;;;;
1616;2013.01.1.121245-9;TJDFT;3;;8;14;739;f;0;;;777-006.797/2013;514;3;2013-11-07 16:33:39.397;2016-10-06 21:33:58.738999;;;;
1617;2013.13.1.001747-2;TJDFT;12;;17;14;739;f;0;;;777-006.798/2013;514;3;2013-11-07 16:34:56.337;2016-10-06 21:33:58.747328;;;;
1618;390.002.412/2007;TJDFT;37;;16;1;521;f;0;;;777-006.800/2013;514;;2013-11-07 16:42:16.873;2016-10-06 21:33:58.757035;;;;
1619;392.044.425/2013;CODHAB/DF;37;;16;1;290;f;0;;;777-006.803/2013;514;;2013-11-07 17:32:26.227;2016-10-06 21:33:58.766774;;;;
1620;392.041.521/2013;CODHAB/DF;37;;16;1;521;f;0;;;777-006.825/2013;514;;2013-11-08 12:25:25.657;2016-10-06 21:33:58.775931;;;;
1621;0;CODHAB;37;;1;4;1375;t;0;;;392-048.202/2013;521;2;2015-06-19 13:20:03.457;2016-10-06 21:33:58.78574;;;;
1622;777.003.655/2013;CODHAB/DF;37;;16;3;290;f;0;;;777-006.848/2013;514;1;2013-11-11 11:11:29.68;2016-10-06 21:33:58.793019;;;;
1623;392.003.677/2011;CODHAB/DF;37;;16;34;521;f;0;;;777-006.850/2013;514;;2013-11-11 11:33:01.09;2016-10-06 21:33:58.802739;;;;
1624;392.003.679/2011;CODHAB/DF;37;;16;34;521;f;0;;;777-006.854/2013;514;;2013-11-11 11:46:52.7;2016-10-06 21:33:58.812322;;;;
1625;2008.03.1.021286-0;TJDFT;30;;17;62;805;f;0;;;777-006.857/2013;514;;2013-11-11 12:34:53.677;2016-10-06 21:33:58.822653;;;;
1626;2013.01.1.081802-0;TJDFT;1;;6;62;805;f;0;;;777-006.858/2013;514;;2013-11-11 12:36:09.037;2016-10-06 21:33:58.833167;;;;
1627;2013.01.1.017698-5;TJDFT;39;;15;62;524;f;0;;;777-006.859/2013;514;;2013-11-11 12:37:52.46;2016-10-06 21:33:58.842768;;;;
1628;2013.01.1.088203-6;TJDFT;1;;1;62;867;f;0;;;777-006.860/2013;514;;2013-11-11 12:39:31.96;2016-10-06 21:33:58.852313;;;;
1629;2013.00.2.019288-0;TJDFT;38;;12;62;739;f;0;;;777-006.861/2013;514;;2013-11-11 12:40:46.49;2016-10-06 21:33:58.862946;;;;
1630;2011.01.1.151057-5;TJDFT;6;;6;14;1006;f;0;;;777-006.901/2013;831;3;2013-11-12 11:40:16.327;2016-10-06 21:33:58.872874;;;;
1631;2013.01.1.164009-0;TJDFT;3;;8;14;739;f;0;;;777-006.903/2013;831;3;2013-11-12 11:47:06.91;2016-10-06 21:33:58.882569;;;;
1632;2013.01.1.006098-8;TJDFT;30;;17;14;805;f;0;;;777-006.904/2013;831;3;2013-11-12 11:49:22.22;2016-10-06 21:33:58.892379;;;;
1633;2012.01.1.189857-5;TJDFT;14;;8;14;805;f;0;;;777-006.905/2013;831;3;2013-11-12 11:51:43.797;2016-10-06 21:33:58.902402;;;;
1634;2013.01.1.154284-4;TJDFT;1;;3;14;805;f;0;;;777-006.907/2013;831;3;2013-11-12 11:55:05.51;2016-10-06 21:33:58.912726;;;;
1635;2005.01.1.079771-8;TJDFT;6;;9;62;805;f;0;;;777-006.912/2013;831;;2013-11-12 12:20:31.15;2016-10-06 21:33:58.922285;;;;
1636;1998.01.1.035079-7;TJDFT;6;;9;62;805;f;0;;;777-006.914/2013;831;;2013-11-12 12:22:43.447;2016-10-06 21:33:58.931858;;;;
1637;2012.01.1.187041-4;TJDFT;1;;8;62;805;f;0;;;777-006.915/2013;831;;2013-11-12 12:26:14.207;2016-10-06 21:33:58.941593;;;;
1638;2000.01.1.012030-5;TJDFT;12;;6;62;805;f;0;;;777-006.916/2013;831;;2013-11-12 12:28:34.36;2016-10-06 21:33:58.950814;;;;
1639;2012.01.1.156141-9;TJDFT;1;;2;62;524;f;0;;;777-006.917/2013;831;;2013-11-12 12:31:36.123;2016-10-06 21:33:58.96067;;;;
1641;102.044.321/1989;CODHAB/DF;12;;3;1;521;f;0;;;777-006.939/2013;514;;2013-11-12 17:55:41.967;2016-10-06 21:33:58.979879;;;;
1642;2011.01.1.232191-4;TJDFT;1;;14;62;805;f;0;;;777-006.948/2013;831;;2013-11-12 19:18:39.233;2016-10-06 21:33:58.989503;;;;
1643;392.020.521/2012;CODHAB/DF;37;;16;1;521;f;0;;;777-006.954/2013;514;;2013-11-13 12:28:04.443;2016-10-06 21:33:58.999186;;;;
1644;2013.01.1.162391-6;TJDFT;35;;4;14;524;f;0;;;777-006.984/2013;514;3;2013-11-13 19:07:25.187;2016-10-06 21:33:59.008937;;;;
1645;2008.01.1.132449-0;TJDFT;26;;4;62;739;f;0;;;777-007.018/2013;514;;2013-11-14 19:56:00.32;2016-10-06 21:33:59.020304;;;;
1646;2012.01.1.187041-4;TJDFT;1;;8;62;805;f;0;;;777-007.019/2013;514;;2013-11-14 19:56:51.04;2016-10-06 21:33:59.029709;;;;
1647;2012.01.1.081642-8;TJDFT;39;;11;62;805;f;0;;;777-007.020/2013;514;;2013-11-14 20:20:19.467;2016-10-06 21:33:59.040056;;;;
1648;2013.01.1.024715-6;TJDFT;41;;10;62;805;f;0;;;777-007.021/2013;514;;2013-11-14 20:21:33.78;2016-10-06 21:33:59.050331;;;;
1649;2010.01.1.089182-7;TJDFT;41;;16;62;805;f;0;;;777-007.022/2013;514;;2013-11-14 20:22:36.407;2016-10-06 21:33:59.060091;;;;
1650;2003.01.1.111132-3;TJDFT;41;;16;62;805;f;0;;;777-007.023/2013;514;;2013-11-14 20:23:38.343;2016-10-06 21:33:59.069269;;;;
1651;RT-1048-12.2013.5.10.0009;TJDFT;32;;17;62;805;f;0;;;777-007.024/2013;514;;2013-11-14 20:25:11.11;2016-10-06 21:33:59.079253;;;;
1652;392.048.623/2013;CODHAB/DF;37;;16;1;290;f;0;;;777-007.052/2013;514;;2013-11-18 16:36:11.13;2016-10-06 21:33:59.088977;;;;
1653;2011.01.1.006201-2;TJDFT;1;;6;62;521;f;0;;;777-007.062/2013;514;;2013-11-19 11:08:49.61;2016-10-06 21:33:59.09862;;;;
1654;2013.01.1.017800-9;TJDFT;1;;6;62;521;f;0;;;777-007.064/2013;514;;2013-11-19 11:09:47.547;2016-10-06 21:33:59.108173;;;;
1655;1993.01.1.001077-6;TJDFT;9;;3;62;805;f;0;;;777-007.065/2013;514;;2013-11-19 11:11:58.487;2016-10-06 21:33:59.118051;;;;
1656;2013.00.2.016342-2;TJDFT;43;;12;62;739;f;0;;;777-007.066/2013;514;;2013-11-19 11:13:13.503;2016-10-06 21:33:59.127406;;;;
1657;2013.00.2.017135-4;TJDFT;38;;10;62;739;f;0;;;777-007.067/2013;514;;2013-11-19 11:14:05.817;2016-10-06 21:33:59.138016;;;;
1658;2013.00.2.026998-5;TJDFT;38;;10;62;739;f;0;;;777-007.068/2013;514;;2013-11-19 11:15:50.16;2016-10-06 21:33:59.147746;;;;
1659;2009.01.1.173260-9;TJDFT;39;;15;62;805;f;0;;;777-007.069/2013;514;;2013-11-19 11:17:14.77;2016-10-06 21:33:59.157203;;;;
1660;2012.01.1.152492-0;TJDFT;1;;6;62;524;f;0;;;777-007.070/2013;514;;2013-11-19 11:18:25.473;2016-10-06 21:33:59.166664;;;;
1661;2012.01.1.146628-0;TJDFT;13;;9;14;521;f;0;;;777-007.071/2013;514;3;2013-11-19 11:21:24.447;2016-10-06 21:33:59.176839;;;;
1662;2013.00.2.026578-0;TJDFT;38;;11;14;805;f;0;;;777-007.073/2013;514;3;2013-11-19 11:24:05.307;2016-10-06 21:33:59.186776;;;;
1663;2013.01.1.162349-0;TJDFT;1;;3;14;805;f;0;;;777-007.074/2013;514;3;2013-11-19 11:25:49.247;2016-10-06 21:33:59.196119;;;;
1664;392.038.969/2013;CODHAB/DF;37;;16;1;290;f;0;;;777-007.076/2013;514;;2013-11-19 11:37:45.237;2016-10-06 21:33:59.206483;;;;
1665;2012.01.1.190503-5;TJDFT;1;;11;62;739;f;0;;;777-007.107/2013;831;;2013-11-20 10:59:14.357;2016-10-06 21:33:59.216233;;;;
1666;392.030.304/2013;CODHAB/DF;37;;16;1;521;f;0;;;777-007.116/2013;514;;2013-11-20 12:25:27.87;2016-10-06 21:33:59.225835;;;;
1667;0;CODHAB;37;;1;4;521;f;0;;;392-049.251/2013;1375;2;2015-04-24 19:58:41.027;2016-10-06 21:33:59.235285;;;;
1668;2013.01.1.161878-5;TJDFT;35;;2;14;521;f;0;;;777-007.121/2013;514;3;2013-11-20 13:10:51.357;2016-10-06 21:33:59.245142;;;;
1670;2013.01.1.162387-7;CODHAB/DF;35;;2;14;524;f;0;;;777-007.123/2013;514;3;2013-11-20 13:14:39.09;2016-10-06 21:33:59.265662;;;;
1671;8887/2013;GAB/PROMAI;30;;16;3;514;f;0;;;777-007.126/2013;514;1;2013-11-20 13:43:41.647;2016-10-06 21:33:59.273493;;;;
1672;4201/2013;CODEF/PROFIS;8;;16;3;514;f;0;;;777-007.127/2013;514;1;2013-11-20 13:46:51.883;2016-10-06 21:33:59.280083;;;;
1673;9019/2013;GAB/PROMAI;30;;16;3;514;f;0;;;777-007.128/2013;514;1;2013-11-20 13:49:14.277;2016-10-06 21:33:59.286891;;;;
1674;8699/2013;GAB/PROMAI;30;;16;3;514;f;0;;;777-007.129/2013;514;1;2013-11-20 13:51:33.923;2016-10-06 21:33:59.293322;;;;
1675;1024/2013;TJDFT;23;;16;3;514;f;0;;;777-007.130/2013;514;1;2013-11-20 13:55:33.707;2016-10-06 21:33:59.300272;;;;
1676;1991/2013;MPDFT;37;;16;3;514;f;0;;;777-007.137/2013;514;1;2013-11-20 16:23:30.023;2016-10-06 21:33:59.306587;;;;
1677;8506/2013;GAB/PROMAI;12;;16;3;514;f;0;;;777-007.138/2013;514;1;2013-11-20 16:26:42.34;2016-10-06 21:33:59.313317;;;;
1681;8591/2013;GAB/PROMAI;26;;16;3;514;f;0;;;777-007.142/2013;514;1;2013-11-20 16:41:40.427;2016-10-06 21:33:59.34106;;;;
1682;8533/2013;GAB/PROMAI;26;;16;3;514;f;0;;;777-007.143/2013;514;1;2013-11-20 16:43:40.867;2016-10-06 21:33:59.34842;;;;
1683;3995/2013;PROFIS;37;;16;3;514;f;0;;;777-007.144/2013;514;1;2013-11-20 16:45:38.263;2016-10-06 21:33:59.355545;;;;
1685;8721/2013;GAB/PROMAI;38;;16;3;514;f;0;;;777-007.146/2013;514;1;2013-11-20 16:49:48.503;2016-10-06 21:33:59.369345;;;;
1686;1146/2013;TJDFT;37;;16;3;514;f;0;;;777-007.147/2013;514;1;2013-11-20 16:51:28.1;2016-10-06 21:33:59.375505;;;;
1687;578/2013;TJDFT;37;;16;3;514;f;0;;;777-007.148/2013;514;1;2013-11-20 16:52:51.43;2016-10-06 21:33:59.383397;;;;
1688;8691/2013;GAB/PROMAI;37;;16;3;514;f;0;;;777-007.149/2013;514;1;2013-11-20 16:54:52.34;2016-10-06 21:33:59.393572;;;;
1689;8812/2013;GAB/PROMAI;30;;16;3;514;f;0;;;777-007.150/2013;514;1;2013-11-20 16:56:30.14;2016-10-06 21:33:59.403591;;;;
1690;7142/2013;GAB/PROMAI;12;;16;3;514;f;0;;;777-007.152/2013;514;1;2013-11-20 16:59:21.193;2016-10-06 21:33:59.413841;;;;
1691;6914/2013;GAB/PROMAI;37;;16;3;514;f;0;;;777-007.153/2013;514;1;2013-11-20 17:02:17.027;2016-10-06 21:33:59.423962;;;;
1692;1177/2013;TJDFT;37;;16;3;514;f;0;;;777-007.154/2013;514;1;2013-11-20 17:07:26.347;2016-10-06 21:33:59.433408;;;;
1693;1203/2013;MPDFT;37;;16;3;514;f;0;;;777-007.155/2013;514;1;2013-11-20 17:11:00.743;2016-10-06 21:33:59.443206;;;;
1694;834/2013;TJDFT;23;;16;3;514;f;0;;;777-007.159/2013;514;1;2013-11-20 17:20:50.243;2016-10-06 21:33:59.454921;;;;
1695;553/2013;TJDFT;37;;16;3;514;f;0;;;777-007.160/2013;514;1;2013-11-20 17:23:35.2;2016-10-06 21:33:59.463991;;;;
1696;1744/2013;TJDFT;37;;16;3;514;f;0;;;777-007.162/2013;514;1;2013-11-20 17:27:19.223;2016-10-06 21:33:59.470605;;;;
1697;8478/2013;GAB/PROMAI;12;;16;3;514;f;0;;;777-007.163/2013;514;1;2013-11-20 17:29:18.163;2016-10-06 21:33:59.477422;;;;
1698;732/2013;TJDFT;37;;16;3;514;f;0;;;777-007.164/2013;514;1;2013-11-20 17:30:35.557;2016-10-06 21:33:59.484271;;;;
1699;1102/2013;MPDFT;37;;16;3;514;f;0;;;777-007.166/2013;514;1;2013-11-20 17:33:19.527;2016-10-06 21:33:59.492094;;;;
1700;525/2013;TJDFT;22;;16;3;514;f;0;;;777-007.167/2013;514;1;2013-11-20 17:35:18.267;2016-10-06 21:33:59.500065;;;;
1701;403/2013;TJDFT;37;;16;3;514;f;0;;;777-007.168/2013;514;1;2013-11-20 17:38:13.193;2016-10-06 21:33:59.508294;;;;
1702;49/2013;TJDFT;37;;16;3;514;f;0;;;777-007.169/2013;514;1;2013-11-20 17:44:42.047;2016-10-06 21:33:59.515125;;;;
1703;829/2013;TRT 1陋 VT;37;;16;3;514;f;0;;;777-007.171/2013;514;1;2013-11-20 17:50:24.457;2016-10-06 21:33:59.522733;;;;
1704;713/2013;TJDFT;37;;16;3;514;f;0;;;777-007.173/2013;514;1;2013-11-20 17:56:15.1;2016-10-06 21:33:59.530343;;;;
1706;224/2013;TJDFT;37;;16;3;514;f;0;;;777-007.175/2013;514;1;2013-11-20 18:04:58.06;2016-10-06 21:33:59.544448;;;;
1707;3497/2013;CODEF/PROFIS;37;;16;3;514;f;0;;;777-007.179/2013;514;1;2013-11-20 18:09:52.36;2016-10-06 21:33:59.550904;;;;
1708;392.044.425/2013;CODHAB/DF;37;;16;1;290;f;0;;;777-007.180/2013;514;;2013-11-20 18:13:27.83;2016-10-06 21:33:59.562198;;;;
1709;263/2013;TJDFT;6;;16;3;514;f;0;;;777-007.181/2013;514;1;2013-11-20 18:15:03.94;2016-10-06 21:33:59.570188;;;;
1710;7853/2013;GAB/PROMAI;36;;16;3;514;f;0;;;777-007.182/2013;514;1;2013-11-20 18:16:58.443;2016-10-06 21:33:59.577615;;;;
1711;1070/2013;TJDFT;12;;16;3;514;f;0;;;777-007.183/2013;514;1;2013-11-20 18:19:29.727;2016-10-06 21:33:59.583939;;;;
1712;834/2013;TJDFT;37;;16;3;514;f;0;;;777-007.184/2013;514;1;2013-11-20 18:24:00.637;2016-10-06 21:33:59.591733;;;;
1713;7331/2013;GAB/PROMAI;37;;16;3;514;f;0;;;777-007.185/2013;514;1;2013-11-20 18:27:35.827;2016-10-06 21:33:59.598704;;;;
1714;1012/2013;TJDFT;37;;16;3;514;f;0;;;777-007.186/2013;514;1;2013-11-20 18:29:54.53;2016-10-06 21:33:59.608381;;;;
1715;7068/2013;GAB/PROMAI;37;;16;3;514;f;0;;;777-007.187/2013;514;1;2013-11-20 18:32:09.89;2016-10-06 21:33:59.614971;;;;
1705;7972/2013;GAB/PROMAI;10;;16;3;514;f;0;;;777-007.174/2013;514;1;2013-11-20 18:02:12.573;2018-09-28 20:12:27.028736;;;;
1716;8340/2013;TJDFT;37;;16;3;514;f;0;;;777-007.189/2013;514;1;2013-11-20 18:37:21.957;2016-10-06 21:33:59.622395;;;;
1717;283/2013;TJDFT;12;;16;3;514;f;0;;;777-007.190/2013;514;1;2013-11-20 18:39:12.363;2016-10-06 21:33:59.629291;;;;
1718;561/2013;TJDFT;37;;16;3;514;f;0;;;777-007.191/2013;514;1;2013-11-20 18:53:38.827;2016-10-06 21:33:59.636414;;;;
1719;387/2013;TJDFT;37;;16;3;514;f;0;;;777-007.192/2013;514;1;2013-11-20 18:56:06.297;2016-10-06 21:33:59.643702;;;;
1720;400/2013;TJDFT;37;;16;3;514;f;0;;;777-007.193/2013;514;1;2013-11-20 18:57:37.347;2016-10-06 21:33:59.649756;;;;
1721;833/2013;TJDFT;37;;16;3;514;f;0;;;777-007.194/2013;514;1;2013-11-20 18:59:20.783;2016-10-06 21:33:59.65765;;;;
1722;1092/2013;TJDFT;37;;16;3;514;f;0;;;777-007.195/2013;514;1;2013-11-20 19:01:39.067;2016-10-06 21:33:59.663992;;;;
1723;392.041.521/2013;CODHAB/DF;37;;16;1;521;f;0;;;777-007.197/2013;514;;2013-11-20 19:33:33.61;2016-10-06 21:33:59.674084;;;;
1724;392.026.565/2013;CODHAB/DF;37;;16;1;521;f;0;;;777-007.198/2013;514;;2013-11-20 19:39:17.273;2016-10-06 21:33:59.684102;;;;
1725;842/2013;TJDFT;10;;16;3;514;f;0;;;777-007.199/2013;514;1;2013-11-20 19:42:46.323;2016-10-06 21:33:59.690372;;;;
1726;9007/2013;GAB/PROMAI;10;;16;3;514;f;0;;;777-007.200/2013;514;1;2013-11-20 19:44:41.903;2016-10-06 21:33:59.696199;;;;
1727;423/2013;TJDFT;37;;16;3;514;f;0;;;777-007.201/2013;514;1;2013-11-20 19:46:23.157;2016-10-06 21:33:59.703787;;;;
1728;1187/2013;TJDFT;37;;16;3;514;f;0;;;777-007.202/2013;514;1;2013-11-20 19:47:57.377;2016-10-06 21:33:59.710268;;;;
1729;1271/2013;MPDFT;37;;16;3;514;f;0;;;777-007.203/2013;514;1;2013-11-20 19:49:23.267;2016-10-06 21:33:59.71754;;;;
1730;288/2013;MPDFT;37;;16;3;514;f;0;;;777-007.204/2013;514;1;2013-11-20 19:50:58.767;2016-10-06 21:33:59.726381;;;;
1731;9201/2013;TJDFT;11;;16;3;514;f;0;;;777-007.205/2013;514;1;2013-11-20 19:52:35.69;2016-10-06 21:33:59.732605;;;;
1733;835/2013;TJDFT;23;;16;3;514;f;0;;;777-007.207/2013;514;1;2013-11-20 19:56:16.633;2016-10-06 21:33:59.751484;;;;
1734;8980/2013;GAB/PROMAI;37;;16;3;514;f;0;;;777-007.208/2013;514;1;2013-11-20 19:58:27.227;2016-10-06 21:33:59.758008;;;;
1735;9152/2013;GAB/PROMAI;37;;16;3;514;f;0;;;777-007.209/2013;514;1;2013-11-20 20:00:24.277;2016-10-06 21:33:59.764587;;;;
1736;9173/2013;GAB/PROMAI;37;;16;3;514;f;0;;;777-007.210/2013;514;1;2013-11-20 20:02:13.667;2016-10-06 21:33:59.77188;;;;
1737;1312/2013;MPDFT;37;;16;3;514;f;0;;;777-007.211/2013;514;1;2013-11-20 20:04:47.497;2016-10-06 21:33:59.783167;;;;
1738;9131/2013;GAB/PROMAI;30;;16;3;514;f;0;;;777-007.212/2013;514;1;2013-11-20 20:06:41.11;2016-10-06 21:33:59.793713;;;;
1739;9224/2013;GAB/PROMAI;37;;16;3;514;f;0;;;777-007.213/2013;514;1;2013-11-20 20:09:49.83;2016-10-06 21:33:59.804827;;;;
1740;RT-99500-24.2008.5.10.0012;TRT 10陋;35;;17;62;805;f;0;;;777-007.214/2013;514;;2013-11-21 10:24:09.613;2016-10-06 21:33:59.817708;;;;
1741;777.007.158/2013;CODHAB/DF;37;;16;26;521;f;0;;;777-007.244/2013;514;;2013-11-21 18:26:21.277;2016-10-06 21:33:59.833296;;;;
1743;2012.01.1.141180-9;CODHAB/DF;1;;3;62;524;f;0;;;777-007.264/2013;514;;2013-11-25 11:11:23.887;2016-10-06 21:33:59.857876;;;;
1744;2007.01.1.052082-8;CODHAB/DF;12;;1;62;739;f;0;;;777-007.265/2013;514;;2013-11-25 11:13:07.56;2016-10-06 21:33:59.868535;;;;
1745;2012.01.1.125571-2;CODHAB/DF;11;;1;62;739;f;0;;;777-007.267/2013;514;;2013-11-25 11:14:19.043;2016-10-06 21:33:59.883461;;;;
1746;1999.01.1.037548-4;CODHAB/DF;11;;4;62;739;f;0;;;777-007.268/2013;514;;2013-11-25 11:15:21.53;2016-10-06 21:33:59.89445;;;;
1747;2013.01.1.029837-2;TJDFT;3;;6;62;805;f;0;;;777-007.269/2013;514;;2013-11-25 11:18:33.14;2016-10-06 21:33:59.905544;;;;
1749;2012.01.1.078021-8;TJDFT;1;;6;62;1006;f;0;;;777-007.271/2013;514;;2013-11-25 11:21:31.093;2016-10-06 21:33:59.924231;;;;
452;0714858-19.2016.8.07.0016;TJDFT;37;33600.0;27;;;t;0;;;;514;;2016-07-11 19:06:43.037;2017-03-13 14:29:20.26396;f;;;
1742;777.004.060/2013;SEDHAB;37;;16;3;524;f;0;;;777-007.261/2013;514;1;2013-11-22 18:02:49.29;2018-09-27 20:43:04.568435;;;;
1732;1229/2013;MPDFT;37;;16;3;514;f;0;;;777-007.206/2013;514;1;2013-11-20 19:54:08.867;2018-09-28 20:12:11.790685;;;;
1750;392.014.698/2013;codhab/df;37;;16;1;521;f;0;;;777-007.273/2013;514;;2013-11-25 11:25:57.573;2016-10-06 21:33:59.933393;;;;
1751;392.000.520/2012;CODHAB/DF;37;;16;1;521;f;0;;;777-007.274/2013;514;;2013-11-25 11:27:04.543;2016-10-06 21:33:59.943585;;;;
1752;1342/2013;MPDFT;37;;16;3;514;f;0;;;777-007.284/2013;514;1;2013-11-25 12:32:59.357;2016-10-06 21:33:59.950679;;;;
1753;9078/2013;GAB/PROMAI;26;;16;3;514;f;0;;;777-007.285/2013;514;1;2013-11-25 12:35:22.42;2016-10-06 21:33:59.957842;;;;
1754;945/2013;DECAP;37;;16;3;514;f;0;;;777-007.286/2013;514;1;2013-11-25 12:36:39.517;2016-10-06 21:33:59.965174;;;;
1755;1321/2013;MPDFT;37;;16;3;514;f;0;;;777-007.287/2013;514;1;2013-11-25 12:38:53.533;2016-10-06 21:33:59.972199;;;;
1756;9079/2013;GAB/PROMAI;26;;16;3;514;f;0;;;777-007.288/2013;514;1;2013-11-25 12:43:37.067;2016-10-06 21:33:59.978956;;;;
1757;1068/2013;TERRACAP;37;;16;3;514;f;0;;;777-007.289/2013;514;1;2013-11-25 12:46:32.947;2016-10-06 21:33:59.986005;;;;
1758;1331/2013;MPDFT;37;;16;3;514;f;0;;;777-007.290/2013;514;1;2013-11-25 12:49:37.873;2016-10-06 21:33:59.992067;;;;
1759;557/2013;TJDFT;37;;16;3;514;f;0;;;777-007.291/2013;514;1;2013-11-25 12:51:35.23;2016-10-06 21:33:59.99866;;;;
1760;392.030.304/2013;CODHAB/DF;37;;16;1;290;f;0;;;777-007.293/2013;514;;2013-11-25 12:59:41.393;2016-10-06 21:34:00.008841;;;;
1761;300.000.649/2013;CODHAB;37;;16;4;290;f;0;;;777-007.295/2013;514;;2013-11-25 13:05:38.82;2016-10-06 21:34:00.01913;;;;
1762;300.000.649/2013;CODHAB;37;;16;4;290;f;0;;;777-007.296/2013;514;;2013-11-25 13:05:43.71;2016-10-06 21:34:00.029625;;;;
1763;300.000.649/2013;CODHAB;37;;16;4;290;f;0;;;777-007.297/2013;514;;2013-11-25 13:05:44.163;2016-10-06 21:34:00.040261;;;;
1764;300.000.649/2013;CODHAB;37;;16;4;290;f;0;;;777-007.298/2013;514;;2013-11-25 13:05:44.647;2016-10-06 21:34:00.05006;;;;
1765;392.000.425/2011;CODHAB/DF;37;;16;1;521;f;0;;;777-007.299/2013;514;;2013-11-25 13:33:36.707;2016-10-06 21:34:00.060117;;;;
1766;2012.13.1.003036-9;TJDFT;1;;16;14;805;f;0;;;777-007.333/2013;514;3;2013-11-25 19:15:14.76;2016-10-06 21:34:00.070843;;;;
1767;9385/2013;GAB/PROMAI;37;;3;3;805;f;0;;;777-007.334/2013;514;1;2013-11-25 19:16:30.09;2016-10-06 21:34:00.077449;;;;
1768;9311/2013;GAB/PROMAI;37;;4;3;805;f;0;;;777-007.335/2013;514;1;2013-11-25 19:17:42.95;2016-10-06 21:34:00.084424;;;;
1769;2013.01.1.162362-7;TJDFT;1;;8;14;739;f;0;;;777-007.336/2013;514;3;2013-11-25 19:19:24.123;2016-10-06 21:34:00.09395;;;;
1770;2013.01.1.004602-3;TJDFT;30;;16;14;1006;f;0;;;777-007.338/2013;514;3;2013-11-25 19:22:08.95;2016-10-06 21:34:00.108625;;;;
1771;2011.01.1.232191-4;TJDFT;39;;14;62;524;f;0;;;777-007.340/2013;514;;2013-11-25 19:46:25.373;2016-10-06 21:34:00.119537;;;;
1775;2013.00.2.027429-8;TJDFT;38;;15;62;739;f;0;;;777-007.344/2013;514;;2013-11-25 19:52:09.453;2016-10-06 21:34:00.161452;;;;
1776;1999.01.1.059303-3;TJDFT;6;;3;62;812;f;0;;;777-007.345/2013;514;;2013-11-25 19:53:14.767;2016-10-06 21:34:00.171621;;;;
1778;2013.01.1.121364-6;TJDFT;1;;5;62;867;f;0;;;777-007.347/2013;514;;2013-11-25 19:55:14.113;2016-10-06 21:34:00.190518;;;;
1779;392.009.214/2013;CODHAB/DF;37;;16;1;521;f;0;;;777-007.370/2013;514;;2013-11-26 19:37:31.7;2016-10-06 21:34:00.19975;;;;
1780;304.000.461/2013;CODHAB;37;;16;4;521;f;0;;;777-007.377/2013;514;;2013-11-27 12:07:10.657;2016-10-06 21:34:00.209312;;;;
1781;305.000.275/2013;CODHAB;37;;16;4;521;f;0;;;777-007.382/2013;514;;2013-11-27 12:36:26.523;2016-10-06 21:34:00.219129;;;;
1782;2013.00.2.026477-9;TJDFT;38;;14;14;805;f;0;;;777-007.424/2013;831;3;2013-11-27 19:01:05.907;2016-10-06 21:34:00.228578;;;;
1783;"3,04E+12";CODHAB/DF;37;;16;4;290;f;0;;;777-007.426/2013;831;;2013-11-27 19:17:07.407;2016-10-06 21:34:00.239167;;;;
1773;2010.01.1216840-0;TJDFT;12;510.0;6;62;867;t;0;;;777-007.342/2013;514;;2013-11-25 19:48:41.703;2018-06-14 14:08:46.018425;;;;
1777;2011.01.1051214-9;TJDFT;39;;13;62;867;f;0;;;777-007.346/2013;514;;2013-11-25 19:54:20.253;2018-09-27 20:53:00.842245;;;;
1774;2000.01.1062590-9;TJDFT;11;692.88;3;62;867;f;0;;;777-007.343/2013;514;;2013-11-25 19:51:00.47;2018-06-14 14:13:19.936451;;;;
1784;332/2013;TJDFT;37;;16;3;514;f;0;;;777-007.427/2013;514;1;2013-11-27 20:13:24.473;2016-10-06 21:34:00.246131;;;;
1785;430/2013;TJDFT;37;;16;3;514;f;0;;;777-007.428/2013;514;1;2013-11-27 20:17:32.447;2016-10-06 21:34:00.253209;;;;
1786;862/2013;TJDFT;37;;16;3;514;f;0;;;777-007.429/2013;514;1;2013-11-27 20:19:12.463;2016-10-06 21:34:00.260359;;;;
1787;2009.01.1.147405-9;TJDFT;37;;7;62;739;f;0;;;777-007.432/2013;514;;2013-11-28 11:03:45.853;2016-10-06 21:34:00.271357;;;;
1788;2013.01.1.003822-3;TJDFT;39;;10;62;805;f;0;;;777-007.439/2013;514;;2013-11-28 13:05:33.99;2016-10-06 21:34:00.284964;;;;
1789;2012.01.1.191937-7;TJDFT;1;;3;62;805;f;0;;;777-007.440/2013;514;;2013-11-28 13:06:33.193;2016-10-06 21:34:00.296676;;;;
1790;2013.01.1.047856-0;TJDFT;1;;5;62;805;f;0;;;777-007.441/2013;514;;2013-11-28 13:08:07.693;2016-10-06 21:34:00.309805;;;;
1791;2013.00.2.001850-4;TJDFT;41;;10;62;805;f;0;;;777-007.442/2013;514;;2013-11-28 13:09:35.21;2016-10-06 21:34:00.321845;;;;
1792;2012.01.1.154994-5;TJDFT;1;;3;62;805;f;0;;;777-007.443/2013;514;;2013-11-28 13:10:33.583;2016-10-06 21:34:00.332506;;;;
1793;300.000.653/2013;CODHAB/DF;37;;16;4;290;f;0;;;777-007.444/2013;514;;2013-11-28 13:27:53.417;2016-10-06 21:34:00.344248;;;;
1794;392.049.188/2013;CODHAB/DF;37;;16;1;521;f;0;;;777-007.480/2013;514;;2013-11-29 11:35:18.64;2016-10-06 21:34:00.357498;;;;
1795;102.079.688/1992;CODHAB/DF;37;;16;1;290;f;0;;;777-007.481/2013;514;;2013-11-29 11:38:36.207;2016-10-06 21:34:00.370129;;;;
1796;392.000.172/2008;CODHAB/DF;37;;16;1;290;f;0;;;777-007.484/2013;514;;2013-11-29 12:37:52.497;2016-10-06 21:34:00.379736;;;;
1798;2615/2013;MPDFT;37;;16;3;514;f;0;;;777-007.498/2013;514;1;2013-11-29 19:04:08.407;2016-10-06 21:34:00.397509;;;;
1799;1749/2013;TJDFT;37;;16;3;514;f;0;;;777-007.499/2013;514;1;2013-11-29 19:05:46.843;2016-10-06 21:34:00.407467;;;;
1800;410/2013;TJDFT;37;;16;3;514;f;0;;;777-007.500/2013;514;1;2013-11-29 19:07:51.817;2016-10-06 21:34:00.414211;;;;
1801;1225/2013;TJDFT;37;;16;3;514;f;0;;;777-007.501/2013;514;1;2013-11-29 19:09:22.067;2016-10-06 21:34:00.421895;;;;
1802;1391/2013;MPDFT;37;;16;3;514;f;0;;;777-007.502/2013;514;1;2013-11-29 19:10:40.6;2016-10-06 21:34:00.428439;;;;
1803;392.005.023/2009;CODHAB/DF;37;;16;1;290;f;0;;;777-007.543/2013;514;;2013-12-02 18:13:38.057;2016-10-06 21:34:00.438187;;;;
1804;2012.01.1.184953-3;TJDFT;37;;6;62;805;f;0;;;777-007.546/2013;514;;2013-12-02 18:54:04.2;2016-10-06 21:34:00.4477;;;;
1805;2012.01.1.186081-5;TJDFT;1;;3;62;524;f;0;;;777-007.550/2013;514;;2013-12-02 19:30:08.49;2016-10-06 21:34:00.457664;;;;
1806;2011.01.1.215685-2;TJDFT;1;;3;62;524;f;0;;;777-007.551/2013;514;;2013-12-02 19:31:00.863;2016-10-06 21:34:00.469928;;;;
1807;2013.01.1.033868-8;TJDFT;1;;6;62;805;f;0;;;777-007.552/2013;514;;2013-12-02 19:34:52.11;2016-10-06 21:34:00.478723;;;;
1808;2011.01.1.198861-4;TJDFT;1;;4;62;805;f;0;;;777-007.553/2013;514;;2013-12-02 19:35:55.17;2016-10-06 21:34:00.487925;;;;
1809;2012.01.1.196394-3;TJDFT;36;;7;62;805;f;0;;;777-007.554/2013;514;;2013-12-02 19:37:02.31;2016-10-06 21:34:00.497095;;;;
1810;2005.01.1.079771-8;TJDFT;6;;9;62;1006;f;0;;;777-007.555/2013;514;;2013-12-02 19:40:11.23;2016-10-06 21:34:00.506898;;;;
1811;2012.01.1.193441-2;TJDFT;1;;6;62;739;f;0;;;777-007.556/2013;514;;2013-12-02 19:41:17.213;2016-10-06 21:34:00.515554;;;;
1812;2013.01.1.054738-7;TJDFT;1;;16;62;739;f;0;;;777-007.557/2013;514;;2013-12-02 19:42:13.777;2016-10-06 21:34:00.524211;;;;
1813;2013.01.1.083329-2;TJDFT;1;;6;62;739;f;0;;;777-007.558/2013;514;;2013-12-02 19:43:04.557;2016-10-06 21:34:00.532741;;;;
1815;2012.01.1.141159-3;TJDFT;1;;6;62;739;f;0;;;777-007.560/2013;514;;2013-12-02 19:45:27.197;2016-10-06 21:34:00.55076;;;;
1816;2012.01.149052-4;TJDFT;6;;17;62;739;f;0;;;777-007.561/2013;514;;2013-12-02 19:46:22.18;2016-10-06 21:34:00.560015;;;;
1817;305.000.281/2013;CODHAB/DF;37;;16;4;290;f;0;;;777-007.562/2013;514;;2013-12-02 19:51:20.833;2016-10-06 21:34:00.569569;;;;
1797;2545/2013;MPDFT;37;;16;3;514;f;0;;;777-007.497/2013;514;1;2013-11-29 19:02:29.887;2018-09-28 20:12:36.463871;;;;
1819;2013.01.1.162325-8;TJDFT;1;;5;14;1006;f;0;;;777-007.564/2013;514;3;2013-12-02 20:45:56.547;2016-10-06 21:34:00.58598;;;;
1820;2005.01.1.049607-6;TJDFT;37;;4;14;1006;f;0;;;777-007.565/2013;514;3;2013-12-02 20:47:00.343;2016-10-06 21:34:00.595675;;;;
1821;2012.13.1.004888-0;TJDFT;21;;17;14;1006;f;0;;;777-007.566/2013;514;3;02/12/2013 20:48;2016-10-06 21:34:00.604827;;;;
1822;102.174.484/2000;CODHAB/DF;37;;16;1;521;f;0;;;777-007.576/2013;514;;2013-12-03 12:49:10.02;2016-10-06 21:34:00.613662;;;;
1823;1396/2013;MPDFT;37;;16;3;514;f;0;;;777-007.577/2013;514;1;2013-12-03 12:53:06.877;2016-10-06 21:34:00.6211;;;;
1824;9690/2013;GAB/PROMAI;37;;16;3;514;f;0;;;777-007.578/2013;514;1;2013-12-03 12:55:19.707;2016-10-06 21:34:00.627371;;;;
1825;1180/2013;TJDFT;37;;16;3;514;f;0;;;777-007.579/2013;514;1;2013-12-03 12:58:47.797;2016-10-06 21:34:00.633928;;;;
1826;390.000.217/2013;CODHAB/DF;37;;16;1;521;f;0;;;777-007.616/2013;514;;2013-12-04 14:08:01.527;2016-10-06 21:34:00.642917;;;;
1828;2013.01.1.177181-8;TJDFT;1;;17;14;1006;f;0;;;777-007.638/2013;514;3;2013-12-04 20:56:48.463;2016-10-06 21:34:00.661529;;;;
1829;2013.01.1.177279-8;TJDFT;1;;5;14;1006;f;0;;;777-007.639/2013;514;3;2013-12-04 20:57:54.183;2016-10-06 21:34:00.671284;;;;
1830;2004.01.1.119129-8;TJDFT;6;;16;14;1006;f;0;;;777-007.640/2013;514;3;2013-12-04 21:00:07.357;2016-10-06 21:34:00.680881;;;;
1831;9810/2013;GAB/PROMAI;37;;16;3;514;f;0;;;777-007.645/2013;514;1;2013-12-05 11:52:16.95;2016-10-06 21:34:00.687851;;;;
1832;392.006.679/2012;CODHAB/DF;37;;16;1;290;f;0;;;777-007.646/2013;514;;2013-12-05 12:04:20.227;2016-10-06 21:34:00.697992;;;;
1833;435/2013;TJDFT;37;;16;3;514;f;0;;;777-007.653/2013;514;1;2013-12-05 13:05:09.623;2016-10-06 21:34:00.704991;;;;
1834;392.010.706/2010;CODHAB/DF;37;;16;1;290;f;0;;;777-007.682/2013;514;;2013-12-05 19:32:20.983;2016-10-06 21:34:00.713619;;;;
1835;300.000.668/2013;CODHAB/DF;37;;16;4;290;f;0;;;777-007.683/2013;514;;2013-12-05 19:35:22.937;2016-10-06 21:34:00.722848;;;;
1836;9708/2013;GAB/PROMAI;37;;16;3;514;f;0;;;777-007.690/2013;514;1;2013-12-06 13:23:02.067;2016-10-06 21:34:00.728994;;;;
1837;1058/2013;TJDFT;37;;16;3;514;f;0;;;777-007.698/2013;514;1;2013-12-06 15:56:13.067;2016-10-06 21:34:00.735665;;;;
1839;4548/2013;PROFIS;37;;16;3;514;f;0;;;777-007.710/2013;514;1;2013-12-06 19:29:35.673;2016-10-06 21:34:00.750614;;;;
1840;2456/2013;MPDFT;37;;16;3;514;f;0;;;777-007.711/2013;514;1;2013-12-06 19:31:29.05;2016-10-06 21:34:00.756694;;;;
1841;9848/2013;GAB/PROMAI;37;;16;3;514;f;0;;;777-007.712/2013;514;1;2013-12-06 19:32:44.147;2016-10-06 21:34:00.763228;;;;
1842;1999.01.1.080986-3;TJDFT;11;;8;62;805;f;0;;;777-007.716/2013;831;;2013-12-09 11:17:38.517;2016-10-06 21:34:00.772529;;;;
1843;2013.01.1.154555-5;TJDFT;27;;2;62;805;f;0;;;777-007.717/2013;831;;2013-12-09 11:19:55.573;2016-10-06 21:34:00.782289;;;;
1844;2012.01.1.190813-0;TJDFT;1;;6;62;739;f;0;;;777-007.719/2013;831;;2013-12-09 11:21:34.027;2016-10-06 21:34:00.790979;;;;
1846;2011.01.1.141317-4;TJDFT;20;;8;62;1006;f;0;;;777-007.722/2013;831;;2013-12-09 11:30:39.047;2016-10-06 21:34:00.809512;;;;
1847;2012.01.1.134944-9;TJDFT;9;;4;62;1006;f;0;;;777-007.723/2013;831;;2013-12-09 11:32:09.717;2016-10-06 21:34:00.818799;;;;
1848;2012.01.1.163929-3;TJDFT;1;;8;62;1006;f;0;;;777-007.724/2013;831;;2013-12-09 11:33:31.167;2016-10-06 21:34:00.828331;;;;
1850;2000.01.1.051372-7;TJDFT;1;;6;62;805;f;0;;;777-007.729/2013;831;;2013-12-09 13:17:50.78;2016-10-06 21:34:00.847103;;;;
1851;2013.01.1.020704-8;TJDFT;9;;6;62;805;f;0;;;777-007.730/2013;831;;2013-12-09 13:19:30.563;2016-10-06 21:34:00.856499;;;;
1845;20112.01.1.151567-5;TJDFT;13;10000.0;9;62;739;t;0;;;777-007.720/2013;831;;2013-12-09 11:23:00.007;2018-06-18 16:13:53.530486;;;;
1838;2011.01.1.051214-9;TJDFT;39;26019.95;13;62;1006;f;0;;;777-007.699/2013;514;;2013-12-06 16:18:00.933;2018-06-18 16:11:08.963051;;;;
1818;2013.07.2.006098-8;GAB/PROMAI;30;200000.0;4;3;739;t;0;;;777-007.563/2013;514;1;2013-12-02 20:42:56.237;2018-09-28 11:37:25.674576;;;;
1849;1994.01.1.32048;TJDFT;1;;3;62;812;f;0;;;777-007.725/2013;831;;2013-12-09 11:39:03.707;2018-09-28 11:57:02.208269;;;;
1852;2013.01.1.000599-3;TJDFT;10;;3;62;805;f;0;;;777-007.731/2013;831;;2013-12-09 13:24:28.523;2016-10-06 21:34:00.866454;;;;
1853;2012.01.1.179298-6;TJDFT;10;;17;62;805;f;0;;;777-007.732/2013;831;;2013-12-09 13:27:12.82;2016-10-06 21:34:00.880274;;;;
1854;2011.01.1.070587-8;TJDFT;1;;3;62;1006;f;0;;;777-007.734/2013;831;;2013-12-09 13:29:38.447;2016-10-06 21:34:00.889508;;;;
1855;2013.01.1.083329-2;TJDFT;1;;6;62;739;f;0;;;777-007.735/2013;831;;2013-12-09 13:30:59.06;2016-10-06 21:34:00.898174;;;;
1856;2012.01.1.179298-6;TJDFT;10;;17;62;805;f;0;;;777-007.779/2013;831;;2013-12-10 16:26:43.137;2016-10-06 21:34:00.907492;;;;
1857;2013.01.1.147641-6;TJDFT;37;;17;3;739;f;0;;;777-007.780/2013;831;1;2013-12-10 16:32:24.97;2016-10-06 21:34:00.914491;;;;
1858;2013.01.1.173000-8;TJDFT;37;;17;14;1006;f;0;;;777-007.783/2013;831;3;2013-12-10 16:38:08.27;2016-10-06 21:34:00.923966;;;;
1859;2013.13.1.004817-2;TJDFT;12;;17;14;1006;f;0;;;777-007.784/2013;831;3;2013-12-10 16:39:57.427;2016-10-06 21:34:00.933186;;;;
1860;2013.01.1.165367-9;TJDFT;9;;6;14;1006;f;0;;;777-007.786/2013;831;3;2013-12-10 16:42:03.443;2016-10-06 21:34:00.942347;;;;
1861;300.000.673/2013;CODHAB/DF;37;;16;4;290;f;0;;;777-007.799/2013;514;;2013-12-10 18:15:09.013;2016-10-06 21:34:00.952238;;;;
1862;2013.01.1.048687-9;TJDFT;13;;5;62;739;f;0;;;777-007.802/2013;831;;2013-12-10 18:27:39.127;2016-10-06 21:34:00.963141;;;;
1863;2012.01.1.120952-6;TJDFT;15;;3;62;739;f;0;;;777-007.803/2013;831;;2013-12-10 18:29:27.02;2016-10-06 21:34:00.976456;;;;
1864;2009.01.1.173260-9;TJDFT;12;;15;62;805;f;0;;;777-007.804/2013;831;;2013-12-10 18:33:39.55;2016-10-06 21:34:00.989653;;;;
1865;2013.01.1.026998-5;TJDFT;9;;10;62;739;f;0;;;777-007.806/2013;831;;2013-12-10 18:37:01.883;2016-10-06 21:34:01.002369;;;;
1866;392.052.265/2013;CODHAB/DF;37;;16;1;290;f;0;;;777-007.842/2013;514;;2013-12-11 16:46:29.737;2016-10-06 21:34:01.013979;;;;
1867;305.000.290/2013;CODHAB/DF;37;;16;4;290;f;0;;;777-007.847/2013;514;;2013-12-11 18:18:36.683;2016-10-06 21:34:01.026209;;;;
1868;110.000.518/2009;CODHAB/DF;37;;16;1;290;f;0;;;777-007.854/2013;514;;2013-12-12 11:26:21.277;2016-10-06 21:34:01.036599;;;;
1869;9843/2013;PROMAI;37;;16;3;514;f;0;;;777-007.871/2013;831;1;2013-12-12 16:17:18.767;2016-10-06 21:34:01.046704;;;;
1870;3603/2013;TJDFT;37;;16;3;514;f;0;;;777-007.880/2013;831;1;2013-12-12 17:46:35.077;2016-10-06 21:34:01.054556;;;;
1871;896/2013;TJDFT;37;;16;3;514;f;0;;;777-007.882/2013;831;1;2013-12-12 17:50:58.643;2016-10-06 21:34:01.0635;;;;
1872;655/2013;TJDFT;37;;16;3;514;f;0;;;777-007.883/2013;831;1;2013-12-12 17:57:13.067;2016-10-06 21:34:01.073752;;;;
1873;420/2013;TJDFT;37;;16;3;514;f;0;;;777-007.884/2013;831;1;2013-12-12 17:59:20.487;2016-10-06 21:34:01.083405;;;;
1874;932/2013;TJDFT;37;;16;3;514;f;0;;;777-007.886/2013;831;1;2013-12-12 18:02:24.427;2016-10-06 21:34:01.094783;;;;
1875;9872/2013;TJDFT;37;;16;3;514;f;0;;;777-007.887/2013;831;1;2013-12-12 18:04:49.927;2016-10-06 21:34:01.103103;;;;
1876;1428/2013;TJDFT;37;;16;3;514;f;0;;;777-007.888/2013;831;1;2013-12-12 18:10:52.897;2016-10-06 21:34:01.109522;;;;
1877;2013.01.1.163110-8;TJDFT;9;;3;14;1006;f;0;;;777-008.004/2013;831;3;2013-12-13 19:25:52.543;2016-10-06 21:34:01.119502;;;;
1878;2013.01.1.177264-4;TJDFT;9;;3;14;1006;f;0;;;777-008.005/2013;831;3;2013-12-13 19:28:09.243;2016-10-06 21:34:01.128337;;;;
1879;2013.00.2.024199-4;TJDFT;9;;14;14;1006;f;0;;;777-008.006/2013;831;3;2013-12-13 19:34:09.3;2016-10-06 21:34:01.13747;;;;
1880;2012.01.1.074657-7;TJDFT;1;;3;62;1006;f;0;;;777-008.008/2013;831;;2013-12-16 10:27:07.66;2016-10-06 21:34:01.145987;;;;
1881;2012.01.1.169267-3;TJDFT;14;;3;62;1006;f;0;;;777-008.011/2013;831;;2013-12-16 10:34:31.213;2016-10-06 21:34:01.155237;;;;
1885;2012.01.1.125571-2;TJDFT;11;;1;62;739;f;0;;;777-008.016/2013;831;;2013-12-16 10:41:54.72;2016-10-06 21:34:01.196146;;;;
1882;2013.01.1.0284783-3;TJDFT;1;;7;62;739;f;0;;;777-008.012/2013;831;;2013-12-16 10:36:15.933;2018-09-28 11:56:14.171004;;;;
1886;2013.01.1.014571-3;TJDFT;1;;6;62;739;f;0;;;777-008.017/2013;831;;2013-12-16 10:43:06.597;2016-10-06 21:34:01.206287;;;;
1887;2012.01.1.189070-5;TJDFT;1;;8;62;805;f;0;;;777-008.018/2013;831;;2013-12-16 10:44:35.863;2016-10-06 21:34:01.216273;;;;
1888;1995.01.1.21056;TJDFT;11;;17;62;1006;f;0;;;777-008.019/2013;831;;2013-12-16 10:46:28.943;2016-10-06 21:34:01.225145;;;;
1889;2012.01.1.049251-6;TJDFT;1;;1;62;1006;f;0;;;777-008.020/2013;831;;2013-12-16 10:47:53.74;2016-10-06 21:34:01.238047;;;;
1890;99500-24.2008.5.10.0012;TJDFT;37;;17;62;805;f;0;;;777-008.021/2013;831;;2013-12-16 10:51:54.183;2016-10-06 21:34:01.251535;;;;
1892;2013.00.2.016342-2;TJDFT;1;;12;62;739;f;0;;;777-008.126/2013;831;;2013-12-17 17:13:04.793;2016-10-06 21:34:01.278908;;;;
1893;2012.01.1.194699-9;TJDFT;16;;7;62;739;f;0;;;777-008.127/2013;831;;2013-12-17 17:14:33.417;2016-10-06 21:34:01.296322;;;;
1894;2010.01.1.216431-9;TJDFT;15;;8;62;1006;f;0;;;777-008.129/2013;831;;2013-12-17 17:35:14.633;2016-10-06 21:34:01.307074;;;;
1895;2013.01.1.076664-9;TJDFT;10;;9;62;1006;f;0;;;777-008.130/2013;831;;2013-12-17 17:37:21.633;2016-10-06 21:34:01.317466;;;;
1896;2012.01.1.174371-8;TJDFT;1;;5;62;1006;f;0;;;777-008.131/2013;831;;2013-12-17 17:38:35.01;2016-10-06 21:34:01.333625;;;;
1897;2010.01.1.015984-3;TJDFT;37;;3;62;1006;f;0;;;777-008.134/2013;831;;2013-12-17 17:40:39.167;2016-10-06 21:34:01.34582;;;;
1898;2012.01.1.198506-7;TJDFT;16;;2;62;1006;f;0;;;777-008.135/2013;831;;2013-12-17 17:41:47.337;2016-10-06 21:34:01.360012;;;;
1899;2009.01.1.026421-4;TJDFT;6;;9;62;1006;f;0;;;777-008.136/2013;831;;2013-12-17 17:44:14.403;2016-10-06 21:34:01.373511;;;;
1900;2009.01.1.173260-9;TJDFT;9;;15;62;1006;f;0;;;777-008.137/2013;831;;2013-12-17 17:46:28.263;2016-10-06 21:34:01.391447;;;;
1901;2009.01.1.001719-7;TJDFT;37;;3;62;805;f;0;;;777-008.138/2013;831;;2013-12-17 17:48:19.857;2016-10-06 21:34:01.403459;;;;
1902;2012.01.1.163901-9;TJDFT;15;;4;62;805;f;0;;;777-008.139/2013;831;;2013-12-17 17:50:38.373;2016-10-06 21:34:01.418352;;;;
1903;120.000929/2013;TJDFT;37;;16;4;514;f;0;;;777-008.219/2013;831;;2013-12-19 09:59:01.12;2016-10-06 21:34:01.43437;;;;
1904;120.000919/2013;TJDFT;37;;16;4;514;f;0;;;777-008.220/2013;831;;2013-12-19 10:02:02.763;2016-10-06 21:34:01.450261;;;;
1905;120.000932/2013;TJDFT;37;;16;4;514;f;0;;;777-008.221/2013;831;;2013-12-19 10:04:24.483;2016-10-06 21:34:01.466301;;;;
1906;120.000930/2013;TJDFT;37;;16;4;514;f;0;;;777-008.222/2013;831;;2013-12-19 10:07:16.173;2016-10-06 21:34:01.479579;;;;
1907;120.000928/2013;TJDFT;37;;16;4;514;f;0;;;777-008.223/2013;831;;2013-12-19 10:09:47.88;2016-10-06 21:34:01.496021;;;;
1908;120.000918/2013;TJDFT;37;;16;4;514;f;0;;;777-008.225/2013;831;;2013-12-19 10:13:46.727;2016-10-06 21:34:01.513374;;;;
1909;120.000920/2013;TJDFT;37;;16;4;514;f;0;;;777-008.226/2013;831;;2013-12-19 10:17:56.137;2016-10-06 21:34:01.530413;;;;
1910;120.000921/2013;TJDFT;37;;16;4;514;f;0;;;777-008.227/2013;831;;2013-12-19 10:20:33.733;2016-10-06 21:34:01.543772;;;;
1911;120.000922/2013;TJDFT;37;;16;4;514;f;0;;;777-008.228/2013;831;;2013-12-19 10:23:20.173;2016-10-06 21:34:01.561883;;;;
1912;120.000923/2013;TJDFT;37;;16;4;514;f;0;;;777-008.229/2013;831;;2013-12-19 10:25:08.63;2016-10-06 21:34:01.576094;;;;
1913;120.000924/2013;TJDFT;37;;16;4;514;f;0;;;777-008.230/2013;831;;2013-12-19 10:30:20.273;2016-10-06 21:34:01.587338;;;;
1915;392.053481/2013;CODHAB/DF;37;;16;1;290;f;0;;;777-008.239/2013;831;;2013-12-19 12:24:49.647;2016-10-06 21:34:01.611549;;;;
1916;392-049.012/2013;CODHAB/DF;37;;16;1;290;f;0;;;777-008.251/2013;290;;2013-12-19 14:25:28.047;2016-10-06 21:34:01.629806;;;;
1917;260.020520/2002;CODHAB/DF;37;;16;1;1006;f;0;;;777-008.263/2013;831;;2013-12-19 16:31:42.423;2016-10-06 21:34:01.648335;;;;
1918;1999.01.1.053428-4;TJDFT;11;;6;62;524;f;0;;;777-008.264/2013;831;;2013-12-19 16:41:29.347;2016-10-06 21:34:01.663954;;;;
408;0710935-82.2016.8.07.0016;TJDFT;37;880.0;18;;;t;1;f;;;514;;2016-06-09 18:40:14.447;2017-03-13 14:44:08.697351;f;;;
1919;2013.00.2.018237-4;TJDFT;9;;13;62;805;f;0;;;777-008.267/2013;831;;2013-12-19 16:58:12.107;2016-10-06 21:34:01.675971;;;;
1920;2013.00.2.029809-3;TJDFT;9;;14;62;805;f;0;;;777-008.268/2013;831;;2013-12-19 17:00:11.687;2016-10-06 21:34:01.692153;;;;
1922;2013.01.1.101841-0;TJDFT;1;;8;62;805;f;0;;;777-008.272/2013;831;;2013-12-19 17:21:39.773;2016-10-06 21:34:01.723605;;;;
1923;2012.01.1.179298-6;TJDFT;10;;17;62;805;f;0;;;777-008.273/2013;831;;2013-12-19 17:23:37.947;2016-10-06 21:34:01.741251;;;;
1924;2013.01.1.044276-8;TJDFT;1;;6;62;805;f;0;;;777-008.276/2013;831;;2013-12-19 17:27:47.73;2016-10-06 21:34:01.755439;;;;
1925;2013.01.1.151097-3;TJDFT;10;;6;62;805;f;0;;;777-008.277/2013;831;;2013-12-19 17:30:33.043;2016-10-06 21:34:01.772269;;;;
1926;2013.01.1.135985-5;TJDFT;20;;1;62;805;f;0;;;777-008.278/2013;831;;2013-12-19 17:33:09.137;2016-10-06 21:34:01.786332;;;;
1927;2013.01.1.144560-3;TJDFT;1;;8;62;1006;f;0;;;777-008.279/2013;831;;2013-12-19 17:47:08.753;2016-10-06 21:34:01.803699;;;;
1928;2013.01.1.068014-5;TJDFT;1;;6;62;1006;f;0;;;777-008.280/2013;831;;2013-12-19 17:49:39.427;2016-10-06 21:34:01.820057;;;;
1929;2013.01.1.025379-8;TJDFT;1;;2;62;805;f;0;;;777-008.282/2013;831;;2013-12-19 17:51:05.083;2016-10-06 21:34:01.831989;;;;
1930;2013.00.2.029682-6;TJDFT;9;;14;62;1006;f;0;;;777-008.283/2013;831;;2013-12-19 17:53:44.037;2016-10-06 21:34:01.846246;;;;
1931;2013.01.1.033868-8;TJDFT;1;;6;62;1006;f;0;;;777-008.284/2013;831;;2013-12-19 17:55:04.133;2016-10-06 21:34:01.865657;;;;
1932;392-011105/2012;CODHAB/DF;37;;16;1;290;f;0;;;777-008.285/2013;831;;2013-12-19 17:58:27.617;2016-10-06 21:34:01.881858;;;;
1933;392-053876/2013;CODHAB/DF;37;;16;1;290;f;0;;;777-008.289/2013;831;;2013-12-19 18:27:10.927;2016-10-06 21:34:01.897671;;;;
1934;2010.01.1.087065-4;TJDFT;10;;8;62;739;f;0;;;777-008.290/2013;831;;2013-12-19 18:29:22.07;2016-10-06 21:34:01.910548;;;;
1935;2012.01.1.156138-8;TJDFT;1;;3;62;739;f;0;;;777-008.291/2013;831;;2013-12-19 18:31:33.79;2016-10-06 21:34:01.926993;;;;
1936;2012.01.1.195987-9;TJDFT;1;;3;62;739;f;0;;;777-008.293/2013;831;;2013-12-19 18:32:35.853;2016-10-06 21:34:01.9424;;;;
1937;2012.01.1.109874-2;TJDFT;37;;3;62;739;f;0;;;777-008.294/2013;831;;2013-12-19 18:33:49.823;2016-10-06 21:34:01.96179;;;;
1938;2013.00.2.019288-0;TJDFT;9;;12;62;739;f;0;;;777-008.295/2013;831;;2013-12-19 18:35:06.417;2016-10-06 21:34:01.978038;;;;
1939;2013.01.1.013401-9;TJDFT;1;;6;62;739;f;0;;;777-008.296/2013;831;;2013-12-19 18:37:54.527;2016-10-06 21:34:01.996441;;;;
1940;392-054372/2013;CODHAB/DF;37;;16;1;290;f;0;;;777-008.311/2013;831;;2013-12-20 12:17:19.227;2016-10-06 21:34:02.010473;;;;
1941;440.000.266/2013;CODHAB/DF;37;;16;4;290;f;0;;;777-008.312/2013;831;;2013-12-20 12:18:31.253;2016-10-06 21:34:02.023777;;;;
1942;2013.01.1.188388-9;TJDFT;9;;6;14;1006;f;0;;;777-008.350/2013;831;3;2013-12-20 18:43:59.34;2016-10-06 21:34:02.038326;;;;
1943;2013.01.1.062260-2;TJDFT;10;;3;62;805;f;0;;;777-008.351/2013;831;;2013-12-20 18:46:45.277;2016-10-06 21:34:02.055728;;;;
1944;392-03663/2013;CODHAB/DF;37;;16;1;290;f;0;;;777-008.355/2013;831;;2013-12-20 19:32:38.097;2016-10-06 21:34:02.070939;;;;
1945;392-054550/2013;CODHAB/DF;37;;16;1;290;f;0;;;777-008.380/2013;831;;2013-12-23 17:05:57.08;2016-10-06 21:34:02.086105;;;;
1946;305.000296/2013;CODHAB/DF;37;;16;4;521;f;0;;;777-008.382/2013;831;;2013-12-23 18:03:13.617;2016-10-06 21:34:02.099444;;;;
1947;777-004250/2013;CODHAB/DF;37;;16;3;290;f;0;;;777-008.383/2013;831;1;2013-12-23 18:05:23.883;2016-10-06 21:34:02.106436;;;;
1948;777.004218/2013;CODHAB/DF;37;;16;3;290;f;0;;;777-008.384/2013;831;1;2013-12-23 18:06:52.853;2016-10-06 21:34:02.113673;;;;
1950;392-051828/2013;CODHAB/DF;37;;16;1;290;f;0;;;777-008.396/2013;831;;2013-12-26 09:54:13.837;2016-10-06 21:34:02.139897;;;;
1951;392-030688/2013;CODHAB/DF;37;;16;1;521;f;0;;;777-008.397/2013;831;;2013-12-26 09:55:28.79;2016-10-06 21:34:02.156038;;;;
1952;392-042065/2013;CODHAB/DF;37;;16;1;290;f;0;;;777-008.399/2013;831;;2013-12-26 12:40:57.84;2016-10-06 21:34:02.171664;;;;
1953;392-048623/23013;CODHAB/DF;37;;16;1;290;f;0;;;777-008.400/2013;831;;2013-12-26 12:46:54.017;2016-10-06 21:34:02.190207;;;;
1954;120.000944/2013;TJDFT;37;;16;4;514;f;0;;;777-008.404/2013;831;;2013-12-26 13:11:08.523;2016-10-06 21:34:02.202656;;;;
1955;120.000945/2013;CODHAB/DF;37;;16;4;514;f;0;;;777-008.407/2013;831;;2013-12-26 13:15:55.65;2016-10-06 21:34:02.216293;;;;
1956;120.000946/2013;CODHAB/DF;37;;16;4;514;f;0;;;777-008.408/2013;831;;2013-12-26 13:17:18.167;2016-10-06 21:34:02.229127;;;;
1957;120.000947/2013;CODHAB/DF;37;;16;4;514;f;0;;;777-008.409/2013;831;;2013-12-26 13:22:30.637;2016-10-06 21:34:02.238461;;;;
1958;120.000948/2013;CODHAB/DF;37;;16;4;514;f;0;;;777-008.410/2013;831;;2013-12-26 13:26:28.67;2016-10-06 21:34:02.247114;;;;
1959;120.000949/2013;CODHAB/DF;37;;16;4;514;f;0;;;777-008.411/2013;831;;2013-12-26 13:28:22.763;2016-10-06 21:34:02.256979;;;;
1960;120.000953/2013;CODHAB/DF;37;;16;4;514;f;0;;;777-008.412/2013;831;;2013-12-26 13:30:48.577;2016-10-06 21:34:02.266186;;;;
1961;120.000950/2013;CODHAB/DF;37;;16;4;514;f;0;;;777-008.413/2013;831;;26/12/2013 13:33;2016-10-06 21:34:02.274722;;;;
1962;120.000952/2013;CODHAB/DF;37;;16;4;514;f;0;;;777-008.414/2013;831;;2013-12-26 13:35:09.97;2016-10-06 21:34:02.283763;;;;
1963;120.000951/2013;CODHAB/DF;37;;16;4;514;f;0;;;777-008.415/2013;831;;2013-12-26 13:37:13.577;2016-10-06 21:34:02.293834;;;;
1964;120.000940/2013;CODHAB/DF;37;;16;4;514;f;0;;;777-008.416/2013;831;;2013-12-26 13:39:26.5;2016-10-06 21:34:02.303124;;;;
1965;120.000939/2013;CODHAB/DF;37;;16;4;514;f;0;;;777-008.418/2013;831;;2013-12-26 13:41:32.173;2016-10-06 21:34:02.313119;;;;
1966;120.000937/2013;CODHAB/DF;37;;16;4;514;f;0;;;777-008.419/2013;831;;2013-12-26 13:45:32.817;2016-10-06 21:34:02.326286;;;;
1967;120.000938/2013;CODHAB/DF;37;;16;4;514;f;0;;;777-008.420/2013;831;;2013-12-26 13:47:21.943;2016-10-06 21:34:02.335799;;;;
1968;120.000943/2013;CODHAB/DF;37;;16;4;514;f;0;;;777-008.421/2013;831;;2013-12-26 13:48:57.303;2016-10-06 21:34:02.344359;;;;
1969;392-001034/2009;CODHAB/DF;37;;16;1;521;f;0;;;777-008.434/2013;831;;2013-12-26 18:35:55.95;2016-10-06 21:34:02.354212;;;;
1970;310.003090/2013;CODHAB/DF;37;;16;8;521;f;0;;;777-008.462/2013;831;;2013-12-27 19:23:32.34;2016-10-06 21:34:02.363648;;;;
1971;310.003.047/2013;CODHAB/DF;37;;16;3;521;f;0;;;777-008.463/2013;831;1;2013-12-27 19:25:11.327;2016-10-06 21:34:02.370342;;;;
1972;4645/2013;PROFIS;37;;16;3;514;f;0;;;777-000.026/2014;514;1;2014-01-03 12:18:32.207;2016-10-06 21:34:02.377356;;;;
1973;10309/2013;GAB/PROMAI;37;;16;3;514;f;0;;;777-000.027/2014;514;1;2014-01-03 12:23:11.117;2016-10-06 21:34:02.384013;;;;
1974;6424/2013;PROCAD;37;;16;3;514;f;0;;;777-000.030/2014;514;1;2014-01-03 12:49:24.583;2016-10-06 21:34:02.390773;;;;
1975;982/2013;TJDFT;37;;16;3;514;f;0;;;777-000.031/2014;514;1;2014-01-03 12:59:30.027;2016-10-06 21:34:02.39807;;;;
1976;10383/2013;GAB/PROMAI;37;;16;3;514;f;0;;;777-000.032/2014;514;1;2014-01-03 13:01:09.42;2016-10-06 21:34:02.404041;;;;
1977;910/2013;TJDFT;37;;16;3;514;f;0;;;777-000.033/2014;514;1;2014-01-03 13:02:59.717;2016-10-06 21:34:02.409868;;;;
1978;4751/2013;PROFIS;37;;16;3;514;f;0;;;777-000.034/2014;514;1;2014-01-03 13:04:28.797;2016-10-06 21:34:02.416273;;;;
1979;4722/2013;PROFIS;37;;16;3;514;f;0;;;777-000.035/2014;514;1;2014-01-03 13:05:49.313;2016-10-06 21:34:02.423018;;;;
1980;2042/2013;TJDFT;37;;16;3;514;f;0;;;777-000.036/2014;514;1;2014-01-03 13:07:42.877;2016-10-06 21:34:02.429576;;;;
1981;2042/2013;TJDFT;37;;16;3;514;f;0;;;777-000.037/2014;514;1;2014-01-03 13:08:02.893;2016-10-06 21:34:02.436012;;;;
1982;4644/2013;PROFIS;37;;16;3;514;f;0;;;777-000.038/2014;514;1;2014-01-03 13:09:45.05;2016-10-06 21:34:02.442601;;;;
1983;501.000.001/2014;CODHAB/DF;37;;16;4;521;f;0;;;777-000.041/2014;514;;2014-01-03 16:42:58.303;2016-10-06 21:34:02.451728;;;;
1984;964/2013;TJDFT;37;;16;3;514;f;0;;;777-000.044/2014;514;1;2014-01-03 18:29:01.627;2016-10-06 21:34:02.457845;;;;
1985;0;CODHAB;37;;1;32;1438;t;0;;;392-000.385/2014;1375;2;2015-05-19 19:05:32.427;2016-10-06 21:34:02.467357;;;;
1987;305.000.004/2014;CODHAB/DF;37;;16;4;521;f;0;;;777-000.104/2014;514;;2014-01-07 17:13:07.607;2016-10-06 21:34:02.486399;;;;
1988;2011.01.1.025368-9;TJDFT;6;;9;62;1006;f;0;;;777-000.108/2014;514;;2014-01-07 18:27:59.19;2016-10-06 21:34:02.495966;;;;
1989;2013.01.1.188388-9;TJDFT;1;;6;62;1006;f;0;;;777-000.109/2014;514;;2014-01-07 18:29:06.207;2016-10-06 21:34:02.505518;;;;
1990;2011.01.1.233579-9;TJDFT;14;;16;62;1006;f;0;;;777-000.110/2014;514;;2014-01-07 18:30:06.05;2016-10-06 21:34:02.514056;;;;
1991;2010.01.1.197210-9;TJDFT;37;;16;62;1006;f;0;;;777-000.112/2014;514;;2014-01-07 18:32:18.91;2016-10-06 21:34:02.523297;;;;
1992;2009.01.1.026421-4;TJDFT;6;;9;62;805;f;0;;;777-000.114/2014;514;;2014-01-07 19:02:52.613;2016-10-06 21:34:02.533732;;;;
1993;2000.01.1.1.012030-5;TJDFT;12;;6;62;805;f;0;;;777-000.115/2014;514;;2014-01-07 19:04:06.33;2016-10-06 21:34:02.543259;;;;
1994;2011.01.1.232191-4;TJDFT;20;;3;62;805;f;0;;;777-000.116/2014;514;;2014-01-07 19:05:10.737;2016-10-06 21:34:02.552098;;;;
1996;2012.01.1.195990-0;TJDFT;39;;16;62;805;f;0;;;777-000.118/2014;514;;2014-01-07 19:07:38.333;2016-10-06 21:34:02.572019;;;;
1997;2013.00.2.018237-4;TJDFT;38;;16;62;805;f;0;;;777-000.119/2014;514;;2014-01-07 19:08:31.833;2016-10-06 21:34:02.581567;;;;
1998;2013.01.1.028131-0;TJDFT;1;;8;62;805;f;0;;;777-000.128/2014;514;;2014-01-08 14:10:39.833;2016-10-06 21:34:02.591189;;;;
1999;1999.01.1.080986-3;TJDFT;11;;8;62;805;f;0;;;777-000.129/2014;514;;2014-01-08 14:11:51.707;2016-10-06 21:34:02.601519;;;;
2000;2013.01.1.046797-6;TJDFT;1;;2;62;805;f;0;;;777-000.130/2014;514;;2014-01-08 14:12:38.55;2016-10-06 21:34:02.610957;;;;
2001;2013.01.1.003822-3;TJDFT;39;;16;62;805;f;0;;;777-000.131/2014;514;;2014-01-08 14:13:33.537;2016-10-06 21:34:02.620849;;;;
2002;2012.01.1.149887-6;TJDFT;1;;8;62;1006;f;0;;;777-000.132/2014;514;;2014-01-08 14:14:46.1;2016-10-06 21:34:02.630117;;;;
2004;2013.00.2.030642-3;TJDFT;38;;14;62;1006;f;0;;;777-000.134/2014;514;;2014-01-08 14:16:54.693;2016-10-06 21:34:02.648247;;;;
2005;2013.00.2.017135-4;TJDFT;38;;10;62;1006;f;0;;;777-000.135/2014;514;;2014-01-08 14:17:42.287;2016-10-06 21:34:02.658621;;;;
2006;777.000.025/20114;CODHAB/DF;37;;16;26;521;f;0;;;777-000.167/2014;514;;2014-01-09 10:10:49.937;2016-10-06 21:34:02.667944;;;;
2007;392.051.828/2013;CODHAB/DF;37;;16;1;521;f;0;;;777-000.198/2014;514;;2014-01-09 17:54:59.437;2016-10-06 21:34:02.676933;;;;
2009;2013.13.1.002138-5;TJDFT;37;;5;14;1006;f;0;;;777-000.208/2014;514;3;2014-01-10 11:02:17.03;2016-10-06 21:34:02.698129;;;;
2010;1999.01.1.007395-3;TJDFT;44;;3;14;1006;f;0;;;777-000.209/2014;514;3;2014-01-10 11:03:51.483;2016-10-06 21:34:02.707525;;;;
2011;2012.01.1.143996-0;TJDFT;1;;1;62;805;f;0;;;777-000.210/2014;514;;2014-01-10 11:16:41.12;2016-10-06 21:34:02.716519;;;;
2012;2011.01.1.125588-4;TJDFT;6;;2;62;805;f;0;;;777-000.211/2014;514;;2014-01-10 11:17:41.027;2016-10-06 21:34:02.726961;;;;
2013;2009.01.1.026422-2;TJDFT;39;;11;62;805;f;0;;;777-000.212/2014;514;;2014-01-10 11:18:55.077;2016-10-06 21:34:02.736947;;;;
2014;2013.01.1.126838-3;TJDFT;3;;3;62;1006;f;0;;;777-000.213/2014;514;;2014-01-10 11:34:38.53;2016-10-06 21:34:02.746856;;;;
2015;2012.01.1.161163-9;TJDFT;1;;1;62;1006;f;0;;;777-000.215/2014;514;;2014-01-10 11:35:36.907;2016-10-06 21:34:02.757182;;;;
2017;2013.01.1.185121-2;TJDFT;27;;9;62;1006;f;0;;;777-000.217/2014;514;;2014-01-10 11:37:18.767;2016-10-06 21:34:02.777087;;;;
2019;2013.00.2.031109-9;TJDFT;38;;14;62;1006;f;0;;;777-000.219/2014;514;;2014-01-10 11:39:26.33;2016-10-06 21:34:02.796094;;;;
2020;1378/2013;TJDFT;37;;16;3;514;f;0;;;777-000.220/2014;514;1;2014-01-10 12:34:46.227;2016-10-06 21:34:02.802923;;;;
2018;2013.01.1.076664-9;TJDFT;10;;9;62;1006;f;0;;;777-000.218/2014;514;;2014-01-10 11:38:17.547;2018-09-28 11:53:05.563788;;;;
2003;2010.01.1.077883-7;TJDFT;42;;15;62;1006;t;0;;;777-000.133/2014;514;;2014-01-08 14:15:54.46;2019-04-12 21:29:29.476568;;;;
2021;1312/2013;TJDFT;37;;16;3;514;f;0;;;777-000.221/2014;514;1;2014-01-10 12:35:47.743;2016-10-06 21:34:02.809591;;;;
2022;1346/2013;TJDFT;37;;16;3;514;f;0;;;777-000.222/2014;514;1;2014-01-10 12:37:28.477;2016-10-06 21:34:02.816577;;;;
2023;1313/2013;TJDFT;37;;16;3;514;f;0;;;777-000.224/2014;514;1;2014-01-10 12:38:55.073;2016-10-06 21:34:02.823498;;;;
2024;1368/2013;TJDFT;37;;16;3;514;f;0;;;777-000.225/2014;514;1;2014-01-10 12:39:58.59;2016-10-06 21:34:02.829879;;;;
2025;1316/2013;TJDFT;37;;16;3;514;f;0;;;777-000.226/2014;514;1;2014-01-10 12:42:06.06;2016-10-06 21:34:02.837007;;;;
2026;1367/2013;TJDFT;37;;16;3;514;f;0;;;777-000.227/2014;514;1;2014-01-10 12:43:37.53;2016-10-06 21:34:02.844163;;;;
2027;392.000.715/2014;CODHAB/DF;37;;16;1;521;f;0;;;777-000.230/2014;514;;2014-01-10 13:17:29.563;2016-10-06 21:34:02.853896;;;;
2028;392.000.683/2013;CODHAB/DF;37;;16;1;521;f;0;;;777-000.231/2014;514;;2014-01-10 13:18:29.86;2016-10-06 21:34:02.863352;;;;
2029;111.005.025/2013;TERRACAP;37;;16;1;521;f;0;;;777-000.273/2014;514;;2014-01-10 18:57:20.193;2016-10-06 21:34:02.872662;;;;
2030;111.005.025/2013;TERRACAP;37;;16;1;521;f;0;;;777-000.274/2014;514;;2014-01-10 18:57:20.46;2016-10-06 21:34:02.882169;;;;
2031;0099500-24.2008.5.10.0012;TRT 10 REGIAO;35;;17;14;805;f;0;;;777-000.275/2014;514;3;2014-01-10 19:04:34.777;2016-10-06 21:34:02.891869;;;;
2033;2012.01.1.194699-9;TJDFT;16;;7;62;1006;f;0;;;777-000.281/2014;831;;2014-01-13 10:16:39.107;2016-10-06 21:34:02.911519;;;;
2034;2011.07.1.037167-9;TJDFT;30;;17;62;1006;f;0;;;777-000.282/2014;831;;2014-01-13 10:18:31.073;2016-10-06 21:34:02.921236;;;;
2035;2013.01.1.046775-9;TJDFT;1;;6;62;805;f;0;;;777-000.283/2014;831;;2014-01-13 10:28:58.703;2016-10-06 21:34:02.930071;;;;
2036;2012.01.1.195990-0;TJDFT;9;;15;62;805;f;0;;;777-000.284/2014;831;;2014-01-13 10:31:45.25;2016-10-06 21:34:02.939172;;;;
2037;2013.01.1.166425-5;TJDFT;1;;5;62;805;f;0;;;777-000.285/2014;831;;2014-01-13 10:32:57.783;2016-10-06 21:34:02.948885;;;;
2039;2013.01.1.179223-6;TJDFT;9;;5;14;805;f;0;;;777-000.326/2014;831;3;2014-01-13 16:31:52.683;2016-10-06 21:34:02.966968;;;;
2040;2013.01.1.066534-0;TJDFT;9;;4;14;1006;f;0;;;777-000.328/2014;831;3;2014-01-13 16:35:01.97;2016-10-06 21:34:02.976619;;;;
2041;392.001593/2014;CODHAB/DF;37;;16;8;521;f;0;;;777-000.343/2014;831;;2014-01-13 18:34:42.947;2016-10-06 21:34:02.985975;;;;
2042;2011.01.1.194746-4;TJDFT;37;;2;62;1006;f;0;;;777-000.346/2014;831;;2014-01-14 10:08:41.89;2016-10-06 21:34:02.995682;;;;
2043;2012.01.1.149052-4;TJDFT;37;;16;62;1006;f;0;;;777-000.347/2014;831;;2014-01-14 10:10:30.55;2016-10-06 21:34:03.004729;;;;
2044;2012.01.1.002191-2;TJDFT;1;;10;62;805;f;0;;;777-000.348/2014;831;;2014-01-14 10:15:59.307;2016-10-06 21:34:03.013361;;;;
2046;2013.01.1.175374-0;TJDFT;36;;4;14;1006;f;0;;;777-000.390/2014;831;3;2014-01-15 10:08:28.107;2016-10-06 21:34:03.03171;;;;
2047;2013.01.1.146908-7;TJDFT;9;;4;14;1006;f;0;;;777-000.391/2014;831;3;2014-01-15 10:10:16.813;2016-10-06 21:34:03.041123;;;;
2048;2013.01.1.172176-6;TJDFT;9;;1;14;521;f;0;;;777-000.392/2014;831;3;2014-01-15 10:13:47.8;2016-10-06 21:34:03.049955;;;;
2049;120.000027/2014;CODHAB/DF;37;;16;4;514;f;0;;;777-000.393/2014;831;;2014-01-15 10:30:44.527;2016-10-06 21:34:03.05893;;;;
2050;120.000028/2014;CODHAB/DF;37;;16;4;514;f;0;;;777-000.394/2014;831;;2014-01-15 10:33:26.967;2016-10-06 21:34:03.067703;;;;
2051;120.000029/2014;CODHAB/DF;37;;16;4;514;f;0;;;777-000.395/2014;831;;2014-01-15 10:35:37.347;2016-10-06 21:34:03.077368;;;;
2052;120.000030/2014;CODHAB/DF;37;;16;4;514;f;0;;;777-000.396/2014;831;;2014-01-15 10:39:04.64;2016-10-06 21:34:03.086049;;;;
2053;120.000026/2014;CODHAB/DF;37;;16;4;514;f;0;;;777-000.397/2014;831;;2014-01-15 10:40:44.75;2016-10-06 21:34:03.094965;;;;
2054;111-000.825/1990;CODHAB/DF;37;;16;1;521;f;0;;;777-000.406/2014;831;;2014-01-15 12:18:45.177;2016-10-06 21:34:03.104715;;;;
2038;2013.01.1.182098-8;TJDFT;9;100000.0;4;14;521;f;0;;;777-000.325/2014;831;3;2014-01-13 16:28:39.807;2018-06-15 15:17:44.132356;;;;
2055;0;CODHAB;37;;1;4;1375;t;0;;;392-001.938/2014;1375;2;2015-07-29 17:38:16.773;2016-10-06 21:34:03.113739;;;;
2056;392.000515/2011;CODHAB/DF;37;;16;1;521;f;0;;;777-000.446/2014;831;;2014-01-16 12:23:20.827;2016-10-06 21:34:03.123303;;;;
2057;392-051828/2013;CODHAB/DF;37;;16;1;521;f;0;;;777-000.482/2014;831;;2014-01-16 18:28:15.327;2016-10-06 21:34:03.132485;;;;
2059;120.000033/2014;CODHAB/DF;37;;16;4;514;f;0;;;777-000.541/2014;831;;2014-01-20 10:54:10.987;2016-10-06 21:34:03.150295;;;;
2060;120.000034/2014;CODHAB/DF;37;;16;4;514;f;0;;;777-000.543/2014;831;;2014-01-20 11:01:41.05;2016-10-06 21:34:03.159211;;;;
2061;120.000036/2014;CODHAB/DF;37;;16;4;514;f;0;;;777-000.546/2014;831;;2014-01-20 11:09:03.273;2016-10-06 21:34:03.168496;;;;
2062;120.000038/2014;CODHAB/DF;37;;16;4;514;f;0;;;777-000.547/2014;831;;2014-01-20 11:12:13.18;2016-10-06 21:34:03.177858;;;;
2063;120.000037/2014;CODHAB/DF;37;;16;4;514;f;0;;;777-000.548/2014;831;;2014-01-20 11:15:17.933;2016-10-06 21:34:03.187283;;;;
2064;120.000039/214;CODHAB/DF;37;;16;4;514;f;0;;;777-000.549/2014;831;;2014-01-20 11:20:22.983;2016-10-06 21:34:03.197013;;;;
2065;120.000040/2014;CODHAB/DF;37;;16;4;514;f;0;;;777-000.550/2014;831;;2014-01-20 11:24:42.173;2016-10-06 21:34:03.205932;;;;
2066;2013.01.1.020704-8;TJDFT;9;;5;62;805;f;0;;;777-000.551/2014;831;;2014-01-20 11:50:06.403;2016-10-06 21:34:03.214469;;;;
2067;2013.01.1.148982-7;TJDFT;1;;2;62;805;f;0;;;777-000.552/2014;831;;2014-01-20 11:52:03.483;2016-10-06 21:34:03.223848;;;;
2068;2000.01.1.065798-2;TJDFT;12;;4;62;1006;f;0;;;777-000.553/2014;831;;2014-01-20 12:02:12.91;2016-10-06 21:34:03.233238;;;;
2069;1992.01.1.21939;TJDFT;12;;1;62;1006;f;0;;;777-000.554/2014;831;;2014-01-20 12:03:52.613;2016-10-06 21:34:03.242154;;;;
2070;2013.01.1.096481-8;TJDFT;1;;2;62;1006;f;0;;;777-000.555/2014;831;;2014-01-20 12:05:34.13;2016-10-06 21:34:03.251801;;;;
2071;440.000003/2014;CODHAB/DF;37;;16;4;521;f;0;;;777-000.556/2014;831;;2014-01-20 12:14:29.807;2016-10-06 21:34:03.261467;;;;
2072;444.000002/2014;CODHAB/DF;37;;16;4;521;f;0;;;777-000.557/2014;831;;2014-01-20 12:15:29.367;2016-10-06 21:34:03.270031;;;;
2073;2012.01.1.120952-6;CODHAB/DF;15;;3;62;1006;f;0;;;777-000.558/2014;831;;2014-01-20 12:17:47.447;2016-10-06 21:34:03.279291;;;;
2074;392-001184/2014;CODHAB/DF;37;;16;1;290;f;0;;;777-000.576/2014;831;;2014-01-20 18:03:15.993;2016-10-06 21:34:03.289199;;;;
2075;120.000048/2014;CODHAB/DF;37;;16;4;514;f;0;;;777-000.578/2014;831;;2014-01-20 18:12:18.06;2016-10-06 21:34:03.2988;;;;
2076;120.000048/2014;CODHAB/DF;37;;16;4;514;f;0;;;777-000.579/2014;831;;2014-01-20 18:12:18.373;2016-10-06 21:34:03.307613;;;;
2077;120.000051/2014;CODHAB/DF;37;;16;4;514;f;0;;;777-000.580/2014;831;;2014-01-20 18:19:38.267;2016-10-06 21:34:03.318973;;;;
2078;120.000049/2014;CODHAB/DF;37;;16;4;514;f;0;;;777-000.581/2014;831;;2014-01-20 18:26:35.677;2016-10-06 21:34:03.328689;;;;
2079;120.000050/2014;TJDFT;37;;16;4;514;f;0;;;777-000.582/2014;831;;2014-01-20 18:28:55.773;2016-10-06 21:34:03.337865;;;;
2080;120.000046/2014;CODHAB/DF;37;;16;4;514;f;0;;;777-000.584/2014;831;;2014-01-20 18:32:42.243;2016-10-06 21:34:03.347055;;;;
2081;120.000046/2014;CODHAB/DF;37;;16;4;514;f;0;;;777-000.585/2014;831;;2014-01-20 18:35:37.433;2016-10-06 21:34:03.356224;;;;
2082;120.000047/2014;TJDFT;37;;16;4;514;f;0;;;777-000.586/2014;831;;2014-01-20 18:49:10.597;2016-10-06 21:34:03.369991;;;;
2083;120.000045/2014;CODHAB/DF;37;;16;4;514;f;0;;;777-000.587/2014;831;;2014-01-20 18:57:26.337;2016-10-06 21:34:03.379241;;;;
2084;102.079688/1992;CODHAB/DF;37;;16;1;290;f;0;;;777-000.617/2014;831;;2014-01-21 11:06:49.287;2016-10-06 21:34:03.389186;;;;
2085;102.096869/1993;CODHAB/DF;37;;16;1;290;f;0;;;777-000.619/2014;831;;2014-01-21 11:08:03.49;2016-10-06 21:34:03.399151;;;;
2086;2012.01.1.197546-8;TJDFT;16;;8;62;805;f;0;;;777-000.866/2014;831;;2014-01-21 17:31:20.413;2016-10-06 21:34:03.40879;;;;
2087;2012.01.1.196394-3;TJDFT;37;;7;62;805;f;0;;;777-000.869/2014;831;;2014-01-21 17:33:28.273;2016-10-06 21:34:03.417788;;;;
2088;99500-24.2008.5.10.0012;TRIBUNAL REGIONAL DO TRABALHO;37;;17;62;805;f;0;;;777-000.875/2014;831;;2014-01-21 17:42:46.2;2016-10-06 21:34:03.426935;;;;
2089;2009.01.1.026421-4;TJDFT;6;;9;62;805;f;0;;;777-000.878/2014;831;;2014-01-21 17:45:10.047;2016-10-06 21:34:03.436023;;;;
2090;2013.01.114555-7;TJDFT;15;;4;62;805;f;0;;;777-000.879/2014;831;;2014-01-21 17:46:34.687;2016-10-06 21:34:03.4455;;;;
2091;2012.01.1.194715-7;TJDFT;16;;2;62;805;f;0;;;777-000.881/2014;831;;2014-01-21 17:48:30.33;2016-10-06 21:34:03.455115;;;;
2092;2013.01.1.061330-7;TJDFT;1;;3;62;805;f;0;;;777-000.883/2014;831;;2014-01-21 17:49:51.267;2016-10-06 21:34:03.465665;;;;
2093;2013.01.1.047856-0;TJDFT;1;;5;62;805;f;0;;;777-000.887/2014;831;;2014-01-21 17:51:44.423;2016-10-06 21:34:03.475748;;;;
2094;2012.01.1.197546-8;TJDFT;16;;8;62;805;f;0;;;777-000.888/2014;831;;2014-01-21 17:52:57.8;2016-10-06 21:34:03.485627;;;;
2095;2013.01.1.026307-5;TJDFT;9;;2;62;1006;f;0;;;777-000.900/2014;831;;2014-01-21 18:15:16.14;2016-10-06 21:34:03.495355;;;;
2096;1996.01.1.51053;TJDFT;37;;3;62;1006;f;0;;;777-000.901/2014;831;;2014-01-21 18:17:09.093;2016-10-06 21:34:03.504215;;;;
2097;2013.01.1.173000-8;TJDFT;1;;16;62;1006;f;0;;;777-000.903/2014;831;;2014-01-21 18:20:44.157;2016-10-06 21:34:03.514301;;;;
2098;2012.01.1.169267-3;TJDFT;14;;3;62;1006;f;0;;;777-000.905/2014;831;;2014-01-21 18:22:32.877;2016-10-06 21:34:03.527254;;;;
2099;2013.01.1.092820-6;TJDFT;1;;6;62;1006;f;0;;;777-000.906/2014;831;;2014-01-21 18:24:03.91;2016-10-06 21:34:03.536556;;;;
2100;2014.00.2.001094-8;TJDFT;37;;14;62;1006;f;0;;;777-000.907/2014;831;;2014-01-21 18:25:52.333;2016-10-06 21:34:03.54587;;;;
2101;2013.00.2.027429-8;TJDFT;9;;15;62;1006;f;0;;;777-000.908/2014;831;;2014-01-21 18:27:05.897;2016-10-06 21:34:03.556355;;;;
2102;2012.01.1.143306-0;TJDFT;41;;16;62;1006;f;0;;;777-000.913/2014;831;;2014-01-21 18:29:26.49;2016-10-06 21:34:03.566512;;;;
2103;2013.01.1.068843-0;TJDFT;1;;6;62;1006;f;0;;;777-000.916/2014;831;;2014-01-21 18:31:43.273;2016-10-06 21:34:03.576111;;;;
2104;2012.01.1.170745-2;TJDFT;1;;8;62;1006;f;0;;;777-000.917/2014;831;;2014-01-21 18:34:39.087;2016-10-06 21:34:03.585958;;;;
2105;392-023119/2013;CODHAB/DF;37;;16;1;521;f;0;;;777-000.918/2014;831;;2014-01-21 18:53:57.787;2016-10-06 21:34:03.595729;;;;
2106;392.002440/2014;CODHAB/DF;37;;16;1;290;f;0;;;777-000.919/2014;831;;2014-01-21 19:08:40.637;2016-10-06 21:34:03.605374;;;;
2107;392.002.513/2014;CODHAB/DF;37;;16;1;521;f;0;;;777-001.166/2014;514;;2014-01-22 18:03:01.093;2016-10-06 21:34:03.6143;;;;
2108;390.009.173/2008;CODHAB/DF;37;;16;1;521;f;0;;;777-001.168/2014;514;;2014-01-22 18:07:00.163;2016-10-06 21:34:03.623489;;;;
2110;2013.01.1.081802-0;TJDFT;37;;16;62;805;f;0;;;777-001.340/2014;514;;2014-01-23 13:38:13.087;2016-10-06 21:34:03.643603;;;;
2111;2013.01.1.180639-0;TJDFT;37;;3;14;1006;f;0;;;777-001.341/2014;514;3;2014-01-23 13:40:03.73;2016-10-06 21:34:03.654553;;;;
2112;2013.01.1.082594-7;TJDFT;29;;17;62;1006;f;0;;;777-001.343/2014;514;;2014-01-23 13:42:03.81;2016-10-06 21:34:03.664131;;;;
2113;2012.01.1.170745-2;TJDFT;1;;8;62;1006;f;0;;;777-001.344/2014;514;;2014-01-23 13:43:04.39;2016-10-06 21:34:03.673827;;;;
2114;2010.01.1.216840-0;TJDFT;12;;6;62;1006;f;0;;;777-001.345/2014;514;;2014-01-23 13:43:52.017;2016-10-06 21:34:03.683511;;;;
2115;RT-1426-44.2013.5.10.0016;TRT 10 REGIAO;32;;17;62;1006;f;0;;;777-001.346/2014;514;;2014-01-23 13:54:25.857;2016-10-06 21:34:03.693621;;;;
2116;777.000.131/2014;SEDHAB;37;;16;3;805;f;0;;;777-001.347/2014;514;1;2014-01-23 14:13:34.677;2016-10-06 21:34:03.700054;;;;
2117;390.000.217/2013;CODHAB/DF;37;;16;1;521;f;0;;;777-001.367/2014;514;;2014-01-23 18:55:06.283;2016-10-06 21:34:03.710374;;;;
2118;392.006.679/2012;CODHAB/DF;37;;16;1;290;f;0;;;777-001.383/2014;514;;2014-01-24 12:22:47.26;2016-10-06 21:34:03.719682;;;;
2119;2013.01.1.056851-9;TJDFT;1;;6;62;1006;f;0;;;777-001.402/2014;514;;2014-01-24 13:31:50.923;2016-10-06 21:34:03.729749;;;;
2120;2010.01.1.078914-0;TJDFT;6;;6;62;1006;f;0;;;777-001.403/2014;514;;2014-01-24 13:32:54.207;2016-10-06 21:34:03.738539;;;;
2121;2013.01.1.096503-3;TJDFT;1;;8;62;1006;f;0;;;777-001.405/2014;514;;2014-01-24 13:35:51.163;2016-10-06 21:34:03.747564;;;;
2122;2013.00.2.027429-8;TJDFT;38;;15;62;1006;f;0;;;777-001.406/2014;514;;2014-01-24 13:36:59.43;2016-10-06 21:34:03.758058;;;;
2123;2013.00.2.027429-8;TJDFT;38;;15;62;1006;f;0;;;777-001.407/2014;514;;2014-01-24 13:37:00.053;2016-10-06 21:34:03.767187;;;;
2124;2010.01.1.175784-6;TJDFT;10;;3;62;1006;f;0;;;777-001.408/2014;514;;2014-01-24 13:38:03.447;2016-10-06 21:34:03.77735;;;;
2125;2012.01.1.194451-8;TJDFT;16;;3;62;805;f;0;;;777-001.409/2014;514;;2014-01-24 13:39:25.993;2016-10-06 21:34:03.786318;;;;
2126;1999.01.1.059303-3;TJDFT;6;;3;62;1006;f;0;;;777-001.410/2014;514;;2014-01-24 13:40:25.557;2016-10-06 21:34:03.796702;;;;
2127;1999.01.1.059309-9;TJDFT;11;;3;62;805;f;0;;;777-001.411/2014;514;;2014-01-24 13:41:18.56;2016-10-06 21:34:03.805543;;;;
2128;2012.01.1.194699-9;TJDFT;16;;7;62;805;f;0;;;777-001.412/2014;514;;2014-01-24 13:42:03.7;2016-10-06 21:34:03.814466;;;;
2129;440.000.004/2014;CODHAB/DF;37;;16;4;521;f;0;;;777-001.423/2014;514;;2014-01-24 15:54:39.867;2016-10-06 21:34:03.824018;;;;
2130;392.002.717/2013;CODHAB/DF;37;;16;1;521;f;0;;;777-001.449/2014;514;;2014-01-24 19:46:39.31;2016-10-06 21:34:03.833716;;;;
2131;2013.01.1.096503-3;TJDFT;1;;8;62;1006;f;0;;;777-001.456/2014;514;;2014-01-27 11:36:52.207;2016-10-06 21:34:03.843201;;;;
2132;2013.01.1.001682-7;TJDFT;1;;2;62;805;f;0;;;777-001.457/2014;514;;2014-01-27 11:39:49.317;2016-10-06 21:34:03.851926;;;;
2133;2012.01.1.197934-0;TJDFT;1;;3;62;805;f;0;;;777-001.458/2014;514;;2014-01-27 11:40:59.647;2016-10-06 21:34:03.861117;;;;
2134;2012.01.1.194713-2;TJDFT;37;;4;14;739;f;0;;;777-001.459/2014;514;3;2014-01-27 11:52:09.947;2016-10-06 21:34:03.869594;;;;
2135;392.034.668/2013;CODHAB/DF;37;;16;1;521;f;0;;;777-001.500/2014;514;;2014-01-27 17:42:23.99;2016-10-06 21:34:03.878101;;;;
2136;392.000.411/2011;CODHAB/DF;37;;16;1;521;f;0;;;777-001.518/2014;514;;2014-01-28 11:02:20.247;2016-10-06 21:34:03.886916;;;;
2137;100.000.009/2014;CODHAB/DF;37;;16;4;521;f;0;;;777-001.520/2014;514;;2014-01-28 11:04:39.873;2016-10-06 21:34:03.895755;;;;
2138;1999.01.1.034269-5;TJDFT;11;;6;62;805;f;0;;;777-001.523/2014;514;;2014-01-28 11:25:39.04;2016-10-06 21:34:03.904607;;;;
2139;2009.01.1.173260-9;TJDFT;12;;1;62;805;f;0;;;777-001.525/2014;514;;2014-01-28 11:26:29.587;2016-10-06 21:34:03.914118;;;;
2140;2012.01.1.140006-7;TJDFT;1;;1;62;805;f;0;;;777-001.526/2014;514;;2014-01-28 11:27:15.01;2016-10-06 21:34:03.923562;;;;
2141;2008.01.1.139441-6;TJDFT;37;;9;62;805;f;0;;;777-001.527/2014;514;;2014-01-28 11:28:06.933;2016-10-06 21:34:03.932216;;;;
2142;2012.01.1.145830-9;TJDFT;1;;1;62;739;f;0;;;777-001.529/2014;514;;2014-01-28 11:29:16.637;2016-10-06 21:34:03.941349;;;;
2143;2013.01.1.126838-3;TJDFT;3;;3;14;739;f;0;;;777-001.531/2014;514;3;2014-01-28 11:33:58.28;2016-10-06 21:34:03.950683;;;;
2144;2013.01.1.126838-3;TJDFT;3;;3;14;739;f;0;;;777-001.532/2014;514;3;2014-01-28 11:33:58.89;2016-10-06 21:34:03.959032;;;;
2145;2014.01.1.001193-2;TJDFT;3;;1;14;739;f;0;;;777-001.533/2014;514;3;2014-01-28 11:35:12.047;2016-10-06 21:34:03.967353;;;;
2146;392.005.274/2010;CODHAB/DF;37;;16;1;521;f;0;;;777-001.577/2014;514;;2014-01-28 16:43:16.363;2016-10-06 21:34:03.975582;;;;
2147;2012.01.1.131367-0;TJDFT;1;;5;62;805;f;0;;;777-001.609/2014;514;;2014-01-29 11:35:19.72;2016-10-06 21:34:03.984416;;;;
2148;2012.01.1.131367-0;TJDFT;1;;5;62;805;f;0;;;777-001.610/2014;514;;2014-01-29 11:35:29.063;2016-10-06 21:34:03.992878;;;;
2149;2000.01.1.028925-4;TJDFT;6;;5;62;805;f;0;;;777-001.611/2014;514;;2014-01-29 11:36:42.677;2016-10-06 21:34:04.001673;;;;
2150;2000.01.1.028925-4;TJDFT;6;;5;62;805;f;0;;;777-001.612/2014;514;;2014-01-29 11:37:22.333;2016-10-06 21:34:04.010198;;;;
2153;2012.01.1.156128-3;TJDFT;1;;5;62;805;f;0;;;777-001.615/2014;514;;2014-01-29 11:40:30.727;2016-10-06 21:34:04.036008;;;;
2154;2013.01.1.184913-7;TJDFT;9;;1;14;805;f;0;;;777-001.616/2014;514;3;2014-01-29 11:41:49.587;2016-10-06 21:34:04.045296;;;;
2155;2014.01.1.006156-8;TJDFT;37;;17;14;805;f;0;;;777-001.617/2014;514;3;2014-01-29 11:42:54.977;2016-10-06 21:34:04.05346;;;;
2156;2014.00.2.001094-8;TJDFT;38;;3;14;1006;f;0;;;777-001.620/2014;514;3;2014-01-29 11:46:32.263;2016-10-06 21:34:04.061843;;;;
2157;2012.01.1.190821-0;TJDFT;10;;1;62;739;f;0;;;777-001.621/2014;514;;2014-01-29 11:49:09.28;2016-10-06 21:34:04.070036;;;;
2158;2013.01.1.066536-6;TJDFT;1;;5;62;739;f;0;;;777-001.622/2014;514;;2014-01-29 11:50:16.827;2016-10-06 21:34:04.078758;;;;
2159;2013.01.1.072576-3;TJDFT;1;;8;62;739;f;0;;;777-001.623/2014;514;;2014-01-29 11:53:22.237;2016-10-06 21:34:04.086907;;;;
2160;2011.01.1.215685-2;TJDFT;37;;3;62;1006;f;0;;;777-001.625/2014;514;;2014-01-29 11:55:24.553;2016-10-06 21:34:04.09513;;;;
2161;2013.01.1.058767-0;TJDFT;1;;6;62;1006;f;0;;;777-001.626/2014;514;;2014-01-29 11:56:29.867;2016-10-06 21:34:04.103024;;;;
2162;2013.01.1.096503-3;TJDFT;1;;8;62;1006;f;0;;;777-001.627/2014;514;;2014-01-29 11:57:39.663;2016-10-06 21:34:04.111871;;;;
2163;2013.01.1.130993-3;TJDFT;9;;3;14;1006;f;0;;;777-001.628/2014;514;3;2014-01-29 11:58:52.727;2016-10-06 21:34:04.119844;;;;
2164;1002/2013;MPDFT;37;;16;3;514;f;0;;;777-001.694/2014;514;1;2014-01-29 20:17:54.427;2016-10-06 21:34:04.125364;;;;
2165;2615/2013;MPDFT;37;;16;3;514;f;0;;;777-001.695/2014;514;1;2014-01-29 20:19:26.913;2016-10-06 21:34:04.131168;;;;
2166;2903/2013;MPDFT;37;;16;3;514;f;0;;;777-001.696/2014;514;1;2014-01-29 20:20:39.493;2016-10-06 21:34:04.137618;;;;
2167;10545/2013;GAB/PROMAI;37;;16;3;514;f;0;;;777-001.697/2014;514;1;2014-01-29 20:27:00.95;2016-10-06 21:34:04.143682;;;;
2168;424/2013;TJDFT;37;;16;3;514;f;0;;;777-001.705/2014;514;1;2014-01-30 11:01:30.003;2016-10-06 21:34:04.149529;;;;
2169;523/2013;TJDFT;37;;16;3;514;f;0;;;777-001.706/2014;514;1;2014-01-30 11:03:51.5;2016-10-06 21:34:04.15541;;;;
2170;674/2013;TJDFT;37;;16;3;514;f;0;;;777-001.708/2014;514;1;2014-01-30 11:06:07.41;2016-10-06 21:34:04.161132;;;;
2171;021/2014;DPDF;37;;16;3;514;f;0;;;777-001.709/2014;514;1;2014-01-30 11:09:13.827;2016-10-06 21:34:04.167089;;;;
2172;Jan-14;TJDFT;37;;16;3;514;f;0;;;777-001.710/2014;514;1;2014-01-30 11:11:21.673;2016-10-06 21:34:04.173516;;;;
2173;020/2014;TJDFT;37;;16;3;514;f;0;;;777-001.711/2014;514;1;2014-01-30 11:14:04.607;2016-10-06 21:34:04.179361;;;;
2174;2319/2013;TJDFT;37;;16;3;514;f;0;;;777-001.713/2014;514;1;2014-01-30 11:15:53.593;2016-10-06 21:34:04.185333;;;;
2175;204/2013;TJDFT;37;;16;3;514;f;0;;;777-001.714/2014;514;1;2014-01-30 11:17:20.997;2016-10-06 21:34:04.19076;;;;
2176;9006/2013;PRDF;37;;16;3;514;f;0;;;777-001.715/2014;514;1;2014-01-30 11:20:41.077;2016-10-06 21:34:04.198052;;;;
2177;9006/2013;PRDF;37;;16;3;514;f;0;;;777-001.716/2014;514;1;2014-01-30 11:20:41.31;2016-10-06 21:34:04.204356;;;;
2178;171/2014;GAB/PROMAI;37;;16;3;514;f;0;;;777-001.718/2014;514;1;2014-01-30 11:22:53.433;2016-10-06 21:34:04.211292;;;;
2179;126/2014;GAB/PROMAI;37;;16;3;514;f;0;;;777-001.719/2014;514;1;2014-01-30 11:25:02.37;2016-10-06 21:34:04.218375;;;;
2180;10033/2013;GAB/PROMAI;37;;16;3;514;f;0;;;777-001.720/2014;514;1;2014-01-30 11:27:21.963;2016-10-06 21:34:04.224267;;;;
2181;10000/2013;GAB/PROMAI;37;;16;3;514;f;0;;;777-001.722/2014;514;1;2014-01-30 11:28:55.6;2016-10-06 21:34:04.230521;;;;
2182;1001/2013;GAB/PROMAI;37;;16;3;514;f;0;;;777-001.723/2014;514;1;2014-01-30 11:30:42.147;2016-10-06 21:34:04.236609;;;;
2183;4610/2013;PROFIS;37;;16;3;514;f;0;;;777-001.724/2014;514;1;2014-01-30 11:32:23.49;2016-10-06 21:34:04.242232;;;;
2184;9993/2013;GAB/PROMAI;37;;16;3;514;f;0;;;777-001.726/2014;514;1;2014-01-30 11:45:43.89;2016-10-06 21:34:04.248357;;;;
2185;9878/2013;GAB/PROMAI;37;;16;3;514;f;0;;;777-001.727/2014;514;1;2014-01-30 11:49:06.19;2016-10-06 21:34:04.253896;;;;
2186;2013.01.1.058207-0;TJDFT;1;;7;62;805;f;0;;;777-001.733/2014;514;;2014-01-30 12:25:20.253;2016-10-06 21:34:04.262962;;;;
2187;2012.01.1.197934-0;TJDFT;1;;3;62;805;f;0;;;777-001.734/2014;514;;2014-01-30 12:26:01.533;2016-10-06 21:34:04.271464;;;;
2188;2011.01.1.190074-7;TJDFT;12;;6;62;805;f;0;;;777-001.735/2014;514;;2014-01-30 12:27:49.64;2016-10-06 21:34:04.280476;;;;
2190;2012.01.1.002191-2;TJDFT;43;;10;62;805;f;0;;;777-001.737/2014;514;;2014-01-30 12:29:48.233;2016-10-06 21:34:04.298239;;;;
2191;2014.01.1.001193-2;TJDFT;3;;1;62;739;f;0;;;777-001.739/2014;514;;2014-01-30 12:31:20.25;2016-10-06 21:34:04.306643;;;;
2192;2014.01.1.001193-2;TJDFT;3;;1;62;739;f;0;;;777-001.740/2014;514;;2014-01-30 12:31:36.03;2016-10-06 21:34:04.314736;;;;
2193;2011.01.1.211842-8;TJDFT;15;;7;62;739;f;0;;;777-001.741/2014;514;;2014-01-30 12:32:18.963;2016-10-06 21:34:04.323628;;;;
2195;2013.01.1.111639-9;TJDFT;3;;8;62;739;f;0;;;777-001.745/2014;514;;2014-01-30 12:36:06.073;2016-10-06 21:34:04.340174;;;;
2196;2013.01.1.052993-6;TJDFT;10;;17;62;739;f;0;;;777-001.746/2014;514;;2014-01-30 12:37:58.557;2016-10-06 21:34:04.350046;;;;
2197;2012.01.1.163929-3;TJDFT;1;;8;62;1006;f;0;;;777-001.747/2014;514;;2014-01-30 12:39:18.823;2016-10-06 21:34:04.362187;;;;
2198;2011.01.1.141317-4;TJDFT;20;;8;62;1006;f;0;;;777-001.748/2014;514;;2014-01-30 12:40:09.15;2016-10-06 21:34:04.370112;;;;
2199;2013.01.1.053777-0;TJDFT;9;;7;62;1006;f;0;;;777-001.749/2014;514;;2014-01-30 12:41:54.97;2016-10-06 21:34:04.378112;;;;
2201;2014.01.1.006090-0;TJDFT;43;;3;62;1006;f;0;;;777-001.751/2014;514;;2014-01-30 12:44:04.653;2016-10-06 21:34:04.395799;;;;
2202;148/2014;PROFIS;37;;16;3;514;f;0;;;777-001.768/2014;514;1;2014-01-30 13:32:13.123;2016-10-06 21:34:04.402754;;;;
2203;425/2014;GAB/PROMAI;37;;16;3;514;f;0;;;777-001.771/2014;514;1;2014-01-30 13:44:29.54;2016-10-06 21:34:04.40929;;;;
2204;425/2014;GAB/PROMAI;37;;16;3;514;f;0;;;777-001.772/2014;514;1;2014-01-30 13:44:29.837;2016-10-06 21:34:04.414963;;;;
2205;292/2014;GAB/PROMAI;37;;16;3;514;f;0;;;777-001.775/2014;514;1;2014-01-30 13:51:01.187;2016-10-06 21:34:04.421559;;;;
2206;351/2014;GAB/PROMAI;37;;16;3;514;f;0;;;777-001.776/2014;514;1;2014-01-30 13:54:04.657;2016-10-06 21:34:04.428106;;;;
2207;120/2014;PROFIS;37;;16;3;514;f;0;;;777-001.819/2014;514;1;2014-01-30 19:47:00.123;2016-10-06 21:34:04.433831;;;;
2208;119/2014;PROFIS;37;;16;3;514;f;0;;;777-001.820/2014;514;1;2014-01-30 19:48:54.67;2016-10-06 21:34:04.439847;;;;
2209;496/2014;GAB/PROMAI;37;;16;3;514;f;0;;;777-001.821/2014;514;1;2014-01-30 19:50:57.437;2016-10-06 21:34:04.445511;;;;
2210;23/2014;TJDFT;37;;16;3;514;f;0;;;777-001.822/2014;514;1;2014-01-30 20:04:58.72;2016-10-06 21:34:04.45182;;;;
2211;18/2014;TJDFT;37;;16;3;514;f;0;;;777-001.823/2014;514;1;2014-01-30 20:08:44.1;2016-10-06 21:34:04.45749;;;;
2212;23/2014;DPDF;37;;16;3;514;f;0;;;777-001.825/2014;514;1;2014-01-30 20:10:22.09;2016-10-06 21:34:04.463689;;;;
2213;50/2014;DPDF;37;;16;3;514;f;0;;;777-001.826/2014;514;1;2014-01-30 20:12:02.15;2016-10-06 21:34:04.469585;;;;
2214;54/2014;TJDFT;37;;16;3;514;f;0;;;777-001.827/2014;514;1;2014-01-30 20:13:13.417;2016-10-06 21:34:04.475354;;;;
2215;Nov-14;TJDFT;37;;16;3;514;f;0;;;777-001.828/2014;514;1;2014-01-30 20:15:02.713;2016-10-06 21:34:04.481665;;;;
2216;2013.01.1.089690-7;TJDFT;3;;6;14;739;f;0;;;777-001.845/2014;514;3;2014-01-31 11:14:20.597;2016-10-06 21:34:04.490717;;;;
2217;2013.00.2.023643-5;TJDFT;38;;11;62;1006;f;0;;;777-001.847/2014;514;;2014-01-31 11:35:33.26;2016-10-06 21:34:04.499164;;;;
2218;2013.00.2.023643-5;TJDFT;38;;11;62;1006;f;0;;;777-001.848/2014;514;;2014-01-31 11:35:36.68;2016-10-06 21:34:04.507701;;;;
2219;2012.01.1.163929-3;TJDFT;1;;8;62;1006;f;0;;;777-001.850/2014;514;;2014-01-31 11:36:41.463;2016-10-06 21:34:04.515926;;;;
2220;2013.01.1.144560-3;TJDFT;1;;8;62;1006;f;0;;;777-001.851/2014;514;;2014-01-31 11:38:18.183;2016-10-06 21:34:04.524914;;;;
2221;2001.01.1.038821-6;TJDFT;8;;4;62;1006;f;0;;;777-001.853/2014;514;;2014-01-31 11:42:18.673;2016-10-06 21:34:04.53292;;;;
2222;2013.01.1.177104-7;TJDFT;9;;6;14;1006;f;0;;;777-001.855/2014;514;3;2014-01-31 11:44:01.533;2016-10-06 21:34:04.541225;;;;
2223;2013.01.1.121655-8;TJDFT;37;;4;62;805;f;0;;;777-001.857/2014;514;;2014-01-31 11:45:54.55;2016-10-06 21:34:04.549899;;;;
2224;2009.01.1.026421-4;TJDFT;6;;9;62;805;f;0;;;777-001.858/2014;514;;2014-01-31 11:47:35.88;2016-10-06 21:34:04.558275;;;;
2225;2013.01.1.089690-7;TJDFT;3;;6;14;805;f;0;;;777-001.859/2014;514;3;2014-01-31 11:48:32.49;2016-10-06 21:34:04.566201;;;;
2226;2013.01.1.00813-2;TJDFT;1;;3;62;739;f;0;;;777-001.860/2014;514;;2014-01-31 11:49:38.133;2018-09-28 11:51:49.93487;;;;
2227;2012.01.1.197543-5;TJDFT;16;;8;62;739;f;0;;;777-001.861/2014;514;;2014-01-31 11:50:29.29;2016-10-06 21:34:04.583072;;;;
2228;2013.01.1.115438-9;TJDFT;9;;2;14;739;f;0;;;777-001.862/2014;514;3;2014-01-31 11:51:41.963;2016-10-06 21:34:04.591173;;;;
2229;300.000.030/2014;CODHAB/DF;37;;16;4;521;f;0;;;777-001.869/2014;514;;2014-01-31 12:12:07.483;2016-10-06 21:34:04.599178;;;;
2230;2012.01.1.161837-7;TJDFT;43;;11;62;739;f;0;;;777-001.953/2014;514;;2014-02-03 10:51:52.547;2016-10-06 21:34:04.608121;;;;
2233;1999.01.1.059309-9;TJDFT;11;;3;62;805;f;0;;;777-001.957/2014;514;;2014-02-03 10:54:13.89;2016-10-06 21:34:04.633218;;;;
2234;2013.00.2.026578-0;TJDFT;38;;11;62;805;f;0;;;777-001.958/2014;514;;2014-02-03 10:55:06.28;2016-10-06 21:34:04.641972;;;;
2235;2012.01.1.002191-2;TJDFT;44;;16;62;805;f;0;;;777-001.959/2014;514;;2014-02-03 10:56:18.843;2016-10-06 21:34:04.650052;;;;
2236;63/2014;TJDFT;37;;16;3;514;f;0;;;777-001.984/2014;514;1;2014-02-03 13:31:17.487;2016-10-06 21:34:04.655933;;;;
2237;584/2014;GAB/PROMAI;37;;16;3;514;f;0;;;777-001.985/2014;514;1;2014-02-03 13:32:21.267;2016-10-06 21:34:04.661922;;;;
2238;Jan-14;TJDFT;37;;16;3;514;f;0;;;777-001.987/2014;514;1;2014-02-03 13:35:42.627;2016-10-06 21:34:04.668142;;;;
2239;ago/14;TJDFT;37;;16;3;514;f;0;;;777-001.990/2014;514;1;2014-02-03 13:41:53.16;2016-10-06 21:34:04.674246;;;;
2240;13/2014;TJDFT;37;;16;3;514;f;0;;;777-001.991/2014;514;1;2014-02-03 13:43:16.117;2016-10-06 21:34:04.679952;;;;
2241;34/2014;TJDFT;37;;16;3;514;f;0;;;777-001.992/2014;514;1;2014-02-03 13:44:29.287;2016-10-06 21:34:04.685748;;;;
2242;095/2014;MPDFT;37;;16;3;514;f;0;;;777-001.994/2014;514;1;2014-02-03 13:46:29.667;2016-10-06 21:34:04.691255;;;;
2243;573/2014;GAB/PROMAI;37;;16;3;514;f;0;;;777-001.995/2014;514;1;2014-02-03 13:48:02.15;2016-10-06 21:34:04.697207;;;;
2244;300.000.031/2014;CODHAB/DF;37;;16;4;521;f;0;;;777-002.016/2014;514;;2014-02-03 16:47:16.857;2016-10-06 21:34:04.706068;;;;
2245;2013.01.1.066536-6;TJDFT;1;;5;62;739;f;0;;;777-002.044/2014;514;;2014-02-04 11:53:38.19;2016-10-06 21:34:04.714172;;;;
2246;2012.01.1.194438-2;TJDFT;9;;8;62;739;f;0;;;777-002.045/2014;514;;2014-02-04 11:54:54.287;2016-10-06 21:34:04.722203;;;;
2247;2012.01.1.108065-6;TJDFT;1;;4;62;739;f;0;;;777-002.046/2014;514;;2014-02-04 11:56:10.803;2016-10-06 21:34:04.73087;;;;
2248;2012.01.1.194929-0;TJDFT;1;;5;62;805;f;0;;;777-002.047/2014;514;;2014-02-04 11:57:17.07;2016-10-06 21:34:04.739317;;;;
2249;2012.01.1.186044-6;TJDFT;1;;6;62;805;f;0;;;777-002.048/2014;514;;2014-02-04 12:02:41.81;2016-10-06 21:34:04.747866;;;;
2250;2013.01.1.090045-7;TJDFT;1;;5;62;1006;f;0;;;777-002.049/2014;514;;2014-02-04 12:04:13.357;2016-10-06 21:34:04.755938;;;;
2251;392.049.188/2013;CODHAB/DF;37;;16;1;521;f;0;;;777-002.065/2014;514;;2014-02-04 13:36:17.117;2016-10-06 21:34:04.76513;;;;
2252;392.001.718/2011;CODHAB/DF;16;;16;1;739;f;0;;;777-002.066/2014;514;;2014-02-04 13:40:13.273;2016-10-06 21:34:04.773325;;;;
2253;102.004.396/1972;CODHAB/DF;37;;16;1;521;f;0;;;777-002.115/2014;514;;2014-02-04 19:31:40.257;2016-10-06 21:34:04.781143;;;;
2254;2009.01.1.180664-9;TJDFT;12;;17;62;1006;f;0;;;777-002.129/2014;514;;2014-02-05 12:27:10.447;2016-10-06 21:34:04.789155;;;;
2255;2013.13.1.004817-2;TJDFT;12;;17;62;1006;f;0;;;777-002.130/2014;514;;2014-02-05 12:30:20.557;2016-10-06 21:34:04.797948;;;;
2256;2014.01.1.006090-0;TJDFT;37;;3;14;1006;f;0;;;777-002.132/2014;514;3;2014-02-05 12:35:58.837;2016-10-06 21:34:04.806121;;;;
2257;2013.01.1.091430-7;TJDFT;37;;7;14;1006;f;0;;;777-002.133/2014;514;3;2014-02-05 12:38:32.697;2016-10-06 21:34:04.814339;;;;
2258;2006.01.1054994-4;TJDFT;37;;3;62;805;f;0;;;777-002.135/2014;514;;2014-02-05 12:41:47.267;2016-10-06 21:34:04.82223;;;;
2259;2013.01.1.188372-7;TJDFT;37;;8;14;805;f;0;;;777-002.137/2014;514;3;2014-02-05 12:44:15.623;2016-10-06 21:34:04.831198;;;;
2260;2013.01.1.186650-8;TJDFT;37;;8;14;739;f;0;;;777-002.138/2014;514;3;2014-02-05 12:47:37.307;2016-10-06 21:34:04.83946;;;;
2261;2013.01.1.171102-5;TJDFT;37;;2;14;739;f;0;;;777-002.139/2014;514;3;2014-02-05 12:49:47.183;2016-10-06 21:34:04.847457;;;;
2263;392-005412/2014;CODHAB/DF;37;;16;1;521;f;0;;;777-002.183/2014;831;;2014-02-06 12:57:46.53;2016-10-06 21:34:04.864489;;;;
2264;392-005374/2014;CODHAB/DF;37;;16;1;521;f;0;;;777-002.184/2014;831;;2014-02-06 12:58:45.967;2016-10-06 21:34:04.87282;;;;
2265;392-005060/2014;CODHAB/DF;37;;16;1;521;f;0;;;777-002.185/2014;831;;2014-02-06 13:00:14.843;2016-10-06 21:34:04.880812;;;;
2266;392-005412/2014;CODHAB/DF;37;;16;1;521;f;0;;;777-002.242/2014;831;;2014-02-07 12:33:36.177;2016-10-06 21:34:04.889577;;;;
2267;392.005.610/2014;CODHAB/DF;37;;16;1;521;f;0;;;777-002.311/2014;514;;2014-02-10 11:26:43.06;2016-10-06 21:34:04.897956;;;;
2269;2012.01.1.115233-6;TJDFT;22;;9;62;739;f;0;;;777-002.382/2014;514;;2014-02-11 12:13:27.26;2016-10-06 21:34:04.913973;;;;
2270;2012.01.1.184277-0;TJDFT;3;;2;62;739;f;0;;;777-002.383/2014;514;;2014-02-11 12:15:31.697;2016-10-06 21:34:04.922455;;;;
2271;2013.01.1.008728-2;TJDFT;1;;8;62;739;f;0;;;777-002.384/2014;514;;2014-02-11 12:18:29.203;2016-10-06 21:34:04.930581;;;;
2273;2012.01.1.161837-7;TJDFT;39;;11;62;739;f;0;;;777-002.389/2014;514;;2014-02-11 12:23:15.677;2016-10-06 21:34:04.947583;;;;
2274;2011.01.1.233181-9;TJDFT;26;;3;62;739;f;0;;;777-002.390/2014;514;;2014-02-11 12:25:29.71;2016-10-06 21:34:04.956258;;;;
2275;2012.01.1.120952-6;TJDFT;15;;3;62;739;f;0;;;777-002.391/2014;514;;2014-02-11 12:27:11.417;2016-10-06 21:34:04.964553;;;;
2276;2013.01.1.051277-2;TJDFT;1;;8;62;739;f;0;;;777-002.392/2014;514;;2014-02-11 12:28:44.167;2016-10-06 21:34:04.972863;;;;
2277;2012.01.1.031151-5;TJDFT;1;;7;62;805;f;0;;;777-002.393/2014;514;;2014-02-11 12:32:33.687;2016-10-06 21:34:04.981647;;;;
2279;2008.01.1.139441-6;TJDFT;37;;9;62;805;f;0;;;777-002.395/2014;514;;2014-02-11 12:37:40.567;2016-10-06 21:34:04.997627;;;;
2280;1999.01.1.080986-3;TJDFT;11;;8;62;805;f;0;;;777-002.396/2014;514;;2014-02-11 12:40:13.57;2016-10-06 21:34:05.005627;;;;
2281;2012.01.1.090617-8;TJDFT;37;;2;62;805;f;0;;;777-002.398/2014;514;;2014-02-11 12:41:50.027;2016-10-06 21:34:05.014063;;;;
2282;2013.01.1.121656-6;TJDFT;37;;4;62;805;f;0;;;777-002.399/2014;514;;2014-02-11 12:43:28.84;2016-10-06 21:34:05.022089;;;;
2283;1999.01.1.074995-6;TJDFT;11;;7;62;805;f;0;;;777-002.400/2014;514;;2014-02-11 12:46:13.407;2016-10-06 21:34:05.029828;;;;
2284;2013.01.1.010763-5;TJDFT;1;;3;62;1006;f;0;;;777-002.401/2014;514;;2014-02-11 12:48:47.423;2016-10-06 21:34:05.037797;;;;
2285;2013.01.1.177104-7;TJDFT;37;;6;62;1006;f;0;;;777-002.403/2014;514;;2014-02-11 12:50:53.973;2016-10-06 21:34:05.046473;;;;
2286;2013.01.1.045986-8;TJDFT;9;;7;62;1006;f;0;;;777-002.404/2014;514;;2014-02-11 12:52:23.583;2016-10-06 21:34:05.054551;;;;
2287;2011.01.1.215685-2;TJDFT;1;;3;62;1006;f;0;;;777-002.405/2014;514;;2014-02-11 12:54:25.527;2016-10-06 21:34:05.062643;;;;
2288;2014.01.1.007061-3;TJDFT;37;;4;14;1006;f;0;;;777-002.452/2014;514;3;2014-02-12 11:48:10.79;2016-10-06 21:34:05.071382;;;;
2289;2013.01.1.154075-9;TJDFT;37;;17;62;805;f;0;;;777-002.456/2014;514;;2014-02-12 12:16:04.94;2016-10-06 21:34:05.080089;;;;
2292;2009.01.1.026421-4;TJDFT;6;;9;62;805;f;0;;;777-002.460/2014;514;;2014-02-12 12:21:38.847;2016-10-06 21:34:05.105723;;;;
2293;2009.01.1.026421-4;TJDFT;6;;9;62;805;f;0;;;777-002.461/2014;514;;2014-02-12 12:21:40.143;2016-10-06 21:34:05.11602;;;;
2294;2012.01.1.149503-0;TJDFT;3;;3;62;739;f;0;;;777-002.462/2014;514;;2014-02-12 12:23:39.147;2016-10-06 21:34:05.124148;;;;
2272;2013.01.1.099490-9;TJDFT;1;150304.99;5;62;739;f;0;;;777-002.385/2014;514;;2014-02-11 12:20:22.44;2018-06-20 16:13:53.064992;;;;
2278;2013.00.2.026578-0;TJDFT;38;;11;62;805;f;0;;;777-002.394/2014;514;;2014-02-11 12:34:10.593;2018-09-28 11:49:33.76892;;;;
2262;2005.03.1.005400-9;TJDFT;37;1000.0;17;14;739;t;0;;;777-002.143/2014;514;3;2014-02-05 12:52:28.497;2018-09-28 11:50:57.270144;;;;
2295;2013.01.1.066536-6;TJDFT ;1;;5;62;739;f;0;;;777-002.463/2014;514;;2014-02-12 12:25:06.647;2016-10-06 21:34:05.132514;;;;
2296;2012.01.1.189598-5;TJDFT;16;;6;62;1006;f;0;;;777-002.464/2014;514;;2014-02-12 12:26:33.77;2016-10-06 21:34:05.141244;;;;
2297;789/2014;GAB/ PROMAI;1;;16;3;514;f;0;;;777-002.465/2014;514;1;2014-02-12 12:37:37.29;2016-10-06 21:34:05.147067;;;;
2298;574/2014;GAB/ PROMAI;37;;16;3;514;f;0;;;777-002.466/2014;514;1;2014-02-12 12:41:53.637;2016-10-06 21:34:05.152872;;;;
2299;15/2014;TJDFT;12;;16;3;514;f;0;;;777-002.468/2014;514;1;2014-02-12 12:46:03.557;2016-10-06 21:34:05.158527;;;;
2300;56/2014;TJDFT;37;;16;3;514;f;0;;;777-002.469/2014;514;1;2014-02-12 12:51:10.607;2016-10-06 21:34:05.164335;;;;
2301;020/2014;TJDFT;37;;16;3;514;f;0;;;777-002.473/2014;514;1;2014-02-12 12:56:48.577;2016-10-06 21:34:05.170604;;;;
2302;72/2014;TJDFT;37;;16;3;514;f;0;;;777-002.474/2014;514;1;2014-02-12 13:00:16.017;2016-10-06 21:34:05.176558;;;;
2303;392.041.040/2013;CODHAB/DF;37;;16;1;521;f;0;;;777-002.480/2014;514;;2014-02-12 13:09:16.373;2016-10-06 21:34:05.185485;;;;
2304;392.033.758/2013;CODHAB/DF;37;;16;1;521;f;0;;;777-002.481/2014;514;;2014-02-12 13:10:51.75;2016-10-06 21:34:05.193574;;;;
2306;019/2014;DPDF;37;;16;3;514;f;0;;;777-002.488/2014;514;1;2014-02-12 14:45:27.187;2016-10-06 21:34:05.208659;;;;
2307;2012.01.1.189856-7;TJDFT;1;;1;62;1006;f;0;;;777-002.515/2014;1070;;2014-02-13 11:47:16.047;2016-10-06 21:34:05.21687;;;;
2308;2013.01.1.019800-2;TJDFT;39;;11;62;805;f;0;;;777-002.516/2014;1070;;2014-02-13 11:49:23.843;2016-10-06 21:34:05.225128;;;;
2309;392.006.501/2014;CODHAB/DF;37;;16;1;521;f;0;;;777-002.562/2014;514;;2014-02-13 19:54:52.96;2016-10-06 21:34:05.233768;;;;
2310;2012.01.1.149889-2;TJDFT;1;;3;62;739;f;0;;;777-002.599/2014;514;;2014-02-14 16:39:40.027;2016-10-06 21:34:05.242023;;;;
2311;2000.01.1.062590-9;TJDFT;11;;3;62;1006;f;0;;;777-002.600/2014;514;;2014-02-14 16:41:45.853;2016-10-06 21:34:05.250257;;;;
2312;2013.01.1.025798-5;TJDFT;1;;7;62;805;f;0;;;777-002.601/2014;514;;2014-02-14 16:42:43.48;2016-10-06 21:34:05.258367;;;;
2313;2012.01.1.194101-0;TJDFT;1;;8;62;805;f;0;;;777-002.602/2014;514;;2014-02-14 16:43:27.34;2016-10-06 21:34:05.267128;;;;
2314;2011.09.1.003174-5;TJDFT;10;;17;62;1006;f;0;;;777-002.603/2014;514;;2014-02-14 16:44:33.717;2016-10-06 21:34:05.275132;;;;
2315;59/2014;DPDF;37;;16;3;514;f;0;;;777-002.608/2014;514;1;2014-02-14 17:30:13.613;2016-10-06 21:34:05.283913;;;;
2316;158/2014;TJDFT;37;;16;3;514;f;0;;;777-002.609/2014;514;1;2014-02-14 17:31:49.02;2016-10-06 21:34:05.289946;;;;
2317;14/2014;TJDFT;37;;16;3;514;f;0;;;777-002.610/2014;514;1;2014-02-14 17:37:01.947;2016-10-06 21:34:05.296353;;;;
2318;715/2014;GAB/PROMAI;37;;16;3;514;f;0;;;777-002.611/2014;514;1;2014-02-14 17:38:45.277;2016-10-06 21:34:05.302326;;;;
2319;1254/2013;TJDFT;37;;16;3;514;f;0;;;777-002.615/2014;514;1;2014-02-14 17:56:46.283;2016-10-06 21:34:05.30815;;;;
2320;54/2014;TJDFT;37;;16;3;514;f;0;;;777-002.616/2014;514;1;2014-02-14 18:10:49.917;2016-10-06 21:34:05.313791;;;;
2321;Mar-14;DPDF;37;;16;3;514;f;0;;;777-002.617/2014;514;1;2014-02-14 18:14:11.653;2016-10-06 21:34:05.320782;;;;
2322;41/2014;DECAP;37;;16;3;514;f;0;;;777-002.618/2014;514;1;2014-02-14 18:15:34.53;2016-10-06 21:34:05.326984;;;;
2323;1037/2013;TJDFT;37;;16;3;514;f;0;;;777-002.619/2014;514;1;2014-02-14 18:17:07.797;2016-10-06 21:34:05.332688;;;;
2324;10487/2013;GAB/PROMAI;37;;16;3;514;f;0;;;777-002.620/2014;514;1;2014-02-14 18:19:57.03;2016-10-06 21:34:05.33827;;;;
2325;286/2014;PROFIS;37;;16;3;514;f;0;;;777-002.623/2014;514;1;2014-02-14 18:41:42.153;2016-10-06 21:34:05.344008;;;;
2326;777.002.362/2014;CODHAB/DF;37;;16;26;521;f;0;;;777-002.628/2014;514;;2014-02-17 12:34:14.06;2016-10-06 21:34:05.352492;;;;
2327;132/2014;DPDF;37;;16;3;514;f;0;;;777-002.635/2014;514;1;2014-02-17 13:19:41.57;2016-10-06 21:34:05.358777;;;;
2328;out/14;TJDFT;37;;16;3;514;f;0;;;777-002.636/2014;514;1;2014-02-17 13:21:36.243;2016-10-06 21:34:05.364426;;;;
2329;50/2014;TJDFT;37;;16;3;514;f;0;;;777-002.637/2014;514;1;2014-02-17 13:23:52.34;2016-10-06 21:34:05.370404;;;;
2330;855/2014;GAB/PROMAI;37;;16;3;514;f;0;;;777-002.638/2014;514;1;2014-02-17 13:25:39.03;2016-10-06 21:34:05.37609;;;;
2331;abr/14;TJDFT;37;;16;3;514;f;0;;;777-002.639/2014;514;1;2014-02-17 13:28:06.72;2016-10-06 21:34:05.382338;;;;
2333;103/2014;DPDF;37;;16;3;514;f;0;;;777-002.641/2014;514;1;2014-02-17 13:29:44.237;2016-10-06 21:34:05.397048;;;;
2334;2011.06.1.014103-2;TJDFT;12;;17;62;1006;f;0;;;777-002.642/2014;1070;;2014-02-17 13:30:58.887;2016-10-06 21:34:05.405079;;;;
2335;119/2014;TJDFT;37;;16;3;514;f;0;;;777-002.643/2014;514;1;2014-02-17 13:31:28.85;2016-10-06 21:34:05.410917;;;;
2336;2012.06.1.008616-0;TJDFT;37;;16;62;1006;f;0;;;777-002.644/2014;1070;;2014-02-17 13:32:38.463;2016-10-06 21:34:05.419609;;;;
2337;44/2014;TJDFT;37;;16;3;514;f;0;;;777-002.645/2014;514;1;2014-02-17 13:33:15.557;2016-10-06 21:34:05.425264;;;;
2338;2014.01.1.017683-8;TJDFT;22;;9;62;1006;f;0;;;777-002.646/2014;1070;;2014-02-17 13:34:10.793;2016-10-06 21:34:05.433599;;;;
2339;039/2014;DPDF;37;;16;3;514;f;0;;;777-002.647/2014;514;1;2014-02-17 13:35:16.73;2016-10-06 21:34:05.439222;;;;
2340;1999.01.1.037548-4;TJDFT;4;;4;62;1006;f;0;;;777-002.648/2014;1070;;2014-02-17 13:35:58.793;2016-10-06 21:34:05.448324;;;;
2341;73/2014;TJDFT;37;;16;3;514;f;0;;;777-002.649/2014;514;1;2014-02-17 13:36:35.903;2016-10-06 21:34:05.454045;;;;
2342;2005.01.1.079771-8;TJDFT;6;;9;62;805;f;0;;;777-002.650/2014;1070;;2014-02-17 13:38:15.56;2016-10-06 21:34:05.462103;;;;
2343;2013.01.1.175738-3;TJDFT;35;;4;14;805;f;0;;;777-002.651/2014;1070;3;2014-02-17 13:44:31.077;2016-10-06 21:34:05.470327;;;;
2344;2013.01.1.178602-9;TJDFT;37;;6;14;1006;f;0;;;777-002.653/2014;1070;3;2014-02-17 13:46:32.627;2016-10-06 21:34:05.478998;;;;
2345;2012.01.1.149503-0;TJDFT;3;;3;14;739;f;0;;;777-002.654/2014;1070;3;2014-02-17 13:50:18.643;2016-10-06 21:34:05.487322;;;;
2346;2013.01.1.008728-2;TJDFT;1;;8;62;739;f;0;;;777-002.706/2014;1070;;2014-02-18 12:34:46.67;2016-10-06 21:34:05.495486;;;;
2347;2013.01.1.021469-2;TJDFT;37;;1;62;739;f;0;;;777-002.707/2014;1070;;2014-02-18 12:36:53.937;2016-10-06 21:34:05.503743;;;;
2348;2014.01.1.017312-2;TJDFT;37;;5;62;1006;f;0;;;777-002.708/2014;1070;;2014-02-18 12:38:55.517;2016-10-06 21:34:05.512691;;;;
2349;51053/96;TJDFT;37;;3;62;805;f;0;;;777-002.709/2014;1070;;2014-02-18 12:40:54.627;2016-10-06 21:34:05.521113;;;;
2350;39381/96;TJDFT;37;;7;62;805;f;0;;;777-002.711/2014;1070;;2014-02-18 12:42:32.657;2016-10-06 21:34:05.529981;;;;
2351;1999.01.1.037550-8;TJDFT;37;;8;62;805;f;0;;;777-002.712/2014;1070;;2014-02-18 12:44:26.05;2016-10-06 21:34:05.538453;;;;
2352;305.000.032/2014;CODHAB/DF;37;;16;4;521;f;0;;;777-002.723/2014;514;;2014-02-18 13:55:03.313;2016-10-06 21:34:05.547072;;;;
2353;300.000.054/2014;CODHAB/DF;37;;16;4;521;f;0;;;777-002.770/2014;514;;2014-02-18 19:30:06.92;2016-10-06 21:34:05.555576;;;;
2354;392.049.188/2013;CODHAB/DF;37;;16;1;521;f;0;;;777-002.771/2014;514;;2014-02-18 19:31:08.217;2016-10-06 21:34:05.563531;;;;
2355;2013.01.1.121245-9;TJDFT;3;;14;62;739;f;0;;;777-002.783/2014;1070;;2014-02-19 12:13:38.553;2016-10-06 21:34:05.572307;;;;
2356;2012.01.1.086514-9;TJDFT;1;;6;62;739;f;0;;;777-002.785/2014;1070;;2014-02-19 12:14:53.93;2016-10-06 21:34:05.580731;;;;
2357;2012.09.1.014721-2;TJDFT;10;;17;62;739;f;0;;;777-002.786/2014;1070;;2014-02-19 12:16:10.26;2016-10-06 21:34:05.588884;;;;
2358;2012.01.1.084133-7;TJDFT;1;;7;62;805;f;0;;;777-002.787/2014;1070;;2014-02-19 12:17:37.48;2016-10-06 21:34:05.596785;;;;
2359;2012.01.1.183587-5;TJDFT;41;;17;62;1006;f;0;;;777-002.788/2014;1070;;2014-02-19 12:19:13.7;2016-10-06 21:34:05.605453;;;;
2360;2011.01.1.211030-0;TJDFT;37;;11;62;1006;f;0;;;777-002.789/2014;1070;;2014-02-19 12:21:00.67;2016-10-06 21:34:05.613855;;;;
2361;2013.01.1.088276-8;TJDFT;22;;7;14;805;f;0;;;777-002.790/2014;1070;3;2014-02-19 12:22:32.203;2016-10-06 21:34:05.621768;;;;
2362;84/2014;DECAP;37;;16;3;514;f;0;;;777-002.822/2014;514;1;2014-02-19 17:32:32.903;2016-10-06 21:34:05.627552;;;;
2363;909/2014;GAB/PROMAI;37;;16;3;514;f;0;;;777-002.823/2014;514;1;19/02/2014 17:34;2016-10-06 21:34:05.633466;;;;
2364;175/2014;DPDF;37;;16;3;514;f;0;;;777-002.824/2014;514;1;2014-02-19 17:40:51.067;2016-10-06 21:34:05.639242;;;;
2365;117/2014;TJDFT;37;;16;3;514;f;0;;;777-002.825/2014;514;1;2014-02-19 17:45:12.46;2016-10-06 21:34:05.649329;;;;
2366;0;CODHAB;37;;1;4;1375;t;0;;;392-007.491/2014;1375;2;2015-09-14 21:02:00.49;2016-10-06 21:34:05.658056;;;;
2367;0;CODHAB;37;;1;32;1398;t;0;;;392-007.491/2014;1375;2;2015-05-19 19:04:26.76;2016-10-06 21:34:05.666742;;;;
2368;0000032-16 2014 5 10 0000;Tribunal Regional do Trabalho ;37;;17;62;805;f;0;;;777-002.848/2014;1070;;2014-02-20 12:36:40.19;2016-10-06 21:34:05.6753;;;;
2369;2012.01.166624-7;TJDFT;1;;1;62;1006;f;0;;;777-002.849/2014;1070;;2014-02-20 12:38:56.503;2016-10-06 21:34:05.683458;;;;
2370;2011.01.1.070587-8;TJDFT;1;;3;62;1006;f;0;;;777-002.850/2014;1070;;2014-02-20 12:40:17.583;2016-10-06 21:34:05.691992;;;;
2371;2014.01.1.002967-4;TJDFT;37;;4;14;739;f;0;;;777-002.852/2014;1070;3;2014-02-20 12:41:55.007;2016-10-06 21:34:05.700565;;;;
2372;300.000.058/2014;CODHAB/DF;37;;16;4;521;f;0;;;777-002.870/2014;514;;2014-02-20 14:40:44.16;2016-10-06 21:34:05.708722;;;;
2373;300.000.059/2014;CODHAB/DF;37;;16;4;521;f;0;;;777-002.886/2014;514;;2014-02-20 18:38:27.477;2016-10-06 21:34:05.716936;;;;
2374;2012.01.1.146628-0;TJDFT;13;;9;62;1006;f;0;;;777-002.905/2014;1070;;2014-02-21 12:50:03.487;2016-10-06 21:34:05.725304;;;;
2375;2011.01.1.025368-9;TJDFT;6;;9;62;1006;f;0;;;777-002.906/2014;1070;;2014-02-21 12:51:32.817;2016-10-06 21:34:05.734299;;;;
2377;2009.01.1.116498-5;TJDFT;37;;11;62;739;f;0;;;777-002.908/2014;1070;;2014-02-21 12:54:46.15;2016-10-06 21:34:05.750482;;;;
2378;2014.01.1.019925-3;TJDFT;37;;3;14;1006;f;0;;;777-002.909/2014;1070;3;2014-02-21 12:57:00.057;2016-10-06 21:34:05.759896;;;;
2379;788/2014;GAB/PROMAI;37;;16;3;514;f;0;;;777-002.972/2014;514;1;2014-02-21 19:50:27.093;2016-10-06 21:34:05.765862;;;;
2380;79/2014;DPDF;37;;16;3;514;f;0;;;777-002.973/2014;514;1;2014-02-21 19:54:46.877;2016-10-06 21:34:05.771628;;;;
2381;415/2014;PROFIS;37;;16;3;514;f;0;;;777-002.974/2014;514;1;2014-02-21 19:59:45.353;2016-10-06 21:34:05.777155;;;;
2382;798/2014;PROCAD;37;;16;3;514;f;0;;;777-002.976/2014;514;1;2014-02-21 20:01:50.81;2016-10-06 21:34:05.782743;;;;
2383;817/2014;PROCAD;37;;16;3;514;f;0;;;777-002.977/2014;514;1;2014-02-21 20:03:22.093;2016-10-06 21:34:05.788733;;;;
2384;74/2014;DPDF;37;;16;3;514;f;0;;;777-002.978/2014;514;1;2014-02-21 20:04:46.75;2016-10-06 21:34:05.794897;;;;
2385;998/2014;GAB/PROMAI;37;;16;3;514;f;0;;;777-002.979/2014;514;1;2014-02-21 20:06:08.407;2016-10-06 21:34:05.800634;;;;
2386;049/2014;TJDFT;37;;16;3;514;f;0;;;777-002.980/2014;514;1;2014-02-21 20:12:07.133;2016-10-06 21:34:05.809176;;;;
2387;1089/2014;GAB/PROMAI;37;;16;3;514;f;0;;;777-002.981/2014;514;1;2014-02-21 20:17:20.843;2016-10-06 21:34:05.815082;;;;
2388;074/2014;DPDF;37;;16;3;514;f;0;;;777-002.983/2014;514;1;2014-02-21 20:24:28.38;2016-10-06 21:34:05.821194;;;;
2389;188/2014;DPDF;37;;16;3;514;f;0;;;777-002.984/2014;514;1;2014-02-21 20:26:42.01;2016-10-06 21:34:05.827009;;;;
2390;076/2014;DPDF;37;;16;3;514;f;0;;;777-002.985/2014;514;1;2014-02-21 20:28:56.42;2016-10-06 21:34:05.832819;;;;
2391;1075/2014;GAB/PROMAI;37;;16;3;514;f;0;;;777-002.986/2014;514;1;2014-02-21 20:30:45.577;2016-10-06 21:34:05.838532;;;;
2392;023/2014;DPDF;37;;16;3;514;f;0;;;777-002.987/2014;514;1;2014-02-21 20:32:03.127;2016-10-06 21:34:05.844094;;;;
2393;050/2014;TJDFT;37;;16;3;514;f;0;;;777-002.988/2014;514;1;2014-02-21 20:33:36.66;2016-10-06 21:34:05.850956;;;;
2394;050/2014;TJDFT;37;;16;3;514;f;0;;;777-002.989/2014;514;1;2014-02-21 20:33:39.38;2016-10-06 21:34:05.857092;;;;
2395;130/2014;TJDFT;37;;16;3;514;f;0;;;777-002.990/2014;514;1;2014-02-21 20:36:14.507;2016-10-06 21:34:05.863046;;;;
2396;154/2014;DPDF;37;;16;3;514;f;0;;;777-002.991/2014;514;1;2014-02-21 20:37:44.993;2016-10-06 21:34:05.869341;;;;
2397;108/2014;TJDFT;37;;16;3;514;f;0;;;777-002.992/2014;514;1;2014-02-21 20:38:56.15;2016-10-06 21:34:05.875455;;;;
2398;1999.01.1.084378-6;TJDFT;11;;8;62;805;f;0;;;777-002.998/2014;1070;;2014-02-24 12:55:18.3;2016-10-06 21:34:05.88445;;;;
2399;2008.01.1.139441-6;TJDFT;37;;9;62;1006;f;0;;;777-003.001/2014;1070;;2014-02-24 12:57:08.13;2016-10-06 21:34:05.893068;;;;
2400;2012.01.1.159315-4;TJDFT;1;;6;62;1006;f;0;;;777-003.003/2014;1070;;2014-02-24 12:58:46.427;2016-10-06 21:34:05.901166;;;;
2401;2012.01.1.026450-4;TJDFT;37;;17;62;739;f;0;;;777-003.004/2014;1070;;2014-02-24 13:01:30.727;2016-10-06 21:34:05.909486;;;;
2404;392.041.040/2013;CODHAB/DF;37;;16;8;521;f;0;;;777-003.020/2014;514;;2014-02-24 14:37:31.667;2016-10-06 21:34:05.933967;;;;
2406;2013.01.1.147641-6;TJDFT;37;;17;62;739;f;0;;;777-003.069/2014;1070;;2014-02-25 13:21:10.383;2016-10-06 21:34:05.951198;;;;
2407;2012.01.1.194438-2;TJDFT;9;;8;62;739;f;0;;;777-003.070/2014;1070;;2014-02-25 13:22:47.367;2016-10-06 21:34:05.959472;;;;
2408;2012.01.1.197543-5;TJDFT;16;;8;62;739;f;0;;;777-003.071/2014;1070;;2014-02-25 13:24:11.727;2016-10-06 21:34:05.967934;;;;
2409;2013.01.1.066536-6;TJDFT;1;;5;62;739;f;0;;;777-003.072/2014;1070;;2014-02-25 13:25:17.837;2016-10-06 21:34:05.976456;;;;
2410;2010.01.1.215586-8;TJDFT;15;;2;62;739;f;0;;;777-003.073/2014;1070;;2014-02-25 13:27:15.34;2016-10-06 21:34:05.985113;;;;
2412;2014.01.1.016270-5;TJDFT;37;;7;14;1006;f;0;;;777-003.077/2014;1070;3;2014-02-25 13:30:56.793;2016-10-06 21:34:06.002252;;;;
2413;2012.01.1.190871-8;TJDFT;16;;5;62;805;f;0;;;777-003.078/2014;1070;;2014-02-25 13:32:33.107;2016-10-06 21:34:06.011891;;;;
2415;300.000.062/2014;CODHAB/DF;37;;16;4;521;f;0;;;777-003.101/2014;514;;2014-02-25 15:19:23.253;2016-10-06 21:34:06.038441;;;;
2416;847/2014;PROCAD;35;;16;3;514;f;0;;;777-003.107/2014;514;1;2014-02-25 17:28:14.937;2016-10-06 21:34:06.044439;;;;
2417;293/2014;MPDFT;37;;16;3;514;f;0;;;777-003.108/2014;514;1;2014-02-25 17:29:52.483;2016-10-06 21:34:06.050379;;;;
2418;1078/2014;GAB/PROMAI;30;;17;3;514;f;0;;;777-003.110/2014;514;1;2014-02-25 17:31:15.343;2016-10-06 21:34:06.055997;;;;
2419;131/2014;MPDFT;37;;16;3;514;f;0;;;777-003.111/2014;514;1;2014-02-25 17:32:36.877;2016-10-06 21:34:06.061727;;;;
2420;046/2014;TJDFT;37;;16;3;514;f;0;;;777-003.112/2014;514;1;2014-02-25 17:37:49.99;2016-10-06 21:34:06.067942;;;;
2421;392.041.521/2013;CODHAB/DF;37;;16;1;521;f;0;;;777-003.116/2014;514;;2014-02-25 17:44:12.92;2016-10-06 21:34:06.078241;;;;
2422;392.006.053/2014;CODHAB/DF;37;;16;1;521;f;0;;;777-003.139/2014;514;;2014-02-25 20:20:12.847;2016-10-06 21:34:06.087869;;;;
2423;392.006.644/2014;CODHAB/DF;37;;16;1;521;f;0;;;777-003.140/2014;514;;2014-02-25 20:21:45.443;2016-10-06 21:34:06.096138;;;;
2424;0000032-16 2014 5 10 0000;Tribunal Regional do Trabalho ;37;;17;62;805;f;0;;;777-003.167/2014;1070;;2014-02-26 13:46:39.707;2016-10-06 21:34:06.10509;;;;
2425;392.003.839/2012;CODHAB/DF;37;;16;1;521;f;0;;;777-003.170/2014;514;;2014-02-26 14:15:38.187;2016-10-06 21:34:06.113498;;;;
2426;2012.01.1.167401-7;TJDFT;37;;17;62;739;f;0;;;777-003.230/2014;1070;;2014-02-27 13:51:01.59;2016-10-06 21:34:06.121773;;;;
2427;8263/93;TJDFT;9;;1;62;1006;f;0;;;777-003.231/2014;1070;;2014-02-27 13:52:57.42;2016-10-06 21:34:06.130588;;;;
2429;2012.01.1.063226-9;TJDFT;1;;1;62;1006;f;0;;;777-003.233/2014;1070;;2014-02-27 13:55:18.05;2016-10-06 21:34:06.146934;;;;
2430;2014.00.2.003777-6;TJDFT;37;;12;14;1006;f;0;;;777-003.234/2014;1070;3;2014-02-27 13:56:54.38;2016-10-06 21:34:06.155026;;;;
2431;2009.01.1.026421-4;TJDFT;6;;9;62;805;f;0;;;777-003.235/2014;1070;;2014-02-27 13:58:27.523;2016-10-06 21:34:06.164113;;;;
2432;392.007.013/2014;CODHAB/DF;37;;16;1;521;f;0;;;777-003.261/2014;514;;2014-02-27 18:05:26.457;2016-10-06 21:34:06.172212;;;;
2433;008/2014;DPDF;37;;16;3;514;f;0;;;777-003.279/2014;514;1;2014-02-27 20:48:21.457;2016-10-06 21:34:06.178473;;;;
2405;RT-0000160-82.2014.5.10.0017;TRT 10 REGIAO;32;;17;17;739;f;0;;;777-003.043/2014;514;;2014-02-24 19:40:13.907;2018-10-02 14:46:38.990316;;;;
2402;2013.01.073425-5;TJDFT;1;50000.0;6;62;739;f;0;;;777-003.005/2014;1070;;2014-02-24 13:03:00.96;2018-06-18 15:51:28.698198;;;;
2403;2011.01.206327-6;TJDFT;1;30000.0;4;62;739;f;0;;;777-003.006/2014;1070;;2014-02-24 13:04:08.07;2018-06-18 15:49:24.29365;;;;
2435;abr/14;DPDF;37;;16;3;514;f;0;;;777-003.281/2014;514;1;2014-02-27 21:28:23.74;2016-10-06 21:34:06.190319;;;;
2436;265/2014;TJDFT;37;;16;3;514;f;0;;;777-003.282/2014;514;1;2014-02-27 21:31:40.023;2016-10-06 21:34:06.197053;;;;
2437;315/2014;TJDFT;37;;16;3;514;f;0;;;777-003.283/2014;514;1;2014-02-27 21:33:52.29;2016-10-06 21:34:06.202956;;;;
2438;0;DIMOB;37;;1;4;521;f;0;;;392-009.177/2014;1375;2;2015-11-18 18:59:13.127;2016-10-06 21:34:06.210906;;;;
2439;0;DIMOB;37;;1;34;514;t;0;;;392-009.177/2014;1375;2;2015-11-20 17:29:04.103;2016-10-06 21:34:06.219264;;;;
2440;2012.01.1.189861-4;TJDFT;1;;1;62;739;f;0;;;777-003.291/2014;1070;;2014-02-28 12:56:25.163;2016-10-06 21:34:06.23112;;;;
2441;2013.00.2.024104-5;TJDFT;37;;16;62;1006;f;0;;;777-003.293/2014;1070;;2014-02-28 13:00:17.45;2016-10-06 21:34:06.241019;;;;
2443;2013.01.1.122263-6;TJDFT;14;;3;62;1006;f;0;;;777-003.297/2014;1070;;2014-02-28 13:04:58.987;2016-10-06 21:34:06.258201;;;;
2444;2013.01.1.075168-3;TJDFT;1;;3;62;1006;f;0;;;777-003.298/2014;1070;;2014-02-28 13:07:24.503;2016-10-06 21:34:06.266919;;;;
2445;2013.01.1.045329-8;TJDFT;1;;1;62;1006;f;0;;;777-003.299/2014;1070;;2014-02-28 13:09:30.303;2016-10-06 21:34:06.275496;;;;
2446;398/2014;MPDFT;37;;16;3;514;f;0;;;777-003.304/2014;1070;1;2014-02-28 13:31:27.667;2016-10-06 21:34:06.281223;;;;
2447;003/2014;SECRETARIA DE ESTADO DE FAZENDA ;37;;16;3;514;f;0;;;777-003.305/2014;1070;1;2014-02-28 13:36:39.437;2016-10-06 21:34:06.287195;;;;
2448;1224/2013;TJDFT;37;;16;3;514;f;0;;;777-003.306/2014;1070;1;2014-02-28 13:42:54.16;2016-10-06 21:34:06.293509;;;;
2449;134/2014;TJDFT;37;;16;3;514;f;0;;;777-003.307/2014;1070;1;2014-02-28 13:46:04.117;2016-10-06 21:34:06.299164;;;;
2450;232/2014;DPDF;37;;16;3;514;f;0;;;777-003.308/2014;1070;1;2014-02-28 13:50:00.167;2016-10-06 21:34:06.30479;;;;
2451;1318/2014;PROMAI;37;;16;3;514;f;0;;;777-003.311/2014;1070;1;2014-02-28 13:53:38.467;2016-10-06 21:34:06.310611;;;;
2452;110.000.036/2014;CODHAB/DF;37;;16;4;521;f;0;;;777-003.359/2014;514;;2014-03-05 21:41:46.063;2016-10-06 21:34:06.31913;;;;
2453;305.000.049/2014;CODHAB/DF;37;;16;4;521;f;0;;;777-003.379/2014;514;;2014-03-06 13:20:15.037;2016-10-06 21:34:06.327653;;;;
2454;392.000.263/2012;CODHAB/DF;37;;16;1;521;f;0;;;777-003.386/2014;514;;2014-03-06 13:36:49.293;2016-10-06 21:34:06.335804;;;;
2455;1999.01.1.087628-3;TJDFT;11;;5;62;739;f;0;;;777-003.392/2014;1070;;2014-03-06 14:04:56.433;2016-10-06 21:34:06.343791;;;;
2456;2011.01.1.107350-3;TJDFT;14;;1;62;739;f;0;;;777-003.393/2014;1070;;2014-03-06 14:06:15.337;2016-10-06 21:34:06.353049;;;;
2457;2013.01.1.121245-9;TJDFT;37;;14;62;739;f;0;;;777-003.394/2014;1070;;2014-03-06 14:07:30.29;2016-10-06 21:34:06.361208;;;;
2458;2013.00.2.026998-5;TJDFT;37;;10;62;739;f;0;;;777-003.395/2014;1070;;2014-03-06 14:09:05.21;2016-10-06 21:34:06.369873;;;;
2459;2013.00.2.026998-5;TJDFT;37;;10;62;739;f;0;;;777-003.396/2014;1070;;2014-03-06 14:10:23.193;2016-10-06 21:34:06.378288;;;;
2460;2010.01.1.164033-7;TJDFT;37;;10;62;739;f;0;;;777-003.397/2014;1070;;2014-03-06 14:11:32.757;2016-10-06 21:34:06.386936;;;;
2461;2013.00.2.026998-5;TJDFT;37;;10;62;739;f;0;;;777-003.398/2014;1070;;2014-03-06 14:12:53.63;2016-10-06 21:34:06.396164;;;;
2462;2013.00.2.026139-3;TJDFT;37;;14;62;1006;f;0;;;777-003.399/2014;1070;;2014-03-06 14:14:52.8;2016-10-06 21:34:06.405244;;;;
2464;2012.01.1.081642-8;TJDFT;14;;4;62;1006;f;0;;;777-003.401/2014;1070;;2014-03-06 14:18:00.343;2016-10-06 21:34:06.422589;;;;
2465;1999.01.1.037550-8;TJDFT;37;;8;62;805;f;0;;;777-003.403/2014;1070;;2014-03-06 14:20:23.077;2016-10-06 21:34:06.431141;;;;
2466;2011.01.1.025368-9;TJDFT;6;;9;62;805;f;0;;;777-003.404/2014;1070;;2014-03-06 14:21:46.263;2016-10-06 21:34:06.440211;;;;
2467;2013.00.2.025331-6;TJDFT;37;;13;62;805;f;0;;;777-003.405/2014;1070;;2014-03-06 14:23:08.887;2016-10-06 21:34:06.448679;;;;
2434;78/2014;DPDF;37;;16;3;514;f;0;;;777-003.280/2014;514;1;2014-02-27 20:49:56.317;2018-09-28 11:40:21.701014;;;;
2468;2013.01.1.058207-0;TJDFT;37;;7;14;805;f;0;;;777-003.406/2014;1070;3;2014-03-06 14:24:34.34;2016-10-06 21:34:06.457174;;;;
2470;2011.01.1.198861-4;TJDFT;37;;14;62;805;f;0;;;777-003.414/2014;1070;;2014-03-06 15:29:15.01;2016-10-06 21:34:06.474537;;;;
2472;2014.12.1.000520-4;TJDFT;37;;17;62;1006;f;0;;;777-003.418/2014;1070;;2014-03-06 15:58:52.24;2016-10-06 21:34:06.490685;;;;
2473;392.039.532/2013;CODHAB/DF;37;;16;1;521;f;0;;;777-003.435/2014;514;;2014-03-06 18:55:54.2;2016-10-06 21:34:06.498959;;;;
2474;392.002.981/2013;CODHAB/DF;37;;16;1;521;f;0;;;777-003.436/2014;514;;2014-03-06 18:57:18.577;2016-10-06 21:34:06.507881;;;;
2475;2008.01.1.139441-6;TJDFT;37;;9;62;1006;f;0;;;777-003.469/2014;1070;;2014-03-07 15:53:26.207;2016-10-06 21:34:06.516235;;;;
2476;2011.01.1.215685-2;TJDFT;1;;3;62;1006;f;0;;;777-003.470/2014;1070;;2014-03-07 15:54:33.257;2016-10-06 21:34:06.524491;;;;
2477;2005.01.1.079771-8;TJDFT;6;;9;62;1006;f;0;;;777-003.471/2014;1070;;2014-03-07 15:55:48.193;2016-10-06 21:34:06.532927;;;;
2478;111.000.452/1998;CODHAB/DF;37;;16;1;521;f;0;;;777-003.478/2014;514;;2014-03-07 17:58:11.537;2016-10-06 21:34:06.541524;;;;
2479;392.007.565/2014;CODHAB/DF;37;;16;1;521;f;0;;;777-003.488/2014;514;;2014-03-07 19:53:43.087;2016-10-06 21:34:06.549512;;;;
2480;2009.01.1.152506-4;TJDFT;1;;4;62;1006;f;0;;;777-003.497/2014;1070;;2014-03-10 12:48:36.197;2016-10-06 21:34:06.558125;;;;
2481;2009.01.1.152506-4;TJDFT;1;;4;62;1006;f;0;;;777-003.498/2014;1070;;2014-03-10 12:48:39.057;2016-10-06 21:34:06.566813;;;;
2482;2009.01.1.152506-4;TJDFT;1;;4;62;1006;f;0;;;777-003.499/2014;1070;;2014-03-10 12:48:39.633;2016-10-06 21:34:06.575772;;;;
2483;392.006.679/2012;CODHAB/DF;37;;16;1;521;f;0;;;777-003.501/2014;514;;2014-03-10 12:54:49.483;2016-10-06 21:34:06.584174;;;;
2484;0;DIMOB;37;;1;34;1375;t;0;;;392-009.993/2014;1375;2;2015-10-20 20:25:39.427;2016-10-06 21:34:06.59231;;;;
2485;392.030.847/2013;CODHAB/DF;37;;16;1;521;f;0;;;777-003.547/2014;514;;2014-03-10 20:27:33.487;2016-10-06 21:34:06.601394;;;;
2486;440.000.017/2014;CODHAB/DF;37;;16;4;521;f;0;;;777-003.550/2014;514;;2014-03-10 21:01:47.647;2016-10-06 21:34:06.609702;;;;
2487;2014.01.1.012373-7;TJDFT;37;;8;14;739;f;0;;;777-003.569/2014;1070;3;2014-03-11 13:52:37.08;2016-10-06 21:34:06.618069;;;;
2488;2004.01.1.119129-8;TJDFT;6;;4;62;739;f;0;;;777-003.570/2014;1070;;2014-03-11 13:54:11.893;2016-10-06 21:34:06.62626;;;;
2489;2013.01.1.111566-9;TJDFT;37;;12;62;739;f;0;;;777-003.571/2014;1070;;2014-03-11 13:55:26.597;2016-10-06 21:34:06.635065;;;;
2490;2013.01.1.114823-7;TJDFT;1;;3;62;805;f;0;;;777-003.572/2014;1070;;2014-03-11 13:56:49.08;2016-10-06 21:34:06.643541;;;;
2491;2012.01.1.197543-5;TJDFT;37;;8;14;739;f;0;;;777-003.574/2014;1070;3;2014-03-11 14:03:34.94;2016-10-06 21:34:06.651721;;;;
2492;2012.01.1.197543-5;TJDFT;37;;8;14;805;f;0;;;777-003.575/2014;1070;3;2014-03-11 14:05:00.113;2016-10-06 21:34:06.660684;;;;
2493;2012.01.1.197543-5;TJDFT;37;;8;14;805;f;0;;;777-003.577/2014;1070;3;2014-03-11 14:07:22.69;2016-10-06 21:34:06.66917;;;;
2494;2011.01.1.038965-8;TJDFT;1;;3;62;1006;f;0;;;777-003.578/2014;1070;;2014-03-11 14:10:05.91;2016-10-06 21:34:06.677447;;;;
2495;2014.01.1.023418-6;TJDFT;37;;5;14;805;f;0;;;777-003.618/2014;1070;3;2014-03-12 12:47:39.793;2016-10-06 21:34:06.685923;;;;
2497;2014.01.005689-4;TJDFT;37;;8;14;1006;f;0;;;777-003.621/2014;1070;3;2014-03-12 12:58:44.393;2016-10-06 21:34:06.702771;;;;
2500;392.010.398/2014;CODHAB/DF;37;;16;1;521;f;0;;;777-003.724/2014;514;;2014-03-12 17:55:08.417;2016-10-06 21:34:06.727811;;;;
5841;0703356-43.2017.8.07.0018;TJDFT;3;1000.0;2;;;t;1;;;;514;;2017-04-20 11:51:08.487889;2017-04-20 11:51:28.228402;f;;;
2469;2012.01.1.193445-3;TJDFT;1;100000.0;2;62;739;f;0;;;777-003.413/2014;1070;;2014-03-06 15:28:13.637;2018-06-18 15:59:51.260392;;;;
2496;2013.01.1.172169-4;TJDFT;37;80000.0;4;14;739;f;0;;;777-003.620/2014;1070;3;2014-03-12 12:54:25.407;2018-06-18 16:03:14.528436;;;;
2499;2013.01.1.067931-2;TJDFT;12;622.0;4;14;739;t;0;;;777-003.623/2014;1070;3;2014-03-12 13:02:00.85;2018-09-28 11:39:45.79352;;;;
2501;777.002.840/2014;CODHAB/DF;37;;16;26;521;f;0;;;777-003.734/2014;514;;2014-03-12 20:19:39.4;2016-10-06 21:34:06.735835;;;;
2502;392.010.909/2010;CODHAB/DF;37;;16;1;805;f;0;;;777-003.735/2014;514;;2014-03-12 20:47:01.163;2016-10-06 21:34:06.744418;;;;
2503;392.036.556/2013;CODHAB/DF;37;;16;1;521;f;0;;;777-003.743/2014;514;;2014-03-13 12:41:01.48;2016-10-06 21:34:06.753071;;;;
2504;300.000.102/2014;CODHAB/DF;37;;16;4;521;f;0;;;777-003.746/2014;514;;2014-03-13 13:01:40.68;2016-10-06 21:34:06.761331;;;;
2505;392.048.027/2013;CODHAB/DF;37;;16;1;521;f;0;;;777-003.748/2014;514;;2014-03-13 13:05:30.213;2016-10-06 21:34:06.769122;;;;
2506;2011.01.1.038965-8;TJDFT;1;;3;62;739;f;0;;;777-003.749/2014;1070;;2014-03-13 13:06:46.047;2016-10-06 21:34:06.778075;;;;
2507;2013.01.1.111566-9;TJDFT;37;;12;62;739;f;0;;;777-003.750/2014;1070;;2014-03-13 13:08:08.78;2016-10-06 21:34:06.786791;;;;
2509;2004.01.1.119129-8;TJDFT;6;;4;62;739;f;0;;;777-003.753/2014;1070;;2014-03-13 13:11:21.513;2016-10-06 21:34:06.80376;;;;
2510;777-000.484/2014;TJDFT;37;;17;14;1006;f;0;;;777-003.756/2014;1070;3;2014-03-13 13:13:50.043;2016-10-06 21:34:06.811773;;;;
2511;2013.01.1.114423-7;TJDFT;1;;3;62;805;f;0;;;777-003.757/2014;1070;;2014-03-13 13:15:25.763;2016-10-06 21:34:06.820276;;;;
2512;2013.01.1.122263-6;TJDFT;14;;3;62;805;f;0;;;777-003.758/2014;1070;;2014-03-13 13:16:39.763;2016-10-06 21:34:06.82893;;;;
2513;2012.01.1.190785-2;TJDFT;16;;4;62;805;f;0;;;777-003.759/2014;1070;;2014-03-13 13:18:37.573;2016-10-06 21:34:06.836778;;;;
2514;390.009.173/2008;CODHAB/DF;37;;16;1;521;f;0;;;777-003.789/2014;514;;2014-03-13 18:06:10.85;2016-10-06 21:34:06.845045;;;;
2515;2013.01.1.140889-9;TJDFT;1;;8;62;739;f;0;;;777-003.828/2014;1070;;2014-03-14 15:07:28.34;2016-10-06 21:34:06.854236;;;;
2516;2013.01.1.133814-6;TJDFT;1;;1;62;739;f;0;;;777-003.829/2014;1070;;2014-03-14 15:08:24.7;2016-10-06 21:34:06.862698;;;;
2517;2013.01.1.049448-9;TJDFT;1;;4;62;739;f;0;;;777-003.830/2014;1070;;2014-03-14 15:09:28.623;2016-10-06 21:34:06.871344;;;;
2518;2013.01.1.083329-2;TJDFT;1;;6;62;739;f;0;;;777-003.831/2014;1070;;2014-03-14 15:10:26.123;2016-10-06 21:34:06.879738;;;;
2519;2013.01.1.140889-9;TJDFT;1;;8;62;739;f;0;;;777-003.832/2014;1070;;2014-03-14 15:11:30.187;2016-10-06 21:34:06.888377;;;;
2520;2011.01.1.046186-7;TJDFT;37;;13;62;739;f;0;;;777-003.833/2014;1070;;2014-03-14 15:12:39.533;2016-10-06 21:34:06.89644;;;;
2521;2013.01.1.048687-9;TJDFT;13;;5;62;739;f;0;;;777-003.834/2014;1070;;2014-03-14 15:13:53.067;2016-10-06 21:34:06.904417;;;;
2522;2013.01.1.013401-9;TJDFT;1;;6;62;739;f;0;;;777-003.835/2014;1070;;2014-03-14 15:17:13.973;2016-10-06 21:34:06.913007;;;;
2524;0000327-11 2014 5 10 0014;Tribunal Regional do Trabalho ;37;;17;62;1006;f;0;;;777-003.837/2014;1070;;2014-03-14 15:21:44.79;2016-10-06 21:34:06.930723;;;;
2525;2013.01.1.058179-2;TJDFT;1;;2;62;1006;f;0;;;777-003.838/2014;1070;;2014-03-14 15:22:48.087;2016-10-06 21:34:06.939053;;;;
2526;3743/91;TJDFT;13;;3;62;1006;f;0;;;777-003.839/2014;1070;;2014-03-14 15:24:12.59;2016-10-06 21:34:06.947944;;;;
2527;2011.01.1.211842-8;TJDFT;15;;7;62;1006;f;0;;;777-003.840/2014;1070;;2014-03-14 15:25:24.06;2016-10-06 21:34:06.956302;;;;
2528;2011.01.1.046186-7;TJDFT;37;;13;62;1006;f;0;;;777-003.841/2014;1070;;2014-03-14 15:26:40.497;2016-10-06 21:34:06.964896;;;;
2529;2013.01.1.165367-9;TJDFT;1;;6;62;1006;f;0;;;777-003.842/2014;1070;;2014-03-14 15:27:47.857;2016-10-06 21:34:06.973479;;;;
2532;2013.01.1.162349-0;TJDFT;1;;3;62;805;f;0;;;777-003.845/2014;1070;;2014-03-14 15:33:01.91;2016-10-06 21:34:06.997626;;;;
2533;2010.01.1.015984-3;TJDFT;37;;3;62;805;f;0;;;777-003.846/2014;1070;;2014-03-14 15:34:46.397;2016-10-06 21:34:07.006156;;;;
2534;1999.01.1.059303-3;TJDFT;37;;3;62;805;f;0;;;777-003.848/2014;1070;;2014-03-14 15:35:47.037;2016-10-06 21:34:07.014213;;;;
2508;777-000.492/2014;TJDFT;12;;9;14;739;f;0;;;777-003.751/2014;1070;3;2014-03-13 13:09:21.047;2018-09-28 11:38:41.174478;;;;
2530;2009.34.00.030472-1;TJDFT;37;8300.0;17;62;1006;t;0;;;777-003.843/2014;1070;;2014-03-14 15:29:38.64;2018-08-23 17:45:28.06969;;;;
2523;2013.01.1.013222-2;TJDFT;1;100000.0;4;62;739;f;0;;;777-003.836/2014;1070;;2014-03-14 15:18:53.553;2018-06-18 16:07:17.175653;;;;
2535;2013.01.1.015985-4;TJDFT;1;;5;62;805;f;0;;;777-003.849/2014;1070;;2014-03-14 15:37:04.647;2016-10-06 21:34:07.022445;;;;
2536;2012.01.1.194699-9;TJDFT;16;;7;62;805;f;0;;;777-003.850/2014;1070;;2014-03-14 15:38:26.617;2016-10-06 21:34:07.031184;;;;
2537;2012.01.1.176819-6;TJDFT;1;;8;62;805;f;0;;;777-003.851/2014;1070;;2014-03-14 15:40:16.837;2016-10-06 21:34:07.040034;;;;
2538;2011.01.1.099051-6;TJDFT;37;;6;62;805;f;0;;;777-003.852/2014;1070;;2014-03-14 15:41:14.65;2016-10-06 21:34:07.048271;;;;
2539;2013.13.1.004291-9;TJDFT;21;;17;62;805;f;0;;;777-003.853/2014;1070;;2014-03-14 15:46:45.997;2016-10-06 21:34:07.056338;;;;
2540;2014.00.2.005404-6;TJDFT;37;;10;62;805;f;0;;;777-003.854/2014;1070;;2014-03-14 15:50:34.457;2016-10-06 21:34:07.065092;;;;
2541;1999.01.1.059309-9;TJDFT;37;;3;62;805;f;0;;;777-003.856/2014;1070;;2014-03-14 15:53:11.737;2016-10-06 21:34:07.073406;;;;
2542;2013.01.1.081802-0;TJDFT;1;;6;62;805;f;0;;;777-003.857/2014;1070;;2014-03-14 15:54:41.1;2016-10-06 21:34:07.081437;;;;
2543;392.007.563/2014;CODHAB/DF;37;;16;1;521;f;0;;;777-003.862/2014;514;;2014-03-14 16:55:38.493;2016-10-06 21:34:07.089391;;;;
2544;300.000.101/2014;CODHAB/DF;37;;16;4;521;f;0;;;777-003.875/2014;514;;2014-03-14 20:24:11.32;2016-10-06 21:34:07.09822;;;;
2545;248/2014;DPDF;37;;16;3;514;f;0;;;777-003.878/2014;514;1;2014-03-17 11:43:52.06;2016-10-06 21:34:07.104632;;;;
2546;231/2014;TJDFT;37;;16;3;514;f;0;;;777-003.879/2014;514;1;2014-03-17 11:45:45.047;2016-10-06 21:34:07.110441;;;;
2547;231/2014;TJDFT;37;;16;3;514;f;0;;;777-003.880/2014;514;1;2014-03-17 11:45:45.75;2016-10-06 21:34:07.115928;;;;
2548;242/2014;DPDF;37;;16;3;514;f;0;;;777-003.881/2014;514;1;2014-03-17 11:47:22.563;2016-10-06 21:34:07.12171;;;;
2549;97/2014;TJDFT;37;;16;3;514;f;0;;;777-003.882/2014;514;1;2014-03-17 11:48:43.657;2016-10-06 21:34:07.127962;;;;
2550;365/2014;SECOBRAS;37;;16;3;514;f;0;;;777-003.885/2014;514;1;2014-03-17 12:10:35.037;2016-10-06 21:34:07.13406;;;;
2551;282/2014;DPDF;37;;16;3;514;f;0;;;777-003.886/2014;514;1;2014-03-17 12:12:02.807;2016-10-06 21:34:07.140238;;;;
2552;119/2014 DECAP;DECAP;37;;16;3;514;f;0;;;777-003.887/2014;514;1;2014-03-17 12:14:13.23;2016-10-06 21:34:07.149251;;;;
2554;722/2014;PROFIS;37;;16;3;514;f;0;;;777-003.889/2014;514;1;2014-03-17 12:20:18.737;2016-10-06 21:34:07.161487;;;;
2555;Jun-14;DPDF;37;;16;3;514;f;0;;;777-003.890/2014;514;1;2014-03-17 12:25:27.537;2016-10-06 21:34:07.16714;;;;
2556;191/2014;TJDFT;37;;16;3;514;f;0;;;777-003.891/2014;514;1;2014-03-17 12:28:04.647;2016-10-06 21:34:07.173487;;;;
2557;140/2014;TERRACAP;37;;16;3;514;f;0;;;777-003.893/2014;514;1;2014-03-17 12:30:21.213;2016-10-06 21:34:07.179314;;;;
2558;081/2014;TJDFT;37;;16;3;514;f;0;;;777-003.894/2014;514;1;2014-03-17 12:32:20.167;2016-10-06 21:34:07.184894;;;;
2559;176/2014;TJDFT;37;;16;3;514;f;0;;;777-003.895/2014;514;1;2014-03-17 12:33:48.937;2016-10-06 21:34:07.191177;;;;
2560;180/2014;TJDFT;37;;16;3;514;f;0;;;777-003.896/2014;514;1;2014-03-17 12:35:45.39;2016-10-06 21:34:07.196892;;;;
2561;1019/2014;GAB/PROCAD;37;;16;3;514;f;0;;;777-003.897/2014;514;1;2014-03-17 12:37:22.737;2016-10-06 21:34:07.203138;;;;
2562;200/2014;PCDF;37;;16;3;514;f;0;;;777-003.898/2014;514;1;2014-03-17 12:38:52.33;2016-10-06 21:34:07.208927;;;;
2563;084/2014;TJDFT;37;;16;3;514;f;0;;;777-003.899/2014;514;1;2014-03-17 12:40:15.91;2016-10-06 21:34:07.214694;;;;
2564;084/2014;TJDFT;37;;16;3;514;f;0;;;777-003.900/2014;514;1;2014-03-17 12:40:16.567;2016-10-06 21:34:07.220874;;;;
2565;1358/2014;GAB/PROMAI;37;;16;3;514;f;0;;;777-003.901/2014;514;1;2014-03-17 12:41:41.457;2016-10-06 21:34:07.226572;;;;
2566;99/2014;DPDF;37;;16;3;514;f;0;;;777-003.902/2014;514;1;2014-03-17 12:43:11.99;2016-10-06 21:34:07.232162;;;;
2567;98/2014;TJDFT;37;;16;3;514;f;0;;;777-003.903/2014;514;1;2014-03-17 12:44:48.603;2016-10-06 21:34:07.238116;;;;
2568;014/2014;DPDF;37;;16;3;514;f;0;;;777-003.905/2014;514;1;2014-03-17 12:48:51.793;2016-10-06 21:34:07.243736;;;;
2569;085/2014;TJDFT;37;;16;3;514;f;0;;;777-003.906/2014;514;1;2014-03-17 12:54:11.283;2016-10-06 21:34:07.24956;;;;
2570;0;CODHAB;37;;1;32;521;f;0;;;392-011.049/2014;1375;2;2015-04-22 20:45:16.867;2016-10-06 21:34:07.258982;;;;
2571;141.000.774/2005;CODHAB/DF;37;;16;1;521;f;0;;;777-003.960/2014;514;;2014-03-18 12:19:31.79;2016-10-06 21:34:07.267292;;;;
2573;2010.01.1.175784-6;TJDFT;10;;3;62;1006;f;0;;;777-003.965/2014;1070;;2014-03-18 13:12:16.147;2016-10-06 21:34:07.285198;;;;
2574;2013.01.1.163110-8;TJDFT;1;;3;62;1006;f;0;;;777-003.966/2014;1070;;2014-03-18 13:13:56.1;2016-10-06 21:34:07.293473;;;;
2575;2011.01.1.038471-6;TJDFT;10;;7;62;1006;f;0;;;777-003.967/2014;1070;;2014-03-18 13:15:02.037;2016-10-06 21:34:07.301605;;;;
2576;0000327-11 2014 5 10 0014;Tribunal Regional do Trabalho ;37;;17;17;1006;f;0;;;777-003.968/2014;1070;;2014-03-18 13:17:26.197;2016-10-06 21:34:07.309575;;;;
2577;2009.01.1.134513-0;TJDFT;37;;1;62;739;f;0;;;777-003.969/2014;1070;;2014-03-18 13:20:51.65;2016-10-06 21:34:07.318343;;;;
2579;2013.01.1.066536-6;TJDFT;1;;5;62;739;f;0;;;777-003.971/2014;1070;;2014-03-18 13:23:00.277;2016-10-06 21:34:07.335179;;;;
2580;392.044.425/2013;CODHAB/DF;37;;16;1;521;f;0;;;777-004.002/2014;514;;2014-03-18 19:32:32.803;2016-10-06 21:34:07.343356;;;;
2581;392.003.975/2011;CODHAB/DF;37;;16;1;521;f;0;;;777-004.004/2014;514;;2014-03-18 19:58:50.907;2016-10-06 21:34:07.352137;;;;
2582;2013.01.1.177104-7;TJDFT;37;;6;62;1006;f;0;;;777-004.017/2014;1070;;2014-03-19 13:39:46.637;2016-10-06 21:34:07.360166;;;;
2583;2013.01.1.036690-9;TJDFT;1;;3;62;1006;f;0;;;777-004.019/2014;1070;;2014-03-19 13:41:08.81;2016-10-06 21:34:07.368302;;;;
2584;2000.01.1.065798-2;TJDFT;11;;4;62;1006;f;0;;;777-004.020/2014;1070;;2014-03-19 13:42:57.313;2016-10-06 21:34:07.3771;;;;
2585;2013.01.1.014571-3;TJDFT;1;;6;62;739;f;0;;;777-004.022/2014;1070;;2014-03-19 13:44:54.453;2016-10-06 21:34:07.385688;;;;
2586;2014.00.2.005404-6;TJDFT;37;;10;62;805;f;0;;;777-004.023/2014;1070;;2014-03-19 13:46:47.55;2016-10-06 21:34:07.393856;;;;
2587;2013.01.1.019800-2;TJDFT;37;;11;62;805;f;0;;;777-004.024/2014;1070;;2014-03-19 13:48:09.847;2016-10-06 21:34:07.402168;;;;
2588;2014.01.1.012698-7;TJDFT;37;;4;14;805;f;0;;;777-004.025/2014;1070;3;2014-03-19 13:49:23.737;2016-10-06 21:34:07.411182;;;;
2589;285/2014 DPDF;DPDF;37;;16;3;514;f;0;;;777-004.058/2014;514;1;2014-03-19 21:47:54.19;2016-10-06 21:34:07.417218;;;;
2590;123/2014;DPDF;37;;16;3;514;f;0;;;777-004.059/2014;514;1;2014-03-19 21:50:08.85;2016-10-06 21:34:07.422974;;;;
2591;91/2014;TJDFT;37;;16;3;514;f;0;;;777-004.060/2014;514;1;2014-03-19 21:52:37.873;2016-10-06 21:34:07.428878;;;;
2593;823/2014;PROFIS;37;;16;3;514;f;0;;;777-004.062/2014;514;1;2014-03-19 21:56:34.13;2016-10-06 21:34:07.44121;;;;
2594;1621/2014;GAB/PROMAI;37;;16;3;514;f;0;;;777-004.063/2014;514;1;2014-03-19 21:58:19.663;2016-10-06 21:34:07.446906;;;;
2595;65/2014;TJDFT;37;;16;3;514;f;0;;;777-004.064/2014;514;1;2014-03-19 21:59:29.413;2016-10-06 21:34:07.452488;;;;
2596;27/2014;TJDFT;37;;16;3;514;f;0;;;777-004.065/2014;514;1;2014-03-19 22:01:18.553;2016-10-06 21:34:07.458282;;;;
2597;20/2014DPDF;DPDF;37;;16;3;514;f;0;;;777-004.066/2014;514;1;2014-03-19 22:03:01.537;2016-10-06 21:34:07.463961;;;;
2598;1318/2014;GAB/PROMAI;37;;16;3;514;f;0;;;777-004.067/2014;514;1;2014-03-19 22:04:50.913;2016-10-06 21:34:07.470001;;;;
2599;67/2014;TJDFT;37;;16;3;514;f;0;;;777-004.068/2014;514;1;2014-03-19 22:06:44.303;2016-10-06 21:34:07.476034;;;;
2600;54/2014 DPDF;DPDF;37;;16;3;514;f;0;;;777-004.069/2014;514;1;2014-03-19 22:08:03.773;2016-10-06 21:34:07.481735;;;;
2601;146/2014;TJDFT;37;;16;3;514;f;0;;;777-004.070/2014;514;1;2014-03-19 22:09:12.087;2016-10-06 21:34:07.487297;;;;
2602;305.000.060/2014;CODHAB/DF;37;;16;4;521;f;0;;;777-004.084/2014;514;;2014-03-20 13:21:19.627;2016-10-06 21:34:07.496092;;;;
2603;392.003.679/2011;CODHAB/DF;37;;16;1;521;f;0;;;777-004.085/2014;514;;2014-03-20 13:22:10.847;2016-10-06 21:34:07.504562;;;;
2572;2014.01.1.031659-9;TJDFT;30;109148.54;3;62;805;t;0;;;777-003.964/2014;1070;;2014-03-18 13:10:36.02;2018-06-12 14:05:24.276759;;;;
2592;311/2014;MPDFT;37;;16;3;514;f;0;;;777-004.061/2014;514;1;2014-03-19 21:54:49.753;2018-09-28 12:02:26.440127;;;;
2604;392.010.398/2014;CODHAB/DF;37;;16;1;521;f;0;;;777-004.086/2014;514;;2014-03-20 13:23:01.783;2016-10-06 21:34:07.513183;;;;
2605;2013.01.1.102118-6;TJDFT;14;;5;62;805;f;0;;;777-004.093/2014;1070;;2014-03-20 14:54:35.543;2016-10-06 21:34:07.521067;;;;
2606;2014.00.2.005549-0;TJDFT;37;;10;62;805;f;0;;;777-004.094/2014;1070;;2014-03-20 14:55:59.45;2016-10-06 21:34:07.529114;;;;
2609;2014.01.1.030809-7;TJDFT;37;;3;14;739;f;0;;;777-004.097/2014;1070;3;2014-03-20 15:03:11.313;2016-10-06 21:34:07.553512;;;;
2610;2012.01.1.178358-6;TJDFT;1;;4;62;1006;f;0;;;777-004.098/2014;1070;;2014-03-20 15:04:49.567;2016-10-06 21:34:07.561826;;;;
2612;2012.01.1.169267-3;TJDFT;14;;3;62;1006;f;0;;;777-004.101/2014;1070;;2014-03-20 15:08:01.037;2016-10-06 21:34:07.579242;;;;
2613;2011.01.1.211842-8;TJDFT;37;;7;14;1006;f;0;;;777-004.102/2014;1070;3;2014-03-20 15:09:15.443;2016-10-06 21:34:07.587345;;;;
2614;2014/0049880-3;Superior Tribunal de Justi莽a;37;;16;62;805;f;0;;;777-004.133/2014;1070;;2014-03-21 12:18:59.91;2016-10-06 21:34:07.595932;;;;
2615;2012.01.1.169267-3;TJDFT;14;;3;62;739;f;0;;;777-004.134/2014;1070;;2014-03-21 12:20:10.363;2016-10-06 21:34:07.604456;;;;
2616;2012.01.1.148064-4;TJDFT;1;;3;62;739;f;0;;;777-004.135/2014;1070;;2014-03-21 12:21:07.317;2016-10-06 21:34:07.612551;;;;
2617;2011.01.1.038471-6;TJDFT;10;;7;62;739;f;0;;;777-004.136/2014;1070;;2014-03-21 12:22:32.257;2016-10-06 21:34:07.62038;;;;
2618;2014.01.1.025023-2;TJDFT;37;;8;14;739;f;0;;;777-004.138/2014;1070;3;2014-03-21 12:24:09.447;2016-10-06 21:34:07.629385;;;;
2619;0000091-04 2014 5 10 0000;Tribunal Regional do Trabalho ;37;;16;62;805;f;0;;;777-004.188/2014;1070;;2014-03-24 12:32:48.947;2016-10-06 21:34:07.637864;;;;
2620;0000091-04 2014 5 10 0000;Tribunal Regional do Trabalho ;37;;16;62;805;f;0;;;777-004.189/2014;1070;;2014-03-24 12:32:54.353;2016-10-06 21:34:07.645883;;;;
2623;2013.01.1.120644-4;TJDFT;1;;5;62;805;f;0;;;777-004.192/2014;1070;;2014-03-24 12:36:06.63;2016-10-06 21:34:07.67073;;;;
2625;2013.01.1.075168-3;TJDFT;1;;3;62;1006;f;0;;;777-004.194/2014;1070;;2014-03-24 12:38:42.567;2016-10-06 21:34:07.686679;;;;
2626;2012.01.1.143996-0;TJDFT;1;;1;62;805;f;0;;;777-004.195/2014;1070;;2014-03-24 12:39:50.143;2016-10-06 21:34:07.695636;;;;
2627;10776/93;TJDFT;9;;3;62;805;f;0;;;777-004.206/2014;1070;;2014-03-24 15:08:22.333;2016-10-06 21:34:07.703675;;;;
2628;2012.01.1.189607-0;TJDFT;16;;4;62;805;f;0;;;777-004.207/2014;1070;;2014-03-24 15:09:29.863;2016-10-06 21:34:07.711916;;;;
2629;2011.01.1.093116-9;TJDFT;14;;11;62;1006;f;0;;;777-004.208/2014;1070;;2014-03-24 15:10:44.44;2016-10-06 21:34:07.720664;;;;
2630;392.018.995/2012;CODHAB/DF;37;;16;1;521;f;0;;;777-004.254/2014;514;;2014-03-25 14:03:19.933;2016-10-06 21:34:07.729377;;;;
2631;777.001.550/2014;CODHAB/DF;37;;16;34;521;f;0;;;777-004.260/2014;514;;2014-03-25 14:42:30.6;2016-10-06 21:34:07.737494;;;;
2632;111.001.272/2008;CODHAB/DF;37;;16;1;521;f;0;;;777-004.261/2014;514;;2014-03-25 14:49:53.01;2016-10-06 21:34:07.745482;;;;
2633;10833/93;TJDFT;11;;1;62;739;f;0;;;777-004.262/2014;1070;;2014-03-25 14:50:49.387;2016-10-06 21:34:07.754338;;;;
2635;2013.01.1.091430-7;TJDFT;1;;7;62;1006;f;0;;;777-004.264/2014;1070;;2014-03-25 14:54:04.307;2016-10-06 21:34:07.770972;;;;
2636;2011.01.1.089759-3;TJDFT;37;;2;62;1006;f;0;;;777-004.265/2014;1070;;2014-03-25 14:55:35.433;2016-10-06 21:34:07.778986;;;;
5806;0702267-82.2017.8.07.0018;TJDFT;1;100000.0;7;;;t;1;;;;514;;2017-03-23 13:52:52.462363;2017-04-26 11:52:30.868434;f;;;
6098;0700055-54.2018.8.07.0018;TJDFT;3;172800.0;1;;;t;1;;;;514;;2018-01-18 16:18:00.404552;2018-01-18 16:18:00.404552;;;;
6182;0703205-43.2018.8.07.0018;TJDFT;1;90000.0;4;;;t;1;;;;514;;2018-04-16 18:09:33.870206;2018-04-16 18:09:33.870206;;;;
6255;0703755-38.2018.8.07.0018;TJDFT;2;100000.0;5;;;t;1;;;;514;;2018-07-20 13:23:45.083396;2018-07-20 13:23:45.083396;;;;
2608;2013.01.1.060560-9;TJDFT;1;677.0;4;62;739;f;0;;;777-004.096/2014;1070;;2014-03-20 15:01:45.783;2018-08-23 17:50:01.693671;;;;
2611;2012.01.1.106461-6;TJDFT;9;320000.0;5;62;1006;t;0;;;777-004.100/2014;1070;;2014-03-20 15:06:34.207;2018-08-23 17:51:41.200079;;;;
2621;2014.01.1.008358-3;TJDFT;37;50000.0;4;14;739;t;0;;;777-004.190/2014;1070;3;2014-03-24 12:34:12.24;2018-08-23 17:53:09.144355;;;;
2624;2013.01.1.177279-8;TJDFT;1;100000.0;5;62;1006;f;0;;;777-004.193/2014;1070;;2014-03-24 12:37:40.503;2018-08-23 17:54:09.696014;;;;
5965;2000.01.1.030124-9;TJDFT;4;4520.38;6;;;f;0;;;;514;;2017-08-25 17:41:34.235234;2018-08-27 19:11:11.335172;f;;;
494;0001191-11.2016.5.10.0004;4 VARA DO TRABALHO;32;35000.0;28;;;t;0;;;392-004.493/2017;1436;;2016-08-15 21:05:14.793;2018-12-03 15:45:19.177644;;;;
2637;2010.01.1.045181-9;TJDFT;1;;3;62;1006;f;0;;;777-004.267/2014;1070;;2014-03-25 14:56:31.81;2016-10-06 21:34:07.78762;;;;
2638;2013.01.1.036695-8;TJDFT;1;;3;62;805;f;0;;;777-004.268/2014;1070;;2014-03-25 14:57:53.577;2016-10-06 21:34:07.795896;;;;
2639;2011.01.1.038965-8;TJDFT;1;;3;62;805;f;0;;;777-004.269/2014;1070;;2014-03-25 14:58:41.497;2016-10-06 21:34:07.804014;;;;
2640;392.010.398/2014;CODHAB/DF;37;;16;1;521;f;0;;;777-004.306/2014;514;;2014-03-25 19:36:06.963;2016-10-06 21:34:07.812335;;;;
2641;305.000.063/2014;CODHAB/DF;37;;16;4;521;f;0;;;777-004.310/2014;514;;2014-03-25 21:02:37.133;2016-10-06 21:34:07.820583;;;;
2642;777.000.581/2014;CODHAB/DF;37;;16;34;521;f;0;;;777-004.372/2014;514;;2014-03-26 20:54:04.16;2016-10-06 21:34:07.829423;;;;
2643;2012.01.1.190935-0;TJDFT;16;;6;62;805;f;0;;;777-004.377/2014;1070;;2014-03-27 12:31:44.78;2016-10-06 21:34:07.838078;;;;
2644;2013.00.2.023133-3;TJDFT;37;;13;62;1006;f;0;;;777-004.378/2014;1070;;2014-03-27 12:32:57.623;2016-10-06 21:34:07.84703;;;;
2645;2012.01.1.189598-5;TJDFT;16;;6;62;1006;f;0;;;777-004.379/2014;1070;;2014-03-27 12:34:04.483;2016-10-06 21:34:07.855173;;;;
2646;2008.01.1.139441-6;TJDFT;37;;9;62;1006;f;0;;;777-004.381/2014;1070;;2014-03-27 12:35:13.62;2016-10-06 21:34:07.863297;;;;
2647;392.011.912/2014;CODHAB/DF;37;;16;1;521;f;0;;;777-004.393/2014;514;;2014-03-27 14:14:48.467;2016-10-06 21:34:07.871326;;;;
2648;2013.01.1.121655-8;TJDFT;37;;4;62;805;f;0;;;777-004.402/2014;1070;;2014-03-27 15:45:16.077;2016-10-06 21:34:07.880305;;;;
2649;2013.01.1.121656-6;TJDFT;37;;4;62;805;f;0;;;777-004.403/2014;1070;;2014-03-27 15:46:22.423;2016-10-06 21:34:07.888672;;;;
2650;2013.01.1.121655-8;TJDFT;37;;4;62;805;f;0;;;777-004.404/2014;1070;;2014-03-27 15:47:16.643;2016-10-06 21:34:07.896975;;;;
2651;2013.01.1.121656-6;TJDFT;37;;4;62;805;f;0;;;777-004.406/2014;1070;;2014-03-27 15:48:06.393;2016-10-06 21:34:07.905646;;;;
2652;2013.01.1.140170-0;TJDFT;1;;5;62;805;f;0;;;777-004.407/2014;1070;;2014-03-27 15:49:02.8;2016-10-06 21:34:07.914612;;;;
2654;2013.01.1.025373-2;TJDFT;1;;3;62;739;f;0;;;777-004.409/2014;1070;;2014-03-27 15:51:06.537;2016-10-06 21:34:07.932881;;;;
2655;2013.01.1.066536-6;TJDFT;1;;5;62;739;f;0;;;777-004.411/2014;1070;;2014-03-27 15:51:52.037;2016-10-06 21:34:07.942748;;;;
2656;2014.01.1.032300-3;TJDFT;37;;7;14;805;f;0;;;777-004.412/2014;1070;3;2014-03-27 15:53:24.38;2016-10-06 21:34:07.952001;;;;
2657;2010.01.1.175784-6;TJDFT;10;;3;62;1006;f;0;;;777-004.413/2014;1070;;2014-03-27 15:54:30.273;2016-10-06 21:34:07.960918;;;;
2659;2013.00.2.030642-3;TJDFT;37;;14;62;1006;f;0;;;777-004.415/2014;1070;;2014-03-27 15:56:04.57;2016-10-06 21:34:07.979699;;;;
2660;2014.01.1.029680-6;TJDFT;37;;2;14;739;f;0;;;777-004.416/2014;1070;3;2014-03-27 15:56:59.493;2016-10-06 21:34:07.987819;;;;
2661;2013.01.059713-3;TJDFT;37;;7;14;1006;f;0;;;777-004.417/2014;1070;3;2014-03-27 15:58:43.027;2016-10-06 21:34:07.996161;;;;
2663;392.012.270/2014;CODHAB/DF;37;;16;1;521;f;0;;;777-004.424/2014;514;;2014-03-27 17:05:49.833;2016-10-06 21:34:08.013522;;;;
2664;304.000.139/2014;CODHAB/DF;37;;16;4;805;f;0;;;777-004.425/2014;514;;2014-03-27 17:11:31.777;2016-10-06 21:34:08.021571;;;;
2665;392.036.556/2013;CODHAB/DF;37;;16;1;521;f;0;;;777-004.448/2014;514;;2014-03-27 20:11:26.35;2016-10-06 21:34:08.030137;;;;
2666;2014.01.1.034027-0;TJDFT;37;;8;14;739;f;0;;;777-004.453/2014;1070;3;2014-03-28 12:09:22.087;2016-10-06 21:34:08.038591;;;;
2668;304.000.144/2014;CODHAB/DF;37;;16;4;521;f;0;;;777-004.463/2014;514;;2014-03-28 13:38:16.617;2016-10-06 21:34:08.054705;;;;
2669;777.000.781/2014;CODHAB/DF;37;;16;34;521;f;0;;;777-004.506/2014;514;;2014-03-28 19:28:48.613;2016-10-06 21:34:08.063596;;;;
2670;392.003.675/2011;CODHAB/DF;37;;16;1;521;f;0;;;777-004.517/2014;514;;2014-03-31 12:23:17.947;2016-10-06 21:34:08.074838;;;;
2667;2013.13.1.001625-2;TJDFT;37;100000.0;17;14;739;t;0;;;777-004.454/2014;1070;3;2014-03-28 12:10:34.257;2018-08-23 17:58:32.770739;;;;
2653;2013.01.1.179223-6;TJDFT;37;50000.0;5;62;805;t;0;;;777-004.408/2014;1070;;2014-03-27 15:50:14.41;2018-08-23 17:55:24.580387;;;;
2672;2013.00.2.025331-6;TJDFT;37;;13;62;805;f;0;;;777-004.525/2014;1070;;2014-03-31 13:27:40.513;2016-10-06 21:34:08.091397;;;;
2673;2012.01.1.179298-6;TJDFT;37;;17;62;805;f;0;;;777-004.526/2014;1070;;2014-03-31 13:29:10.513;2016-10-06 21:34:08.100544;;;;
2674;2012.01.1.179298-6;TJDFT;37;;17;62;805;f;0;;;777-004.527/2014;1070;;2014-03-31 13:30:12.327;2016-10-06 21:34:08.108899;;;;
2676;2012.01.1.190504-3;TJDFT;16;;6;62;1006;f;0;;;777-004.529/2014;1070;;2014-03-31 13:33:17.19;2016-10-06 21:34:08.125523;;;;
2677;2014.01.1.029657-4;TJDFT;37;;2;14;1006;f;0;;;777-004.530/2014;1070;3;2014-03-31 13:34:41.003;2016-10-06 21:34:08.134014;;;;
2679;2013.01.1.103126-7;TJDFT;37;;4;62;1006;f;0;;;777-004.542/2014;1070;;2014-03-31 14:48:22.847;2016-10-06 21:34:08.150525;;;;
2680;2011.01.1.032255-3;TJDFT;1;;5;62;1006;f;0;;;777-004.543/2014;1070;;2014-03-31 14:49:14.553;2016-10-06 21:34:08.159391;;;;
2681;2011.01.1.206327-6;TJDFT;1;;4;62;739;f;0;;;777-004.545/2014;1070;;2014-03-31 14:50:33.443;2016-10-06 21:34:08.167729;;;;
2682;163/2014;DECAP;37;;16;3;514;f;0;;;777-004.561/2014;514;1;2014-03-31 17:32:31.14;2016-10-06 21:34:08.17347;;;;
2683;367/2014;DPDF;37;;16;3;514;f;0;;;777-004.563/2014;514;1;2014-03-31 17:41:57.857;2016-10-06 21:34:08.179151;;;;
2685;1017/2014;PROFIS;37;;16;3;514;f;0;;;777-004.567/2014;514;1;2014-03-31 17:54:58.96;2016-10-06 21:34:08.191259;;;;
2686;151/2014;TJDFT;37;;16;3;514;f;0;;;777-004.569/2014;514;1;2014-03-31 17:56:53.147;2016-10-06 21:34:08.197148;;;;
2688;379/2014;DPDF;37;;16;3;514;f;0;;;777-004.572/2014;514;1;2014-03-31 18:00:53.427;2016-10-06 21:34:08.211022;;;;
2689;224/2014;TJDFT;37;;16;3;514;f;0;;;777-004.573/2014;514;1;2014-03-31 18:02:35.643;2016-10-06 21:34:08.217007;;;;
2690;016/2014;TJDFT;37;;16;3;514;f;0;;;777-004.574/2014;514;1;2014-03-31 18:04:14.033;2016-10-06 21:34:08.223156;;;;
2691;146/2014 DPDF;DPDF;37;;16;3;514;f;0;;;777-004.576/2014;514;1;2014-03-31 18:05:36.283;2016-10-06 21:34:08.229045;;;;
2692;069/2014;DPDF;37;;16;3;514;f;0;;;777-004.577/2014;514;1;2014-03-31 18:07:05.187;2016-10-06 21:34:08.234731;;;;
2693;371/2014;DPDF;37;;16;3;514;f;0;;;777-004.580/2014;514;1;2014-03-31 18:11:44.593;2016-10-06 21:34:08.240536;;;;
2694;583/2014;MPDFT;37;;16;3;514;f;0;;;777-004.581/2014;514;1;2014-03-31 18:13:06.78;2016-10-06 21:34:08.246673;;;;
2695;1832/2014;GAB/PROMAI;37;;16;3;514;f;0;;;777-004.582/2014;514;1;2014-03-31 18:17:00.903;2016-10-06 21:34:08.254223;;;;
2696;105/2014;TJDFT;37;;16;3;514;f;0;;;777-004.583/2014;514;1;2014-03-31 18:18:27.623;2016-10-06 21:34:08.259966;;;;
2697;1912/2014;GAB/PROMAI;37;;16;3;514;f;0;;;777-004.585/2014;514;1;2014-03-31 18:20:24.607;2016-10-06 21:34:08.265573;;;;
2698;022/2014;DPDF;37;;16;3;514;f;0;;;777-004.586/2014;514;1;2014-03-31 18:21:30.183;2016-10-06 21:34:08.271523;;;;
2699;132/2014;DPDF;37;;16;3;514;f;0;;;777-004.589/2014;514;1;2014-03-31 18:22:49.167;2016-10-06 21:34:08.27711;;;;
2700;1955/2014;GAB/PROMAI;37;;16;3;514;f;0;;;777-004.590/2014;514;1;2014-03-31 18:24:01.48;2016-10-06 21:34:08.283396;;;;
2701;217/2014;DPDF;37;;16;3;514;f;0;;;777-004.592/2014;514;1;2014-03-31 18:27:17.477;2016-10-06 21:34:08.290423;;;;
2702;S/N/2014 DPDF;DPDF;37;;16;3;514;f;0;;;777-004.593/2014;514;1;2014-03-31 18:28:57.93;2016-10-06 21:34:08.296562;;;;
2703;24/2014;DPDF;37;;16;3;514;f;0;;;777-004.594/2014;514;1;2014-03-31 18:30:20.587;2016-10-06 21:34:08.302846;;;;
2704;126/2014;TJDFT;37;;16;3;514;f;0;;;777-004.596/2014;514;1;2014-03-31 18:31:29.133;2016-10-06 21:34:08.308928;;;;
2705;08/2014 DPDF;DPDF;37;;16;3;514;f;0;;;777-004.597/2014;514;1;2014-03-31 18:33:03.943;2016-10-06 21:34:08.315076;;;;
5844;0701535-56.2017.8.07.0018;TJDFT;1;100.0;5;;;t;1;;;;514;;2017-04-27 20:21:39.835045;2017-04-27 20:21:39.835045;f;;;
2671;2012.01.1.61837-7;TJDFT;37;100.0;11;62;739;t;0;;;777-004.524/2014;1070;;2014-03-31 13:26:26.51;2018-08-23 17:59:13.618614;;;;
2678;2013.01.1.178294-2;TJDFT;37;100.0;4;62;805;t;0;;;777-004.541/2014;1070;;2014-03-31 14:47:06.503;2018-08-23 18:01:32.677504;;;;
2687;777.003.936/2014;DOC/EXTERNO;37;;16;26;812;f;0;;;777-004.571/2014;514;;2014-03-31 17:59:18.473;2018-09-28 11:58:24.36361;;;;
2684;2207/2014;GAB/PROMAI;37;;16;3;514;f;0;;;777-004.564/2014;514;1;2014-03-31 17:43:56.793;2018-09-28 12:02:56.97234;;;;
2706;044/2014;DPDF;37;;16;3;514;f;0;;;777-004.598/2014;514;1;2014-03-31 18:35:42.13;2016-10-06 21:34:08.32092;;;;
2707;111/2014;DPDF;37;;16;3;514;f;0;;;777-004.600/2014;514;1;2014-03-31 18:38:41.473;2016-10-06 21:34:08.326735;;;;
2708;095/2014 TJDFT;TJDFT;37;;16;3;514;f;0;;;777-004.601/2014;514;1;2014-03-31 18:40:36.723;2016-10-06 21:34:08.332366;;;;
2709;027/2014;DPDF;37;;16;3;514;f;0;;;777-004.602/2014;514;1;2014-03-31 18:41:49.253;2016-10-06 21:34:08.338103;;;;
2710;150/2014;TJDFT;37;;16;3;514;f;0;;;777-004.603/2014;514;1;2014-03-31 18:43:15.66;2016-10-06 21:34:08.344573;;;;
2711;150/2014;TJDFT;37;;16;3;514;f;0;;;777-004.604/2014;514;1;2014-03-31 18:43:16.363;2016-10-06 21:34:08.351;;;;
2712;154/2014 TJDFT;TJDFT;37;;16;3;514;f;0;;;777-004.606/2014;514;1;2014-03-31 18:44:24.407;2016-10-06 21:34:08.356688;;;;
2713;141/2014;DPDF;37;;16;3;514;f;0;;;777-004.608/2014;514;1;2014-03-31 18:46:12.547;2016-10-06 21:34:08.362255;;;;
2714;145/2014;DPDF;37;;16;3;514;f;0;;;777-004.609/2014;514;1;2014-03-31 18:47:27.517;2016-10-06 21:34:08.36786;;;;
2715;92/2014;DPDF;37;;16;3;514;f;0;;;777-004.615/2014;514;1;2014-03-31 19:10:51.96;2016-10-06 21:34:08.374321;;;;
2716;173/2014;TJDFT;37;;16;3;514;f;0;;;777-004.616/2014;514;1;2014-03-31 19:12:09.303;2016-10-06 21:34:08.380133;;;;
2717;320/2014;DPDF;37;;16;3;514;f;0;;;777-004.617/2014;514;1;2014-03-31 19:13:21.773;2016-10-06 21:34:08.386039;;;;
2718;375/2014;DPDF;37;;16;3;514;f;0;;;777-004.618/2014;514;1;2014-03-31 19:14:34.977;2016-10-06 21:34:08.391803;;;;
2719;392.030.874/2013;CODHAB/DF;37;;16;1;521;f;0;;;777-004.632/2014;514;;2014-04-01 13:19:24.907;2016-10-06 21:34:08.401374;;;;
2720;392.012.466/2014;CODHAB/DF;37;;16;1;521;f;0;;;777-004.633/2014;514;;2014-04-01 13:20:12.347;2016-10-06 21:34:08.410065;;;;
2721;390/2014;DPDF;37;;16;3;514;f;0;;;777-004.665/2014;514;1;2014-04-01 18:23:30.093;2016-10-06 21:34:08.41587;;;;
2722;110.000.061/2014;CODHAB/DF;37;;16;4;521;f;0;;;777-004.679/2014;514;;2014-04-01 20:14:09.377;2016-10-06 21:34:08.424232;;;;
2723;2012.01.1.146628-0;TJDFT;13;;9;62;1006;f;0;;;777-004.689/2014;1070;;2014-04-02 12:33:26.237;2016-10-06 21:34:08.43236;;;;
2724;2013.01.1.102645-6;TJDFT;36;;8;62;1006;f;0;;;777-004.690/2014;1070;;2014-04-02 12:34:23.147;2016-10-06 21:34:08.441404;;;;
2726;2013.01.1.171454-8;TJDFT;37;;17;62;1006;f;0;;;777-004.692/2014;1070;;2014-04-02 12:36:32.473;2016-10-06 21:34:08.457835;;;;
2727;2012.01.1.1.043723-5;TJDFT;37;;15;62;739;t;0;;;777-004.693/2014;1070;;2014-04-02 12:38:12.977;2016-10-06 21:34:08.465933;;;;
2728;2013.01.1.052993-6;TJDFT;10;;17;62;739;f;0;;;777-004.694/2014;1070;;2014-04-02 12:39:19.813;2016-10-06 21:34:08.474535;;;;
2729;2013.01.1.121245-9;TJDFT;3;;8;62;739;f;0;;;777-004.695/2014;1070;;2014-04-02 12:41:01.853;2016-10-06 21:34:08.482574;;;;
2731;2013.01.1.088276-8;TJDFT;22;;7;14;805;f;0;;;777-004.697/2014;1070;3;2014-04-02 12:57:27.677;2016-10-06 21:34:08.499094;;;;
2732;2013.01.1.021461-9;TJDFT;37;;5;62;805;f;0;;;777-004.698/2014;1070;;2014-04-02 12:59:29.347;2016-10-06 21:34:08.507596;;;;
2733;2012.01.1.189595-2;TJDFT;37;;3;14;1006;f;0;;;777-004.699/2014;1070;3;2014-04-02 13:00:55.283;2016-10-06 21:34:08.515761;;;;
2735;2012.01.1.031151-5;TJDFT;37;;7;14;739;f;0;;;777-004.701/2014;1070;3;2014-04-02 13:05:13.927;2016-10-06 21:34:08.53269;;;;
2736;2009.01.1.120877-2;TJDFT;30;;1;14;739;f;0;;;777-004.702/2014;1070;3;2014-04-02 13:06:08.287;2016-10-06 21:34:08.54114;;;;
2737;091/2014;TJDFT;37;;16;3;514;f;0;;;777-004.751/2014;514;1;2014-04-02 18:18:03.467;2016-10-06 21:34:08.54735;;;;
2774;102/2014;TJDFT;37;;16;3;514;f;0;;;777-004.956/2014;514;1;2014-04-07 19:32:47.15;2016-10-06 21:34:08.841733;;;;
2738;2013.01.1.075174-7;TJDFT;1;90000.0;7;14;1006;f;0;;;777-004.774/2014;1070;3;2014-04-03 12:32:44.913;2018-08-23 17:25:33.259376;;;;
2739;2013.13.1.003905-3;TJDFT;37;150000.0;17;14;739;f;0;;;777-004.775/2014;1070;3;2014-04-03 12:34:38.053;2018-08-23 17:26:06.006286;;;;
2730;2013.01.1.122342-0;TJDFT;37;35000.0;8;14;739;f;0;;;777-004.696/2014;1070;3;2014-04-02 12:42:43.87;2018-08-23 18:02:43.303466;;;;
2740;2013.01.1.187492-0;TJDFT;37;;1;14;805;f;0;;;777-004.777/2014;1070;3;2014-04-03 12:36:57.677;2016-10-06 21:34:08.572083;;;;
2741;2012.01.1.197449-8;TJDFT;9;;3;62;805;f;0;;;777-004.784/2014;1070;;2014-04-03 13:34:13.9;2016-10-06 21:34:08.580291;;;;
2742;2013.01.1.061330-7;TJDFT;1;;3;62;805;f;0;;;777-004.785/2014;1070;;2014-04-03 13:35:11.477;2016-10-06 21:34:08.588336;;;;
2743;2012.01.1.156138-8;TJDFT;1;;3;62;739;f;0;;;777-004.787/2014;1070;;2014-04-03 13:37:52.457;2016-10-06 21:34:08.596853;;;;
2744;2012.01.1.109874-2;TJDFT;37;;3;62;739;f;0;;;777-004.788/2014;1070;;2014-04-03 13:39:45.347;2016-10-06 21:34:08.604912;;;;
2745;2013.01.1.025253-7;TJDFT;1;;2;62;739;f;0;;;777-004.790/2014;1070;;2014-04-03 13:41:56.203;2016-10-06 21:34:08.613691;;;;
2746;2012.01.1.148064-4;TJDFT;1;;3;62;739;f;0;;;777-004.791/2014;1070;;2014-04-03 13:44:05.483;2016-10-06 21:34:08.622598;;;;
2747;1998.01.1.051603-6;TJDFT;4;;3;62;739;f;0;;;777-004.792/2014;1070;;2014-04-03 13:46:29.183;2016-10-06 21:34:08.631152;;;;
2748;2013.00.2.030642-3;TJDFT;37;;14;62;1006;f;0;;;777-004.793/2014;1070;;2014-04-03 13:49:55.897;2016-10-06 21:34:08.639463;;;;
2749;2011.01.1.211030-0;TJDFT;37;;11;62;1006;f;0;;;777-004.794/2014;1070;;2014-04-03 13:51:40.66;2016-10-06 21:34:08.647405;;;;
2750;2013.01.1.137485-4;TJDFT;37;;3;62;1006;f;0;;;777-004.823/2014;1070;;2014-04-04 12:45:41.237;2016-10-06 21:34:08.655703;;;;
2751;2011.01.1.082793-0;TJDFT;37;;3;62;1006;f;0;;;777-004.824/2014;1070;;2014-04-04 12:46:39.333;2016-10-06 21:34:08.664177;;;;
2752;2011.01.1.038965-8;TJDFT;1;;3;62;1006;f;0;;;777-004.825/2014;1070;;2014-04-04 12:49:34.427;2016-10-06 21:34:08.672343;;;;
2753;2011.01.1.038965-8;TJDFT;1;;3;62;1006;f;0;;;777-004.826/2014;1070;;2014-04-04 12:49:34.99;2016-10-06 21:34:08.680509;;;;
2754;2010.01.1.216840-0;TJDFT;12;;6;62;1006;f;0;;;777-004.829/2014;1070;;2014-04-04 12:50:56.49;2016-10-06 21:34:08.689443;;;;
2755;2012.01.1.146374-7;TJDFT;14;;2;62;739;f;0;;;777-004.830/2014;1070;;2014-04-04 12:52:47.787;2016-10-06 21:34:08.697707;;;;
2756;2012.01.1.126122-9;TJDFT;14;;2;62;739;f;0;;;777-004.831/2014;1070;;2014-04-04 12:54:00.133;2016-10-06 21:34:08.706115;;;;
2757;2012.01.1.197943-8;TJDFT;1;;3;62;739;f;0;;;777-004.832/2014;1070;;2014-04-04 12:55:27.417;2016-10-06 21:34:08.714064;;;;
2758;2012.01.1.086514-9;TJDFT;1;;6;62;739;f;0;;;777-004.833/2014;1070;;2014-04-04 12:58:28.213;2016-10-06 21:34:08.722604;;;;
2759;110.000.064/2014;CODHAB/DF;37;;16;4;521;f;0;;;777-004.841/2014;514;;2014-04-04 13:50:26.073;2016-10-06 21:34:08.730693;;;;
2760;392.039.532/2013;CODHAB/DF;37;;16;1;521;f;0;;;777-004.857/2014;514;;2014-04-04 17:41:53.63;2016-10-06 21:34:08.738286;;;;
2761;300.000.159/2014;CODHAB/DF;37;;16;4;521;f;0;;;777-004.886/2014;514;;2014-04-07 12:28:32.743;2016-10-06 21:34:08.746399;;;;
2762;2013.01.1.072576-3;TJDFT;1;;8;62;739;f;0;;;777-004.914/2014;1070;;2014-04-07 15:02:18.067;2016-10-06 21:34:08.755036;;;;
2764;2008.01.1.151726-3;TJDFT;10;;6;62;739;f;0;;;777-004.916/2014;1070;;2014-04-07 15:04:16.38;2016-10-06 21:34:08.771193;;;;
2765;2012.01.1.152492-0;DPDF;37;;6;62;805;f;0;;;777-004.917/2014;1070;;2014-04-07 15:05:33.927;2016-10-06 21:34:08.779757;;;;
2766;2013.01.1.182135-5;TJDFT;1;;1;62;1006;f;0;;;777-004.918/2014;1070;;2014-04-07 15:07:12.913;2016-10-06 21:34:08.788258;;;;
2767;2013.01.1.178602-9;TJDFT;10;;6;62;1006;f;0;;;777-004.919/2014;1070;;2014-04-07 15:08:53.647;2016-10-06 21:34:08.796125;;;;
2768;300.000.149/2014;CODHAB/DF;37;;16;4;521;f;0;;;777-004.945/2014;514;;2014-04-07 19:03:43.943;2016-10-06 21:34:08.803858;;;;
2769;1635/2014;PROCAD;35;;16;3;514;f;0;;;777-004.949/2014;514;1;2014-04-07 19:19:22.34;2016-10-06 21:34:08.809997;;;;
2770;492/2014;DPDF;37;;16;3;514;f;0;;;777-004.950/2014;514;1;2014-04-07 19:20:46.057;2016-10-06 21:34:08.816242;;;;
2771;218/2014;TJDFT;37;;16;3;514;f;0;;;777-004.951/2014;514;1;2014-04-07 19:24:25.667;2016-10-06 21:34:08.821926;;;;
2772;1657/2014;PROCAD;37;;16;3;514;f;0;;;777-004.952/2014;514;1;2014-04-07 19:26:57.323;2016-10-06 21:34:08.827614;;;;
2773;2208/2014;GAB/PROMAI;37;;16;3;514;f;0;;;777-004.955/2014;514;1;2014-04-07 19:29:51.103;2016-10-06 21:34:08.835687;;;;
2775;2401/2014;GAB/PROMAI;37;;16;3;514;f;0;;;777-004.958/2014;514;1;2014-04-07 19:35:42.54;2016-10-06 21:34:08.847923;;;;
2776;2401/2014;GAB/PROMAI;37;;16;3;514;f;0;;;777-004.959/2014;514;1;2014-04-07 19:35:43.04;2016-10-06 21:34:08.853772;;;;
2777;2402/2014;GAB/PROMAI;37;;16;3;514;f;0;;;777-004.960/2014;514;1;2014-04-07 19:42:05.54;2016-10-06 21:34:08.859341;;;;
2778;343/2014;TJDFT;37;;16;3;514;f;0;;;777-004.961/2014;514;1;2014-04-07 19:43:57.57;2016-10-06 21:34:08.864976;;;;
2779;479/2014;TJDFT;37;;16;3;514;f;0;;;777-004.962/2014;514;1;2014-04-07 19:47:51.333;2016-10-06 21:34:08.870576;;;;
2780;395/2014;DPDF;37;;16;3;514;f;0;;;777-004.963/2014;514;1;2014-04-07 19:49:13.35;2016-10-06 21:34:08.876824;;;;
2781;230/2014;TJDFT;37;;16;3;514;f;0;;;777-004.964/2014;514;1;2014-04-07 19:52:03.57;2016-10-06 21:34:08.882688;;;;
2782;72/2014 tjdft;TJDFT;37;;16;3;514;f;0;;;777-004.967/2014;514;1;2014-04-07 20:03:57.66;2016-10-06 21:34:08.888205;;;;
2783;222/2014 ;TJDFT;37;;16;3;514;f;0;;;777-004.968/2014;514;1;2014-04-07 20:11:31.113;2016-10-06 21:34:08.894162;;;;
2784;206/2014;TJDFT;37;;16;3;514;f;0;;;777-004.969/2014;514;1;2014-04-07 20:13:31.44;2016-10-06 21:34:08.90096;;;;
2785;150/2014 DPDF;DPDF;37;;16;3;514;f;0;;;777-004.970/2014;514;1;2014-04-07 20:19:28.613;2016-10-06 21:34:08.907337;;;;
2786;48/2014;DPDF;37;;16;3;514;f;0;;;777-004.972/2014;514;1;2014-04-07 20:27:10.05;2016-10-06 21:34:08.91322;;;;
2787;392.011.652/2014;CODHAB/DF;37;;16;1;521;f;0;;;777-004.983/2014;514;;2014-04-08 13:35:05.973;2016-10-06 21:34:08.921171;;;;
2788;2013.01.1.036710-8;TJDFT;1;;4;62;805;f;0;;;777-005.020/2014;1070;;2014-04-09 12:33:28.243;2016-10-06 21:34:08.929358;;;;
2789;2000.01.1.051372-7;TJDFT;37;;6;62;805;f;0;;;777-005.021/2014;1070;;2014-04-09 12:35:42.243;2016-10-06 21:34:08.938334;;;;
2790;2013.01.1.039223-4;TJDFT;1;;3;62;1006;f;0;;;777-005.022/2014;1070;;2014-04-09 12:37:51.027;2016-10-06 21:34:08.947096;;;;
2791;2013.01.115678-8;TJDFT;1;;3;62;1006;f;0;;;777-005.024/2014;1070;;2014-04-09 12:39:08.48;2016-10-06 21:34:08.955216;;;;
2792;2004.01.1.119129-8;TJDFT;37;;4;62;739;f;0;;;777-005.025/2014;1070;;2014-04-09 12:41:32.73;2016-10-06 21:34:08.963791;;;;
2793;2012.01.1.195991-8;TJDFT;1;;3;62;739;f;0;;;777-005.026/2014;1070;;2014-04-09 12:42:56.497;2016-10-06 21:34:08.972741;;;;
2794;2012.01.1.043723-5;TJDFT;37;;15;62;739;f;0;;;777-005.027/2014;1070;;2014-04-09 12:44:48.48;2016-10-06 21:34:08.981032;;;;
2795;2013.01.1.094840-9;TJDFT;1;;5;62;739;f;0;;;777-005.028/2014;1070;;2014-04-09 12:46:00.373;2016-10-06 21:34:08.989382;;;;
2796;2013.01.1.162312-9;TJDFT;37;;1;14;805;f;0;;;777-005.093/2014;1070;3;2014-04-10 12:10:18.597;2016-10-06 21:34:09.001968;;;;
2797;2014.01.1.010509-9;TJDFT;37;;1;14;1006;f;0;;;777-005.094/2014;1070;3;2014-04-10 12:11:47.097;2016-10-06 21:34:09.012832;;;;
2798;2013.01.1.096386-4;TJDFT;37;;4;14;739;f;0;;;777-005.095/2014;1070;3;2014-04-10 12:13:41.227;2016-10-06 21:34:09.021421;;;;
2799;550.000.067/2014;CODHAB/DF;37;;16;34;521;f;0;;;777-005.120/2014;514;;2014-04-10 14:58:12.32;2016-10-06 21:34:09.030792;;;;
2800;392.015.466/2012;CODHAB/DF;37;;16;1;521;f;0;;;777-005.121/2014;514;;2014-04-10 15:00:26.367;2016-10-06 21:34:09.039014;;;;
2801;392.000.092/2013;CODHAB/DF;37;;16;1;521;f;0;;;777-005.123/2014;514;;2014-04-10 15:01:15.493;2016-10-06 21:34:09.047176;;;;
2802;2012.01.1.099975-6;TJDFT;1;;4;62;805;f;0;;;777-005.126/2014;1070;;2014-04-10 15:24:00.907;2016-10-06 21:34:09.055457;;;;
2803;2012.01.197543-5;TJDFT;16;;8;62;805;f;0;;;777-005.127/2014;1070;;2014-04-10 15:24:57.11;2016-10-06 21:34:09.064375;;;;
2805;1999.01.1.034269-5;TJDFT;11;;6;62;805;f;0;;;777-005.129/2014;1070;;2014-04-10 15:27:49.22;2016-10-06 21:34:09.083873;;;;
2806;2012.01.1.198506-7;TJDFT;37;;2;62;805;f;0;;;777-005.130/2014;1070;;2014-04-10 15:28:39.423;2016-10-06 21:34:09.093336;;;;
2808;2013.01.1.036710-8;TJDFT;1;;4;62;805;f;0;;;777-005.133/2014;1070;;2014-04-10 15:30:17.033;2016-10-06 21:34:09.109834;;;;
2843;392.000.683/2014;CODHAB/DF;37;;16;1;521;f;0;;;777-005.356/2014;514;;2014-04-14 19:30:00.673;2016-10-06 21:34:09.412506;;;;
2809;2013.01.179743-4;TJDFT;35;;9;62;805;f;0;;;777-005.135/2014;1070;;2014-04-10 15:31:40.283;2016-10-06 21:34:09.117955;;;;
2810;2013.01.1.133503-3;TJDFT;1;;3;62;1006;f;0;;;777-005.136/2014;1070;;2014-04-10 15:33:46.8;2016-10-06 21:34:09.127019;;;;
2811;2012.01.1.190658-5;TJDFT;16;;2;62;1006;f;0;;;777-005.137/2014;1070;;2014-04-10 15:34:59.003;2016-10-06 21:34:09.135258;;;;
2812;2013.01.1.177181-8;TJDFT;1;;16;62;1006;f;0;;;777-005.138/2014;1070;;2014-04-10 15:35:54.707;2016-10-06 21:34:09.143704;;;;
2813;2014.01.1.007061-3;TJDFT;37;;4;62;1006;f;0;;;777-005.139/2014;1070;;2014-04-10 15:36:48.253;2016-10-06 21:34:09.152121;;;;
2814;2013.01.1.039223-4;TJDFT;1;;3;62;1006;f;0;;;777-005.140/2014;1070;;2014-04-10 15:37:49.317;2016-10-06 21:34:09.161148;;;;
2815;2013.01.1.115678-8;TJDFT;1;;3;62;1006;f;0;;;777-005.141/2014;1070;;2014-04-10 15:39:41.333;2016-10-06 21:34:09.169293;;;;
2816;2004.01.1.119129-8;TJDFT;6;;4;62;1006;f;0;;;777-005.142/2014;1070;;2014-04-10 15:40:56.317;2016-10-06 21:34:09.177694;;;;
2817;2013.01.1.052993-6;TJDFT;37;;16;62;1006;f;0;;;777-005.143/2014;1070;;2014-04-10 15:42:17.16;2016-10-06 21:34:09.186895;;;;
2818;2012.01.1.043723-5;TJDFT;37;;15;62;739;f;0;;;777-005.144/2014;1070;;2014-04-10 15:44:08.053;2016-10-06 21:34:09.196049;;;;
2819;2012.01.1.197543-5;TJDFT;16;;8;62;739;f;0;;;777-005.145/2014;1070;;2014-04-10 15:45:39.787;2016-10-06 21:34:09.204198;;;;
2820;2010.01.1.164033-7;TJDFT;37;;4;62;739;f;0;;;777-005.146/2014;1070;;2014-04-10 15:46:35.117;2016-10-06 21:34:09.212894;;;;
2822;2011.01.1.206390-0;TJDFT;1;;1;62;739;f;0;;;777-005.148/2014;1070;;2014-04-10 15:48:52.337;2016-10-06 21:34:09.230357;;;;
2823;2013.01.1.157084-0;TJDFT;1;;5;62;739;f;0;;;777-005.149/2014;1070;;2014-04-10 15:51:28.447;2016-10-06 21:34:09.238652;;;;
2826;392.011.049/2014;CODHAB/DF;37;;16;1;521;f;0;;;777-005.162/2014;514;;2014-04-10 17:09:56.267;2016-10-06 21:34:09.264755;;;;
2827;392.011.240/2014;CODHAB/DF;37;;16;1;521;f;0;;;777-005.165/2014;514;;2014-04-10 17:10:41.953;2016-10-06 21:34:09.272929;;;;
2828;392.030.304/2013;CODHAB/DF;37;;16;1;521;f;0;;;777-005.207/2014;514;;2014-04-11 13:28:52.02;2016-10-06 21:34:09.281858;;;;
2829;2013.00.2.031099-6;TJDFT;37;;13;62;739;f;0;;;777-005.231/2014;1070;;2014-04-11 15:35:00.353;2016-10-06 21:34:09.290259;;;;
2830;2012.01.1.138179-3;TJDFT;1;;1;62;739;f;0;;;777-005.232/2014;1070;;2014-04-11 15:36:06.15;2016-10-06 21:34:09.299296;;;;
2834;00001426-44.2013.5.10.0016;Tribunal Regional do Trabalho ;37;;17;62;1006;f;0;;;777-005.236/2014;1070;;2014-04-11 15:41:37.713;2016-10-06 21:34:09.33392;;;;
2835;0099500-24.2008.5.10.0012;Tribunal Regional do Trabalho ;37;;17;62;1006;f;0;;;777-005.237/2014;1070;;2014-04-11 15:42:49.37;2016-10-06 21:34:09.343512;;;;
2836;2013.01.1.124019-0;TJDFT;9;;8;62;1006;f;0;;;777-005.238/2014;1070;;2014-04-11 15:44:00.933;2016-10-06 21:34:09.351978;;;;
2837;2011.01.1.107350-3;TJDFT;14;;1;62;1006;f;0;;;777-005.239/2014;1070;;2014-04-11 15:45:05.123;2016-10-06 21:34:09.360556;;;;
2838;392.014.777/2014;CODHAB/DF;37;;16;1;521;f;0;;;777-005.284/2014;514;;2014-04-11 20:29:19.383;2016-10-06 21:34:09.368971;;;;
2840;2013.01.1.013817-5;TJDFT;9;;4;14;739;f;0;;;777-005.307/2014;831;3;2014-04-14 14:24:48.867;2016-10-06 21:34:09.386114;;;;
2841;2013.01.1.188373-5;TJDFT;9;;1;14;514;f;0;;;777-005.308/2014;831;3;2014-04-14 14:26:00.65;2016-10-06 21:34:09.394683;;;;
2842;2014.01.1019196-3;TJDF;3;;1;14;1006;f;0;;;777-005.309/2014;831;3;2014-04-14 14:29:11.26;2016-10-06 21:34:09.403785;;;;
2821;2013.01.1.051277-2;TJDFT;1;80000.0;8;62;739;f;0;;;777-005.147/2014;1070;;2014-04-10 15:47:38.617;2018-08-23 17:29:36.661542;;;;
2831;2013.01.1.001689-2;TJDFT;1;100000.0;4;62;739;f;0;;;777-005.233/2014;1070;;2014-04-11 15:37:39.15;2018-08-23 17:30:25.706484;;;;
2839;2014.01.1.048926-6;TJDFT;37;2120.99;16;14;739;f;0;;;777-005.305/2014;831;3;2014-04-14 14:21:18.1;2018-08-23 17:33:03.574535;;;;
2825;2013.01.094840-9;TJDFT;1;;5;62;739;f;0;;;777-005.151/2014;1070;;2014-04-10 15:55:27.027;2018-09-28 12:05:58.386985;;;;
2824;2012.01.195991-8;TJDFT;1;;3;62;739;f;0;;;777-005.150/2014;1070;;2014-04-10 15:53:36.337;2018-10-02 14:47:41.94214;;;;
2844;190.658-5;TJDFT;16;;2;14;805;f;0;;;777-005.373/2014;1070;3;2014-04-15 13:17:17.593;2016-10-06 21:34:09.420591;;;;
2845;2013.01.1.140889-9;TJDFT;37;;8;14;1006;f;0;;;777-005.374/2014;1070;3;2014-04-15 13:18:21.907;2016-10-06 21:34:09.42892;;;;
2846;2014.01.1.035722-6;TJDFT;37;;3;14;739;f;0;;;777-005.375/2014;1070;3;2014-04-15 13:19:48.203;2016-10-06 21:34:09.438355;;;;
2847;2014.01.1.006090-0;TJDFT;37;;3;62;1006;f;0;;;777-005.376/2014;1070;;2014-04-15 13:20:47.297;2016-10-06 21:34:09.446959;;;;
2848;2013.01.1.177264-4;TJDFT;1;;3;62;1006;f;0;;;777-005.377/2014;1070;;2014-04-15 13:21:39.533;2016-10-06 21:34:09.456124;;;;
2849;2005.01.1.061170-3;TJDFT;37;;17;62;1006;f;0;;;777-005.378/2014;1070;;2014-04-15 13:22:48.423;2016-10-06 21:34:09.46481;;;;
2850;2012.01.1.090618-6;TJDFT;37;;4;62;805;f;0;;;777-005.379/2014;1070;;2014-04-15 13:25:34.94;2016-10-06 21:34:09.473884;;;;
2851;2012.01.1.156131-4;TJDFT;1;;4;62;739;f;0;;;777-005.381/2014;1070;;2014-04-15 13:26:49.88;2016-10-06 21:34:09.48198;;;;
2852;392.036.556/2013;CODHAB/DF;37;;16;1;521;f;0;;;777-005.393/2014;514;;2014-04-15 14:56:20.627;2016-10-06 21:34:09.491095;;;;
2853;2013.01.1.151718-9;TJDFT;37;;17;14;739;f;0;;;777-005.404/2014;1070;3;2014-04-15 15:25:10.02;2016-10-06 21:34:09.50035;;;;
2854;2009.01.1.173260-9;TJDFT;13;;1;62;805;f;0;;;777-005.405/2014;1070;;2014-04-15 15:26:11.473;2016-10-06 21:34:09.509374;;;;
2856;2012.01.1.125571-2;TJDFT;37;;1;62;739;f;0;;;777-005.407/2014;1070;;2014-04-15 15:29:53.177;2016-10-06 21:34:09.527088;;;;
2857;2013.01.1.066571-9;TJDFT;37;;14;62;1006;f;0;;;777-005.409/2014;1070;;2014-04-15 15:31:49.053;2016-10-06 21:34:09.536382;;;;
2858;2013.01.1.096481-8;TJDFT;1;;2;62;1006;f;0;;;777-005.410/2014;1070;;2014-04-15 15:32:53.99;2016-10-06 21:34:09.54487;;;;
2859;2011.01.1.038965-8;TJDFT;1;;3;62;1006;f;0;;;777-005.411/2014;1070;;2014-04-15 15:33:44.32;2016-10-06 21:34:09.553916;;;;
2860;305.000.073/2014;CODHAB/DF;37;;16;4;521;f;0;;;777-005.574/2014;514;;2014-04-17 18:14:24.167;2016-10-06 21:34:09.562576;;;;
2861;2013.01.1.066571-9;TJDFT;37;;14;62;1006;f;0;;;777-005.601/2014;1070;;2014-04-22 14:54:59.903;2016-10-06 21:34:09.571777;;;;
2862;2009.01.1.173260-9;TJDFT;13;;1;62;1006;f;0;;;777-005.602/2014;1070;;2014-04-22 14:56:01.81;2016-10-06 21:34:09.580155;;;;
2863;2013.13.1.004817-2;TJDFT;13;;17;62;1006;f;0;;;777-005.603/2014;1070;;2014-04-22 14:58:01.403;2016-10-06 21:34:09.589257;;;;
2864;2013.01.1.154075-9;TJDFT;37;;17;62;1006;f;0;;;777-005.604/2014;1070;;2014-04-22 14:59:03.967;2016-10-06 21:34:09.598171;;;;
2866;2012.01.1.169267-3;TJDFT;14;;3;62;1006;f;0;;;777-005.607/2014;1070;;2014-04-22 15:02:14.19;2016-10-06 21:34:09.617745;;;;
2867;2011.01.1.038965-8;TJDFT;1;;3;62;1006;f;0;;;777-005.608/2014;1070;;2014-04-22 15:03:11.97;2016-10-06 21:34:09.626779;;;;
2868;2013.01.1.036698-2;TJDFT;1;;2;62;1006;f;0;;;777-005.609/2014;1070;;2014-04-22 15:04:10.91;2016-10-06 21:34:09.635855;;;;
2870;2008.01.1.117409-6;TJDFT;30;;17;62;739;f;0;;;777-005.611/2014;1070;;2014-04-22 15:08:46.757;2016-10-06 21:34:09.653733;;;;
2871;2013.01.1.068011-2;TJDFT;1;;4;62;739;f;0;;;777-005.612/2014;1070;;2014-04-22 15:10:15.21;2016-10-06 21:34:09.662353;;;;
2873;2012.01.1.136715-6;TJDFT;1;;3;62;739;f;0;;;777-005.614/2014;1070;;2014-04-22 15:12:11.743;2016-10-06 21:34:09.680168;;;;
2875;2010.01.1.011799-6;TJDFT;13;;2;62;739;f;0;;;777-005.616/2014;1070;;2014-04-22 15:14:49.463;2016-10-06 21:34:09.69755;;;;
2876;2012.01.1.125571-2;TJDFT;4;;1;62;739;f;0;;;777-005.618/2014;1070;;2014-04-22 15:16:02.73;2016-10-06 21:34:09.707022;;;;
2872;2013.01.1.084102-0;TJDFT;1;90000.0;3;62;739;f;0;;;777-005.613/2014;1070;;2014-04-22 15:11:23.853;2018-06-19 14:03:09.696384;;;;
2869;2012.05.007309-5;TJDFT;13;100.0;17;62;739;f;0;;;777-005.610/2014;1070;;2014-04-22 15:07:30.803;2018-08-23 17:33:28.274317;;;;
5845;2017.15.1.000046-5;TJDFT;1;100000.0;17;;;t;0;;;;514;;2017-04-27 20:24:42.920951;2018-08-27 19:25:34.565562;f;;;
2874;2012.01.148059-7;TJDFT;1;;3;62;739;f;0;;;777-005.615/2014;1070;;2014-04-22 15:13:40.65;2018-09-28 12:06:45.941221;;;;
2877;305.000.074/2014;CODHAB/DF;37;;16;1;521;f;0;;;777-005.651/2014;514;;2014-04-22 19:19:30.47;2016-10-06 21:34:09.715938;;;;
2878;392.030.847/2013;CODHAB/DF;37;;16;1;521;f;0;;;777-005.653/2014;514;;2014-04-22 19:22:25.907;2016-10-06 21:34:09.72512;;;;
2879;456/2014;DPDF;37;;16;3;514;f;0;;;777-005.658/2014;514;1;2014-04-22 21:49:24.077;2016-10-06 21:34:09.731004;;;;
2880;260.048.411/2006;CODHAB/DF;37;;16;1;521;f;0;;;777-005.719/2014;514;;2014-04-23 21:42:35.677;2016-10-06 21:34:09.739972;;;;
2881;392.016.322/2014;CODHAB/DF;37;;16;1;521;f;0;;;777-005.720/2014;514;;2014-04-23 21:44:52.33;2016-10-06 21:34:09.748617;;;;
2882;2013.01.1.175374-0;TJDFT;36;;4;62;1006;f;0;;;777-005.728/2014;1070;;2014-04-24 14:48:12.277;2016-10-06 21:34:09.75788;;;;
2883;2011.01.1.097478-3;TJDFT;1;;4;62;1006;f;0;;;777-005.729/2014;1070;;2014-04-24 14:49:02.04;2016-10-06 21:34:09.766092;;;;
2884;2011.01.1.180365-0;TJDFT;1;;7;62;1006;f;0;;;777-005.730/2014;1070;;2014-04-24 14:49:54.823;2016-10-06 21:34:09.775207;;;;
2885;2011.01.1.194746-4;TJDFT;37;;10;62;1006;f;0;;;777-005.731/2014;1070;;2014-04-24 14:50:41.307;2016-10-06 21:34:09.784246;;;;
2886;2013.00.2.031109-9;TJDFT;37;;14;62;1006;f;0;;;777-005.732/2014;1070;;2014-04-24 14:51:57.277;2016-10-06 21:34:09.793076;;;;
2887;2013.01.1.088203-6;TJDFT;1;;1;62;1006;f;0;;;777-005.733/2014;1070;;2014-04-24 14:54:00.527;2016-10-06 21:34:09.801872;;;;
2888;2013.01.1.129134-2;TJDFT;1;;4;62;1006;f;0;;;777-005.734/2014;1070;;2014-04-24 14:54:50.9;2016-10-06 21:34:09.810882;;;;
2889;2012.01.1.162217-7;TJDFT;1;;4;62;739;f;0;;;777-005.735/2014;1070;;2014-04-24 14:55:56.23;2016-10-06 21:34:09.819821;;;;
2890;2013.01.1.139490-3;TJDFT;1;;8;62;739;f;0;;;777-005.736/2014;1070;;2014-04-24 14:56:58.23;2016-10-06 21:34:09.828569;;;;
2893;2009.01.1.147405-9;TJDFT;37;;7;62;739;f;0;;;777-005.739/2014;1070;;2014-04-24 14:59:55.263;2016-10-06 21:34:09.856609;;;;
2895;2014.01.1.052804-8;TJDFT;37;;7;14;739;f;0;;;777-005.742/2014;1070;3;2014-04-24 15:02:03.42;2016-10-06 21:34:09.874405;;;;
2896;392.006.642/2014;CODHAB/DF;37;;16;1;521;f;0;;;777-005.760/2014;514;;2014-04-24 18:41:03.85;2016-10-06 21:34:09.882843;;;;
2897;2007.01.1.095544-7;TJDFT;25;;3;62;1006;f;0;;;777-005.788/2014;1070;;2014-04-25 14:18:29.833;2016-10-06 21:34:09.891945;;;;
2898;3743/91;TJDFT;13;;3;62;1006;f;0;;;777-005.789/2014;1070;;2014-04-25 14:19:47.113;2016-10-06 21:34:09.900806;;;;
2899;2011.01.1.038965-8;TJDFT;1;;3;62;1006;f;0;;;777-005.790/2014;1070;;2014-04-25 14:20:42.427;2016-10-06 21:34:09.910177;;;;
2900;2013.01.1.036695-8;TJDFT;1;;3;62;1006;f;0;;;777-005.792/2014;1070;;2014-04-25 14:21:32.207;2016-10-06 21:34:09.919213;;;;
2901;2012.01.1.194929-0;TJDFT;1;;5;62;1006;f;0;;;777-005.794/2014;1070;;2014-04-25 14:28:06.893;2016-10-06 21:34:09.928576;;;;
2903;2013.01.1.102645-6;TJDFT;36;;8;62;739;f;0;;;777-005.796/2014;1070;;2014-04-25 14:30:28.25;2016-10-06 21:34:09.946242;;;;
2905;2013.01.1.013401-9;TJDFT;1;;6;62;739;f;0;;;777-005.798/2014;1070;;2014-04-25 14:32:47.233;2016-10-06 21:34:09.968062;;;;
2908;2011.01.1.199064-2;TJDFT;26;;2;62;739;f;0;;;777-005.801/2014;1070;;2014-04-25 14:35:38.467;2016-10-06 21:34:09.994688;;;;
2909;2012.01.1.196003-5;TJDFT;1;;1;62;739;f;0;;;777-005.802/2014;1070;;2014-04-25 14:37:00.513;2016-10-06 21:34:10.004411;;;;
2910;392.034.340/2013;CODHAB/DF;37;;16;1;521;f;0;;;777-005.819/2014;514;;2014-04-25 19:16:08.89;2016-10-06 21:34:10.013178;;;;
5846;0703506-24.2017.8.07.0018;TJDFT;1;100000.0;5;;;t;1;;;;514;;2017-04-27 20:26:54.097577;2017-04-27 20:26:54.097577;f;;;
2891;2013.01.1.125816-5;TJDFT;1;50156.67;3;62;739;f;0;;;777-005.737/2014;1070;;2014-04-24 14:57:44.323;2018-08-23 17:37:26.544776;;;;
2894;2005.01.1.079771-8;TJDFT;6;1000.0;9;62;739;f;0;;;777-005.741/2014;1070;;2014-04-24 15:00:59.327;2018-08-23 17:38:46.873996;;;;
2904;2012.01.1.138183-2;TJDFT;1;120000.0;8;62;739;f;0;;;777-005.797/2014;1070;;2014-04-25 14:31:46.047;2018-08-23 17:39:17.863332;;;;
2907;2013.01.1.069817-6;TJDFT;1;103360.0;4;62;739;t;0;;;777-005.800/2014;1070;;2014-04-25 14:34:40.687;2018-08-23 17:39:53.0777;;;;
2911;392.001.805/2014;CODHAB/DF;37;;16;1;521;f;0;;;777-005.820/2014;514;;2014-04-25 19:16:49.97;2016-10-06 21:34:10.022121;;;;
2912;392.009.813/2014;CODHAB/DF;37;;16;1;521;f;0;;;777-005.823/2014;514;;2014-04-25 19:37:49.453;2016-10-06 21:34:10.030783;;;;
2913;390.000.423/2007;CODHAB/DF;37;;16;1;521;f;0;;;777-005.843/2014;514;;2014-04-28 12:09:21.447;2016-10-06 21:34:10.040857;;;;
2916;2014.01.1.047825-4;TJDFT;37;;6;14;1006;f;0;;;777-005.849/2014;1070;3;2014-04-28 12:53:58.567;2016-10-06 21:34:10.067402;;;;
2917;2013.01.1.053777-0;TJDFT;37;;7;14;1006;f;0;;;777-005.856/2014;1070;3;2014-04-28 13:19:31.177;2016-10-06 21:34:10.076737;;;;
2918;2011.01.1.038471-6;TJDFT;10;;7;62;1006;f;0;;;777-005.872/2014;1070;;2014-04-28 15:30:45.457;2016-10-06 21:34:10.085568;;;;
2919;2012.01.1.154994-5;TJDFT;1;;2;62;1006;f;0;;;777-005.873/2014;1070;;2014-04-28 15:31:36.88;2016-10-06 21:34:10.09473;;;;
2920;2013.01.1.075182-7;TJDFT;1;;1;62;739;f;0;;;777-005.874/2014;1070;;2014-04-28 15:32:38.317;2016-10-06 21:34:10.103662;;;;
2923;1999.01.1.059325-2;TJDFT;11;;4;62;739;f;0;;;777-005.877/2014;1070;;2014-04-28 15:35:25.863;2016-10-06 21:34:10.12927;;;;
2924;392.004.489/2014;CODHAB/DF;37;;16;1;521;f;0;;;777-005.910/2014;514;;2014-04-29 11:28:02.817;2016-10-06 21:34:10.138401;;;;
2925;2012.01.1.080001-7;TJDFT;1;;5;62;739;f;0;;;777-005.984/2014;1070;;2014-04-30 14:43:25.767;2016-10-06 21:34:10.14692;;;;
2926;2011.01.1.046186-7;TJDFT;37;;4;62;739;f;0;;;777-005.985/2014;1070;;2014-04-30 14:44:38.143;2016-10-06 21:34:10.156598;;;;
2927;2014.01.1.005689-4;TJDFT;37;;8;62;1006;f;0;;;777-005.986/2014;1070;;2014-04-30 14:46:08.207;2016-10-06 21:34:10.165032;;;;
2928;2012.01.1.1687390-7;TJDFT;1;;4;62;1006;f;0;;;777-005.987/2014;1070;;2014-04-30 14:47:02.723;2016-10-06 21:34:10.173968;;;;
2929;2013.01.1.184972-3;TJDFT;37;;8;14;1006;f;0;;;777-005.989/2014;1070;3;2014-04-30 14:49:10.07;2016-10-06 21:34:10.182563;;;;
2930;777-001.200/2014;TJDFT;37;;16;3;514;f;0;;;777-005.990/2014;1070;1;2014-04-30 14:52:20.353;2016-10-06 21:34:10.190571;;;;
2931;777-001.115/2014;TJDFT;37;;16;3;514;f;0;;;777-005.991/2014;1070;1;2014-04-30 14:55:36.997;2016-10-06 21:34:10.196488;;;;
2932;777-001.158/2014;TJDFT;37;;16;3;514;f;0;;;777-005.992/2014;1070;1;2014-04-30 14:59:34.42;2016-10-06 21:34:10.202812;;;;
2933;777-001.182/2014;TJDFT;37;;16;3;514;f;0;;;777-005.994/2014;1070;1;2014-04-30 15:03:50.567;2016-10-06 21:34:10.209028;;;;
2934;777-001.183/2014;TJDFT;37;;16;3;514;f;0;;;777-005.996/2014;1070;1;2014-04-30 15:05:50.803;2016-10-06 21:34:10.215003;;;;
2936;777-001.145/2014;TJDFT;37;;16;3;514;f;0;;;777-006.001/2014;1070;1;2014-04-30 15:11:26.12;2016-10-06 21:34:10.230015;;;;
2937;2014.00.2.005404-6;TJDFT;37;;10;62;1006;f;0;;;777-006.008/2014;514;;2014-04-30 15:58:12.837;2016-10-06 21:34:10.239222;;;;
2938;2013.01.1.003822-3;TJDFT;37;;16;62;1006;f;0;;;777-006.009/2014;514;;2014-04-30 15:59:23.243;2016-10-06 21:34:10.248228;;;;
2940;2013.01.1.144560-3;TJDFT;1;;8;62;1006;f;0;;;777-006.011/2014;514;;2014-04-30 16:05:16.78;2016-10-06 21:34:10.266058;;;;
2941;2013.01.1.025808-8;TJDFT;1;;8;62;1006;f;0;;;777-006.012/2014;514;;2014-04-30 16:06:05.767;2016-10-06 21:34:10.274968;;;;
2942;2012.01.1.094086-4;TJDFT;37;;16;62;739;f;0;;;777-006.013/2014;514;;2014-04-30 16:07:31.563;2016-10-06 21:34:10.284079;;;;
2943;2013.01.1.122907-7;TJDFT;37;;16;62;739;f;0;;;777-006.014/2014;514;;2014-04-30 16:08:29.097;2016-10-06 21:34:10.292905;;;;
3044;2014.00.2.001094-8;TJDFT;37;;14;62;1006;f;0;;;777-006.510/2014;1070;;2014-05-14 14:43:36.303;2016-10-06 21:34:11.19635;;;;
2921;6917/94;TJDFT;11;500.0;1;62;739;f;0;;;777-005.875/2014;1070;;2014-04-28 15:33:25.38;2018-08-23 18:23:45.31614;;;;
2922;2013.01.1.147641-6;TJDFT;37;122000.0;17;62;739;f;0;;;777-005.876/2014;1070;;2014-04-28 15:34:20.347;2018-08-23 18:24:33.246297;;;;
2935;777-001.168/2014;TJDFT;37;;16;62;514;f;0;;;777-005.998/2014;1070;;2014-04-30 15:08:27.537;2018-09-28 12:07:47.063995;;;;
2944;2014.01.1.019918-0;TJDFT;37;;5;14;739;f;0;;;777-006.040/2014;1070;3;2014-05-05 12:36:41.137;2016-10-06 21:34:10.301906;;;;
2945;777-001.139/2014;TJDFT;37;;16;3;514;f;0;;;777-006.043/2014;1070;1;2014-05-05 12:50:54.587;2016-10-06 21:34:10.308391;;;;
2946;777-001.142/2014;TJDFT;37;;16;3;514;f;0;;;777-006.046/2014;1070;1;2014-05-05 12:53:34.43;2016-10-06 21:34:10.314583;;;;
2947;777-001.078/2014;TJDFT;37;;16;3;514;f;0;;;777-006.047/2014;1070;1;2014-05-05 12:56:08.713;2016-10-06 21:34:10.320922;;;;
2948;0;CODHAB;37;;1;32;1373;t;0;;;392-017.784/2014;1375;2;2015-05-19 19:06:35.86;2016-10-06 21:34:10.329189;;;;
2949;2013.01.1.046737-6;TJDFT;1;;2;62;805;f;0;;;777-006.097/2014;1070;;2014-05-06 13:25:09.39;2016-10-06 21:34:10.338288;;;;
2950;2013.03.1.024617-3;TJDFT;30;;17;14;739;f;0;;;777-006.098/2014;1070;3;2014-05-06 13:26:54.377;2016-10-06 21:34:10.349382;;;;
2951;0000160-82 2014 5 10 0017;Tribunal Regional do Trabalho ;37;;17;62;739;f;0;;;777-006.099/2014;1070;;2014-05-06 13:29:13.157;2016-10-06 21:34:10.358456;;;;
2952;2013.03.1.024617-3;TJDFT;37;;17;62;739;f;0;;;777-006.100/2014;1070;;2014-05-06 13:30:55.393;2016-10-06 21:34:10.367574;;;;
2953;2013.03.1.024617-3;TJDFT;37;;17;62;739;f;0;;;777-006.101/2014;1070;;2014-05-06 13:32:09.253;2016-10-06 21:34:10.377207;;;;
2954;2009.03.1.020368-5;TJDFT;30;;17;62;739;f;0;;;777-006.102/2014;1070;;2014-05-06 13:33:45.863;2016-10-06 21:34:10.38603;;;;
2955;2013.03.1.024617-3;TJDFT;30;;17;62;739;f;0;;;777-006.105/2014;1070;;2014-05-06 13:35:09.317;2016-10-06 21:34:10.394866;;;;
2956;2013.01.1.083315-5;TJDFT;1;;4;62;739;f;0;;;777-006.106/2014;1070;;2014-05-06 13:36:43.8;2016-10-06 21:34:10.405002;;;;
2959;2014.00.2.008390-5;TJDFT;37;;15;62;739;f;0;;;777-006.109/2014;1070;;2014-05-06 13:51:09.037;2016-10-06 21:34:10.431058;;;;
2960;2013.01.1.024709-2;TJDFT;37;;16;62;739;f;0;;;777-006.110/2014;1070;;2014-05-06 13:52:22.52;2016-10-06 21:34:10.44098;;;;
2961;2012.01.1.153974-3;TJDFT;1;;5;62;739;f;0;;;777-006.112/2014;1070;;2014-05-06 13:53:34.897;2016-10-06 21:34:10.44946;;;;
2962;2013.01.1.094840-9;TJDFT;1;;5;62;739;f;0;;;777-006.113/2014;1070;;2014-05-06 13:54:37.38;2016-10-06 21:34:10.458404;;;;
2963;2013.01.1.121245-9;TJDFT;3;;8;62;739;f;0;;;777-006.114/2014;1070;;2014-05-06 13:55:53.02;2016-10-06 21:34:10.467293;;;;
2964;2009.01.1.026421-4;TJDFT;6;;9;62;739;f;0;;;777-006.115/2014;1070;;2014-05-06 13:56:43.44;2016-10-06 21:34:10.476361;;;;
2966;497 033;TJDFT;37;;16;62;1006;f;0;;;777-006.117/2014;1070;;2014-05-06 14:01:31.487;2016-10-06 21:34:10.493442;;;;
2968;0001426-44 2013 5 10 0016;Tribunal Regional do Trabalho ;37;;16;62;1006;f;0;;;777-006.121/2014;1070;;2014-05-06 14:10:27.66;2016-10-06 21:34:10.511575;;;;
2969;2013.01.1.142111-7;TJDFT;1;;8;62;1006;f;0;;;777-006.122/2014;1070;;2014-05-06 14:11:58.157;2016-10-06 21:34:10.520832;;;;
2970;1999.01.1.037550-8;TJDFT;37;;8;62;1006;f;0;;;777-006.123/2014;1070;;2014-05-06 14:13:57.317;2016-10-06 21:34:10.530198;;;;
2971;2013.01.1.042265-3;TJDFT;10;;7;62;1006;f;0;;;777-006.124/2014;1070;;2014-05-06 14:15:24.36;2016-10-06 21:34:10.539752;;;;
2972;2013.01.1.060658-9;TJDFT;37;;6;62;1006;f;0;;;777-006.125/2014;1070;;2014-05-06 14:16:41.067;2016-10-06 21:34:10.548057;;;;
2973;2013.01.1.047896-3;TJDFT;7;;6;62;1006;f;0;;;777-006.126/2014;1070;;2014-05-06 14:17:46.533;2016-10-06 21:34:10.556875;;;;
2974;2014.01.1.047825-4;TJDFT;37;;6;62;1006;f;0;;;777-006.127/2014;1070;;2014-05-06 14:18:52.22;2016-10-06 21:34:10.565355;;;;
2976;2013.01.1.148435-6;TJDFT;1;;4;62;1006;f;0;;;777-006.129/2014;1070;;2014-05-06 14:23:16.893;2016-10-06 21:34:10.582498;;;;
5966;0708353-69.2017.8.07.0018;TJDFT;1;100000.0;5;;;t;1;;;;514;;2017-08-29 13:46:54.818819;2017-08-29 13:46:54.818819;f;;;
2965;2012.01.1.157838-3;TJDFT;1;80000.0;7;62;739;f;0;;;777-006.116/2014;1070;;2014-05-06 13:58:48.427;2018-08-23 18:27:01.516045;;;;
6099;2015.01.1.125799-5;TJDFT;9;32742.63;1;;;t;0;;;;514;;2018-01-25 12:57:07.102161;2018-08-27 19:00:23.054935;;;;
2975;2013.01.1.090045-7;TJDFT;1;85000.0;5;62;1006;f;0;;;777-006.128/2014;1070;;2014-05-06 14:21:00.3;2018-08-23 18:29:54.611735;;;;
6100;2016.07.1.012411-0;TJDFT;8;12371.55;17;;;f;0;;;;514;;2018-01-25 13:16:50.144492;2018-08-27 18:49:42.955369;;;;
5847;2016.15.1.005779-6;TJDFT;37;4556.56;17;;;f;0;;;;514;;2017-05-02 13:00:08.356738;2018-08-27 20:30:15.938393;f;;;
2978;2013.01.1.066571-9;TJDFT;37;;14;62;1006;f;0;;;777-006.131/2014;1070;;2014-05-06 14:26:19.813;2016-10-06 21:34:10.60068;;;;
2979;2013.01.1.133484-2;TJDFT;1;;4;62;1006;f;0;;;777-006.133/2014;1070;;2014-05-06 14:28:23.437;2016-10-06 21:34:10.609534;;;;
2980;2012.01.1.197098-5;TJDFT;1;;1;62;1006;f;0;;;777-006.134/2014;1070;;2014-05-06 14:29:45.347;2016-10-06 21:34:10.618405;;;;
2981;2014.00.2.005404-6;TJDFT;37;;10;62;1006;f;0;;;777-006.135/2014;1070;;2014-05-06 14:31:07.58;2016-10-06 21:34:10.627187;;;;
2982;2013.01.1.047896-3;TJDFT;7;;6;62;1006;f;0;;;777-006.137/2014;1070;;2014-05-06 14:32:40.673;2016-10-06 21:34:10.63676;;;;
2983;2008.01.1.139441-6;TJDFT;37;;9;62;1006;f;0;;;777-006.138/2014;1070;;2014-05-06 14:33:55.453;2016-10-06 21:34:10.64541;;;;
2984;2013.01.1.046797-6;TJDFT;37;;2;14;805;f;0;;;777-006.139/2014;1070;3;2014-05-06 14:35:39.063;2016-10-06 21:34:10.654535;;;;
2985;305.000.084/2014;CODHAB/DF;37;;16;4;521;f;0;;;777-006.174/2014;514;;2014-05-06 19:00:19.86;2016-10-06 21:34:10.66304;;;;
2986;392.017.769/2014;CODHAB/DF;37;;16;1;521;f;0;;;777-006.176/2014;514;;2014-05-06 19:24:18.113;2016-10-06 21:34:10.671945;;;;
2987;2014.00.2.005549-0;TJDFT;37;;10;62;1006;f;0;;;777-006.195/2014;1070;;2014-05-07 12:51:02.85;2016-10-06 21:34:10.68022;;;;
2989;2013.01.1.036695-8;TJDFT;1;;3;62;1006;f;0;;;777-006.197/2014;1070;;2014-05-07 12:53:00.93;2016-10-06 21:34:10.697555;;;;
2991;2014.01.1.055808-3;TJDFT;37;;16;14;1006;f;0;;;777-006.199/2014;1070;3;2014-05-07 12:54:43.147;2016-10-06 21:34:10.715399;;;;
2994;2014.01.1.044028-7;TJDFT;37;;16;62;739;f;0;;;777-006.202/2014;1070;;2014-05-07 12:57:59.71;2016-10-06 21:34:10.740859;;;;
2995;2014.01.1.055887-9;TJDFT;37;;16;62;739;f;0;;;777-006.204/2014;1070;;2014-05-07 12:59:15.087;2016-10-06 21:34:10.749899;;;;
2997;392.050.375/2013;CODHAB/DF;37;;16;1;521;f;0;;;777-006.230/2014;514;;2014-05-07 18:10:13.823;2016-10-06 21:34:10.767316;;;;
2998;392.000.071/2010;CODHAB/DF;37;;16;1;521;f;0;;;777-006.245/2014;514;;2014-05-07 19:26:24.45;2016-10-06 21:34:10.775771;;;;
2999;392-001.255/2010;CODHAB/DF;37;;16;1;521;f;0;;;777-006.250/2014;514;;2014-05-07 21:36:02.813;2016-10-06 21:34:10.784826;;;;
3000;392.012.567/2014;CODHAB/DF;37;;16;1;521;f;0;;;777-006.305/2014;514;;2014-05-08 20:49:58.337;2016-10-06 21:34:10.792981;;;;
3001;2011.01.1.233579-9;TJDFT;37;;14;62;1006;f;0;;;777-006.309/2014;1070;;2014-05-09 12:28:10.623;2016-10-06 21:34:10.801146;;;;
3002;2013.01.1.133503-3;TJDFT;1;;3;62;1006;f;0;;;777-006.310/2014;1070;;2014-05-09 12:29:13.377;2016-10-06 21:34:10.809855;;;;
3003;2013.01.1.036690-9;TJDFT;1;;3;62;1006;f;0;;;777-006.311/2014;1070;;2014-05-09 12:30:37.673;2016-10-06 21:34:10.819037;;;;
3004;2014.00.2.009621-5;TJDFT;37;;13;62;1006;f;0;;;777-006.312/2014;1070;;2014-05-09 12:32:02.317;2016-10-06 21:34:10.827632;;;;
3005;2014.00.2.001094-8;TJDFT;37;;14;62;1006;f;0;;;777-006.313/2014;1070;;2014-05-09 12:33:13.957;2016-10-06 21:34:10.836132;;;;
3006;1999.01.1.007395-3;TJDFT;37;;3;62;1006;f;0;;;777-006.315/2014;1070;;2014-05-09 12:34:23.147;2016-10-06 21:34:10.845923;;;;
3007;2013.01.1.036695-8;TJDFT;1;;3;62;1006;f;0;;;777-006.316/2014;1070;;2014-05-09 12:35:13.1;2016-10-06 21:34:10.854786;;;;
3008;2013.01.1.180639-0;TJDFT;1;;3;62;1006;f;0;;;777-006.317/2014;1070;;2014-05-09 12:36:13.913;2016-10-06 21:34:10.864158;;;;
3009;51053/96;TJDFT;37;;16;62;1006;f;0;;;777-006.318/2014;1070;;2014-05-09 12:37:14.367;2016-10-06 21:34:10.872878;;;;
2988;2012.01.1.196630-8;TJDFT;1;100000.0;4;62;1006;f;0;;;777-006.196/2014;1070;;2014-05-07 12:52:02.507;2018-08-23 18:32:57.611004;;;;
2990;2013.01.1.075182-7;TJDFT;1;80000.0;1;62;1006;f;0;;;777-006.198/2014;1070;;2014-05-07 12:53:56.553;2018-08-23 18:33:27.017378;;;;
5848;2016.15.1.007329-7;TJDFT;37;6165.08;17;;;t;0;;;;514;;2017-05-02 13:02:26.856185;2018-08-27 20:30:37.50902;f;;;
2996;304.000.193/2014;CODHAB/DF;37;;16;4;739;f;0;;;777-006.227/2014;514;;2014-05-07 18:07:38.95;2018-09-28 12:08:08.221431;;;;
2992;2013.00.2.023498-5;TJDFT;37;;16;62;739;f;0;;;777-006.200/2014;1070;;2014-05-07 12:56:05.023;2018-10-02 12:14:51.09197;;;;
2993;2013.00.2.026998-5;TJDFT;37;;16;62;739;f;0;;;777-006.201/2014;1070;;2014-05-07 12:56:55.1;2018-10-02 12:15:14.668878;;;;
3010;2014.00.2.009390-6;TJDFT;37;;14;62;739;f;0;;;777-006.319/2014;1070;;2014-05-09 12:38:55.323;2016-10-06 21:34:10.881901;;;;
3011;2010.01.1.215659-8;TJDFT;15;;5;62;739;f;0;;;777-006.320/2014;1070;;2014-05-09 12:39:49.557;2016-10-06 21:34:10.893689;;;;
3012;2013.01.1.104518-2;TJDFT;1;;4;62;739;f;0;;;777-006.321/2014;1070;;2014-05-09 12:40:38.513;2016-10-06 21:34:10.905636;;;;
3014;2014.01.1.062536-9;TJDFT;37;;3;14;1006;f;0;;;777-006.331/2014;1070;3;2014-05-09 14:00:14.293;2016-10-06 21:34:10.922701;;;;
3015;2013.01.1.096503-3;TJDFT;37;;13;62;1006;f;0;;;777-006.384/2014;514;;2014-05-12 16:36:09.753;2016-10-06 21:34:10.934454;;;;
3017;2013.01.1.148982-7;TJDFT;1;;2;62;805;f;0;;;777-006.386/2014;514;;2014-05-12 16:38:52.603;2016-10-06 21:34:10.952327;;;;
3018;2012.01.1.063226-9;TJDFT;1;;1;62;805;f;0;;;777-006.387/2014;514;;2014-05-12 16:39:48.243;2016-10-06 21:34:10.961503;;;;
3019;2012.01.1.169603-2;TJDFT;1;;2;62;805;f;0;;;777-006.388/2014;514;;2014-05-12 16:40:40.697;2016-10-06 21:34:10.970437;;;;
3020;2012.01.1.115944-3;TJDFT;1;;2;62;805;f;0;;;777-006.389/2014;514;;2014-05-12 16:41:25.607;2016-10-06 21:34:10.978825;;;;
3021;2006.01.1.054994-4;TJDFT;37;;3;62;805;f;0;;;777-006.390/2014;514;;2014-05-12 16:42:08.7;2016-10-06 21:34:10.98797;;;;
3022;2013.01.1.186624-3;TJDFT;37;;6;14;805;f;0;;;777-006.392/2014;514;3;2014-05-12 16:43:18.747;2016-10-06 21:34:10.996353;;;;
3023;2011.01.1.230344-4;TJDFT;1;;3;62;739;f;0;;;777-006.393/2014;514;;2014-05-12 16:44:53.283;2016-10-06 21:34:11.005393;;;;
3024;2012.01.1.136715-6;TJDFT;1;;3;62;739;f;0;;;777-006.394/2014;514;;2014-05-12 16:45:47.47;2016-10-06 21:34:11.013849;;;;
3026;2012.01.1.148059-7;TJDFT;1;;3;62;739;f;0;;;777-006.396/2014;514;;2014-05-12 16:47:21.037;2016-10-06 21:34:11.033743;;;;
3027;2014.01.1.050811-8;TJDFT;37;;6;62;739;f;0;;;777-006.397/2014;514;;2014-05-12 16:48:58.087;2016-10-06 21:34:11.043247;;;;
3028;777.001.211/2014;SEDHAB/DF;37;;16;3;521;f;0;;;777-006.419/2014;514;1;2014-05-12 20:06:03.387;2016-10-06 21:34:11.049253;;;;
3029;392.018.256/2014;CODHAB/DF;37;;16;1;521;f;0;;;777-006.421/2014;514;;2014-05-13 11:29:46.817;2016-10-06 21:34:11.057589;;;;
3030;392.018.383/2014;CODHAB/DF;37;;16;1;521;f;0;;;777-006.433/2014;514;;2014-05-13 13:15:30.87;2016-10-06 21:34:11.068891;;;;
3031;2014.00.2.009390-6;TJDFT;37;;14;14;805;f;0;;;777-006.495/2014;1070;3;2014-05-14 14:10:06.943;2016-10-06 21:34:11.078041;;;;
3032;2014.00.2.008390-5;TJDFT;37;;15;14;805;f;0;;;777-006.496/2014;1070;3;2014-05-14 14:16:05.17;2016-10-06 21:34:11.091638;;;;
3033;2012.03.1.026101-8;TJDFT;30;;17;62;805;f;0;;;777-006.497/2014;1070;;2014-05-14 14:17:39.94;2016-10-06 21:34:11.100744;;;;
3035;2012.01.1.194373-2;TJDFT;1;;2;62;805;f;0;;;777-006.499/2014;1070;;2014-05-14 14:23:18.837;2016-10-06 21:34:11.11754;;;;
3036;2012.01.1.186081-5;TJDFT;1;;3;62;805;f;0;;;777-006.500/2014;1070;;2014-05-14 14:25:45.293;2016-10-06 21:34:11.126394;;;;
3037;2012.01.1.060161-6;TJDFT;14;;6;62;805;f;0;;;777-006.501/2014;1070;;2014-05-14 14:27:28.123;2016-10-06 21:34:11.135325;;;;
3040;2012.09.1.014669-3;TJDFT;13;;17;62;805;f;0;;;777-006.504/2014;1070;;2014-05-14 14:36:14.527;2016-10-06 21:34:11.161357;;;;
3041;2013.01.1.001678-8;TJDFT;1;;6;62;1006;f;0;;;777-006.505/2014;1070;;2014-05-14 14:38:12.56;2016-10-06 21:34:11.169689;;;;
3042;2012.09.1.026972-5;TJDFT;10;;17;62;1006;f;0;;;777-006.506/2014;1070;;2014-05-14 14:39:29.53;2016-10-06 21:34:11.178249;;;;
3043;2013.01.1.053777-0;TJDFT;9;;7;62;1006;f;0;;;777-006.508/2014;1070;;2014-05-14 14:41:54.957;2016-10-06 21:34:11.187857;;;;
3025;2013.01.1.084102-0;TJDFT;1;90000.0;3;62;739;f;0;;;777-006.395/2014;514;;2014-05-12 16:46:35.987;2018-06-19 14:02:58.259623;;;;
3013;2012.01.1.113379-6;TJDFT;1;0.0;6;62;739;f;0;;;777-006.323/2014;1070;;2014-05-09 12:46:11.783;2018-08-23 18:33:57.901247;;;;
3034;2013.01.1.100383-0;TJDFT;1;100000.0;2;62;805;f;0;;;777-006.498/2014;1070;;2014-05-14 14:19:54.787;2018-08-23 18:34:24.523797;;;;
3045;2014.01.1.050811-8;TJDFT;13;;6;14;739;f;0;;;777-006.513/2014;1070;3;2014-05-14 14:45:28.18;2016-10-06 21:34:11.204773;;;;
3046;2011.01.1.223820-3;TJDFT;37;;14;62;739;f;0;;;777-006.514/2014;1070;;2014-05-14 14:47:44.933;2016-10-06 21:34:11.213204;;;;
3047;2012.01.1.163922-8;TJDFT;1;;2;62;739;f;0;;;777-006.516/2014;1070;;2014-05-14 14:49:15.06;2016-10-06 21:34:11.222618;;;;
3048;2013.01.1.057333-8;TJDFT;1;;2;62;739;f;0;;;777-006.517/2014;1070;;2014-05-14 14:50:39.343;2016-10-06 21:34:11.231238;;;;
3049;2013.01.1.104518-2;TJDFT;1;;4;62;739;f;0;;;777-006.518/2014;1070;;2014-05-14 14:51:56.127;2016-10-06 21:34:11.24003;;;;
3050;2011.01.1.223820-3;TJDFT;37;;14;62;739;f;0;;;777-006.519/2014;1070;;2014-05-14 14:53:57.24;2016-10-06 21:34:11.249361;;;;
3051;2013.01.1.066536-6;TJDFT;1;;5;62;739;f;0;;;777-006.526/2014;514;;2014-05-14 16:25:45.373;2016-10-06 21:34:11.257932;;;;
3052;2013.03.1.024617-3;TJDFT;30;;17;62;739;f;0;;;777-006.527/2014;514;;2014-05-14 16:26:46.14;2016-10-06 21:34:11.266252;;;;
3053;2012.01.1.169267-3;TJDFT;14;;3;62;1006;f;0;;;777-006.528/2014;514;;2014-05-14 16:27:50.937;2016-10-06 21:34:11.275436;;;;
3054;2013.01.1.129134-2;TJDFT;1;;4;62;1006;f;0;;;777-006.529/2014;514;;2014-05-14 16:28:33.377;2016-10-06 21:34:11.284256;;;;
3055;2011.01.1.151057-5;TJDFT;37;;6;62;1006;f;0;;;777-006.530/2014;514;;2014-05-14 16:29:19.797;2016-10-06 21:34:11.292491;;;;
3056;2011.01.1.187376-2;TJDFT;37;;4;62;805;f;0;;;777-006.531/2014;514;;2014-05-14 16:30:31.58;2016-10-06 21:34:11.300454;;;;
3057;2012.01.1.197934-0;TJDFT;1;;3;62;805;f;0;;;777-006.532/2014;514;;2014-05-14 16:31:48.52;2016-10-06 21:34:11.309;;;;
3058;2012.01.1.176819-6;TJDFT;37;;14;62;805;f;0;;;777-006.533/2014;514;;2014-05-14 16:33:04.737;2016-10-06 21:34:11.3179;;;;
3060;392.001.729/2010;CODHAB/DF;37;;16;1;521;f;0;;;777-006.614/2014;514;;2014-05-16 12:09:26.95;2016-10-06 21:34:11.333821;;;;
3061;392.045.349/2013;CODHAB/DF;37;;16;1;521;f;0;;;777-006.615/2014;514;;2014-05-16 12:16:00.833;2016-10-06 21:34:11.342881;;;;
3062;2014.00.2.008996-2;TJDFT;37;;13;62;805;f;0;;;777-006.631/2014;1070;;2014-05-16 15:17:28.787;2016-10-06 21:34:11.351796;;;;
3063;2014.01.1.050464-6;TJDFT;37;;4;62;805;f;0;;;777-006.633/2014;1070;;2014-05-16 15:18:34.507;2016-10-06 21:34:11.360255;;;;
3064;2013.01.1.079741-2;TJDFT;37;;4;62;805;f;0;;;777-006.634/2014;1070;;2014-05-16 15:19:35.117;2016-10-06 21:34:11.368443;;;;
3065;2012.01.1.189586-4;TJDFT;16;;4;62;805;f;0;;;777-006.635/2014;1070;;2014-05-16 15:20:46.9;2016-10-06 21:34:11.377518;;;;
3066;2013.01.1.024725-2;TJDFT;1;;5;62;805;f;0;;;777-006.636/2014;1070;;2014-05-16 15:21:38.57;2016-10-06 21:34:11.38603;;;;
3067;2013.01.1.013401-9;TJDFT;1;;6;62;739;f;0;;;777-006.637/2014;1070;;2014-05-16 15:23:05.243;2016-10-06 21:34:11.394505;;;;
3068;0000160-82 2014 5 10 0017;Tribunal Regional do Trabalho ;37;;17;62;739;f;0;;;777-006.638/2014;1070;;2014-05-16 15:25:25.467;2016-10-06 21:34:11.403117;;;;
3069;2011.01.1.143891-0;TJDFT;37;;12;62;1006;f;0;;;777-006.639/2014;1070;;2014-05-16 15:28:30.59;2016-10-06 21:34:11.412709;;;;
3070;2011.01.1.093116-9;TJDFT;14;;3;62;1006;f;0;;;777-006.640/2014;1070;;2014-05-16 15:29:54.217;2016-10-06 21:34:11.421644;;;;
3071;2012.01.1.189598-5;TJDFT;16;;6;62;1006;f;0;;;777-006.641/2014;1070;;2014-05-16 15:30:59.327;2016-10-06 21:34:11.430028;;;;
3072;2009.01.1.001719-7;TJDFT;37;;15;62;805;f;0;;;777-006.706/2014;1070;;2014-05-19 15:53:33.047;2016-10-06 21:34:11.439019;;;;
3073;2011.01.1.099051-6;TJDFT;37;;6;62;805;f;0;;;777-006.707/2014;1070;;2014-05-19 15:54:28.69;2016-10-06 21:34:11.448113;;;;
3074;2012.01.1.026101-8;TJDFT;30;;17;62;805;f;0;;;777-006.709/2014;1070;;2014-05-19 15:55:45.627;2016-10-06 21:34:11.456408;;;;
3075;2013.01.1.122907-7;TJDFT;37;;17;62;739;f;0;;;777-006.710/2014;1070;;2014-05-19 15:56:53.58;2016-10-06 21:34:11.464792;;;;
3076;2010.01.1.175784-6;TJDFT;37;;3;62;1006;f;0;;;777-006.711/2014;1070;;2014-05-19 15:57:41.767;2016-10-06 21:34:11.473594;;;;
3077;2013.01.1.053777-0;TJDFT;37;;7;62;1006;f;0;;;777-006.712/2014;1070;;2014-05-19 15:58:29.767;2016-10-06 21:34:11.483918;;;;
3059;0709645-55.2018.8.07.0018;TJDFT;37;50000.0;6;14;739;t;0;;;777-006.576/2014;1070;3;2014-05-15 15:14:28.977;2019-01-22 13:26:34.380041;;;;
3079;392.018612/2014;CODHAB/DF;37;;16;1;521;f;0;;;777-006.760/2014;514;;2014-05-20 12:43:53.997;2016-10-06 21:34:11.501157;;;;
3080;2013.01.1.091430-7;TJDFT;1;;7;62;1006;f;0;;;777-006.796/2014;1070;;2014-05-20 15:41:19.967;2016-10-06 21:34:11.509569;;;;
3081;2010.01.1.26840-0;TJDFT;12;;6;62;1006;f;0;;;777-006.797/2014;1070;;2014-05-20 15:42:19.733;2016-10-06 21:34:11.517729;;;;
3082;2013.01.1.101102-3;TJDFT;29;;4;62;1006;f;0;;;777-006.799/2014;1070;;2014-05-20 15:44:51.433;2016-10-06 21:34:11.526134;;;;
3084;2012.01.1.167401-7;TJDFT;37;;16;62;739;f;0;;;777-006.801/2014;1070;;2014-05-20 15:47:26.12;2016-10-06 21:34:11.543496;;;;
3085;2013.00.2.011294-6;TJDFT;37;;13;62;739;f;0;;;777-006.802/2014;1070;;2014-05-20 15:48:27.37;2016-10-06 21:34:11.5521;;;;
3086;2014.01.1.023418-6;TJDFT;37;;5;62;805;f;0;;;777-006.804/2014;1070;;2014-05-20 15:50:28.027;2016-10-06 21:34:11.562046;;;;
3088;1999.01.1.084825-7;TJDFT;13;;4;62;805;f;0;;;777-006.806/2014;1070;;2014-05-20 15:52:40.353;2016-10-06 21:34:11.578389;;;;
3089;0001048-12 2013 5 10 0009;TJDFT;37;;17;62;805;f;0;;;777-006.807/2014;1070;;2014-05-20 15:54:20.133;2016-10-06 21:34:11.586102;;;;
3090;2014.01.1068446-8;TJDFT;37;;16;62;1006;f;0;;;777-006.808/2014;1070;;2014-05-20 15:55:58.087;2016-10-06 21:34:11.594772;;;;
3091;2014.01.1.068446-8;TJDFT;37;;16;14;1006;f;0;;;777-006.809/2014;1070;3;2014-05-20 15:58:30.727;2016-10-06 21:34:11.603041;;;;
3092;2014.01.1.066481-9;TJDFT;37;;3;14;805;f;0;;;777-006.810/2014;1070;3;2014-05-20 16:00:05.493;2016-10-06 21:34:11.61143;;;;
3093;"8,23E+16";TRF DA 1掳 REGI脙O ;37;;16;62;1006;f;0;;;777-006.864/2014;1070;;2014-05-21 15:20:54.51;2016-10-06 21:34:11.619491;;;;
3094;2011.01.1.143891-0;TJDFT;37;;12;62;1006;f;0;;;777-006.865/2014;1070;;2014-05-21 15:21:42.87;2016-10-06 21:34:11.628158;;;;
3095;2013.01.1.185121-2;TJDFT;27;;3;62;1006;f;0;;;777-006.866/2014;1070;;2014-05-21 15:22:34.37;2016-10-06 21:34:11.636454;;;;
3096;2008.01.1.139441-6;TJDFT;37;;9;62;1006;f;0;;;777-006.867/2014;1070;;2014-05-21 15:23:28.793;2016-10-06 21:34:11.644945;;;;
3097;2000.01.1.046495-2;TJDFT;37;;6;62;1006;f;0;;;777-006.868/2014;1070;;2014-05-21 15:24:26.153;2016-10-06 21:34:11.653639;;;;
3098;2011.01.1.067530-5;TJDFT;3;;8;62;1006;f;0;;;777-006.869/2014;1070;;2014-05-21 15:25:13.31;2016-10-06 21:34:11.661969;;;;
3099;2009.01.1.001719-7;TJDFT;37;;15;62;805;f;0;;;777-006.870/2014;1070;;2014-05-21 15:26:33.953;2016-10-06 21:34:11.670357;;;;
3100;2000.01.1.051372-7;TJDFT;37;;6;62;805;f;0;;;777-006.871/2014;1070;;2014-05-21 15:27:36.89;2016-10-06 21:34:11.678148;;;;
3102;32048/94;TJDFT;6;;3;62;739;f;0;;;777-006.873/2014;1070;;2014-05-21 15:29:41.567;2016-10-06 21:34:11.69497;;;;
3104;2010.01.1.182492-2;TJDFT;37;;17;62;739;f;0;;;777-006.875/2014;1070;;2014-05-21 15:31:35.787;2016-10-06 21:34:11.71159;;;;
3105;2009.01.1.026421-4;TJDFT;6;;9;62;739;f;0;;;777-006.876/2014;1070;;2014-05-21 15:32:45.707;2016-10-06 21:34:11.720711;;;;
3106;110.0000.099/2014;CODHAB/DF;37;;16;4;521;f;0;;;777-006.925/2014;514;;2014-05-21 20:39:10.177;2016-10-06 21:34:11.728745;;;;
3107;160.000.034/2014;CODHAB/DF;37;;16;4;521;f;0;;;777-006.926/2014;514;;2014-05-21 21:07:01.98;2016-10-06 21:34:11.736831;;;;
3108;390.002.067/2007;CODHAB/DF;37;;16;1;521;f;0;;;777-006.961/2014;514;;2014-05-22 16:47:37.327;2016-10-06 21:34:11.744696;;;;
3109;020.001.453/2013;CODHAB/DF;37;;16;1;521;f;0;;;777-006.984/2014;514;;2014-05-22 20:33:01.217;2016-10-06 21:34:11.753506;;;;
3110;392.002.305/2013;CODHAB/DF;37;;16;1;521;f;0;;;777-006.988/2014;514;;2014-05-23 12:06:35.047;2016-10-06 21:34:11.761654;;;;
3103;2007.01.1.045564-4;TJDFT;37;0.0;3;62;739;f;0;;;777-006.874/2014;1070;;2014-05-21 15:30:38.377;2018-06-18 16:30:13.230296;;;;
3112;2013.01.1.052993-6;TJDFT ;10;3344.0;16;62;739;f;0;;;777-007.009/2014;1070;;2014-05-23 15:12:43.297;2018-06-18 16:35:57.909011;;;;
3101;2014.01.1.032300-3;TJDFT;35;30000.0;7;62;805;t;0;;;777-006.872/2014;1070;;2014-05-21 15:28:36.737;2018-08-23 18:35:59.626123;;;;
3117;2013.01.1.051283-6;TJDFT;1;;2;62;805;f;0;;;777-007.014/2014;1070;;2014-05-23 15:19:39.267;2016-10-06 21:34:11.82127;;;;
3118;2013.01.1.182142-7;TJDFT;37;;1;62;805;f;0;;;777-007.017/2014;1070;;2014-05-23 15:25:04.78;2016-10-06 21:34:11.829551;;;;
3119;777.001.362/2014;CODHAB/DF;37;;16;3;521;f;0;;;777-007.026/2014;514;1;2014-05-23 18:21:05.307;2016-10-06 21:34:11.835559;;;;
3120;2014.01.1.050464-6;TJDFT;37;;4;14;739;f;0;;;777-007.047/2014;1070;3;2014-05-26 14:00:12.777;2016-10-06 21:34:11.844678;;;;
3121;2014.01.1.050464-6;TJDFT;37;;4;14;739;f;0;;;777-007.048/2014;1070;3;2014-05-26 14:00:14.103;2016-10-06 21:34:11.853157;;;;
3122;2014.01.1.054235-5;TJDFT;37;;16;14;739;f;0;;;777-007.050/2014;1070;3;2014-05-26 14:01:38.903;2016-10-06 21:34:11.861527;;;;
3123;2012.01.1.189586-4;TJDFT;37;;4;14;739;f;0;;;777-007.051/2014;1070;3;2014-05-26 14:02:59.793;2016-10-06 21:34:11.869934;;;;
3124;0007198-54.2013.4.01.3400;TJDFT;37;;17;14;805;f;0;;;777-007.052/2014;1070;3;2014-05-26 14:04:59.81;2016-10-06 21:34:11.882687;;;;
3125;2014.01.1.009795-6;TJDFT;37;;4;14;805;f;0;;;777-007.053/2014;1070;3;2014-05-26 14:06:05.42;2016-10-06 21:34:11.891337;;;;
3126;2014.01.1.057935-2;TJDFT;37;;4;14;805;f;0;;;777-007.054/2014;1070;3;2014-05-26 14:07:42.093;2016-10-06 21:34:11.89964;;;;
3128;2014.01.1.050476-7;TJDFT;13;;3;14;1006;f;0;;;777-007.057/2014;1070;3;2014-05-26 14:11:43.35;2016-10-06 21:34:11.917114;;;;
3129;2013.01.1.083315-5;TJDFT;1;;4;62;1006;f;0;;;777-007.058/2014;1070;;2014-05-26 14:23:17.197;2016-10-06 21:34:11.925778;;;;
3130;2008.01.1.094576-6;TJDFT;37;;15;62;739;f;0;;;777-007.059/2014;1070;;2014-05-26 14:25:12.243;2016-10-06 21:34:11.93436;;;;
3131;2012.01.1.081642-8;TJDFT;14;;4;62;805;f;0;;;777-007.060/2014;1070;;2014-05-26 14:27:32.79;2016-10-06 21:34:11.943029;;;;
3132;2012.01.1.180144-3;TJDFT;13;;9;62;805;f;0;;;777-007.061/2014;1070;;2014-05-26 14:29:16.713;2016-10-06 21:34:11.951326;;;;
3133;2013.01.1.114823-7;TJDFT;1;;3;62;805;f;0;;;777-007.062/2014;1070;;2014-05-26 14:30:12.527;2016-10-06 21:34:11.960131;;;;
3134;2013.01.1.186624-3;TJDFT;37;;6;62;805;f;0;;;777-007.099/2014;1070;;2014-05-27 12:49:10.133;2016-10-06 21:34:11.969448;;;;
3135;1999.01.1.053428-4;TJDFT;11;;6;62;805;f;0;;;777-007.101/2014;1070;;2014-05-27 12:50:38.543;2016-10-06 21:34:11.978176;;;;
3136;2010.01.1.215659-8;TJDFT;15;;5;62;739;f;0;;;777-007.102/2014;1070;;2014-05-27 12:52:21.667;2016-10-06 21:34:11.986693;;;;
3137;392.018.383/2014;CODHAB/DF;37;;16;1;521;f;0;;;777-007.105/2014;514;;2014-05-27 13:09:01.367;2016-10-06 21:34:11.99471;;;;
3138;2014.01.1.061212-6;TJDFT;37;;16;14;1006;f;0;;;777-007.189/2014;514;3;2014-05-28 16:35:43.387;2016-10-06 21:34:12.003376;;;;
3139;2013.01.1.088276-8;TJDFT;37;;11;62;805;f;0;;;777-007.190/2014;514;;2014-05-28 16:36:59.713;2016-10-06 21:34:12.011794;;;;
3140;2013.01.1.001682-7;TJDFT;1;;2;62;805;f;0;;;777-007.191/2014;514;;2014-05-28 16:37:46.197;2016-10-06 21:34:12.019959;;;;
3141;2013.01.1.135992-0;TJDFT;1;;3;62;805;f;0;;;777-007.193/2014;514;;2014-05-28 16:38:34.353;2016-10-06 21:34:12.037711;;;;
3142;2013.01.1.062260-2;TJDFT;10;;3;62;805;f;0;;;777-007.194/2014;514;;2014-05-28 16:39:22.96;2016-10-06 21:34:12.052212;;;;
3143;2013.01.1.026270-6;TJDFT;14;;3;62;805;f;0;;;777-007.195/2014;514;;2014-05-28 16:40:20.71;2016-10-06 21:34:12.06154;;;;
3144;2011.01.1.230344-4;TJDFT;1;;3;62;805;f;0;;;777-007.196/2014;514;;2014-05-28 16:41:12.367;2016-10-06 21:34:12.070907;;;;
3145;2013.01.1.163310-8;TJDFT;1;;3;62;805;f;0;;;777-007.197/2014;514;;2014-05-28 16:42:07.553;2016-10-06 21:34:12.079729;;;;
3146;2013.01.1.039225-9;TJDFT;1;;4;62;805;f;0;;;777-007.198/2014;514;;2014-05-28 16:43:02.52;2016-10-06 21:34:12.088302;;;;
3113;2012.01.1.161837-7;TJDFT;3;1000.0;4;62;739;f;0;;;777-007.010/2014;1070;;2014-05-23 15:13:32.28;2018-06-18 16:37:24.041521;;;;
3115;2014.01.1.073457-5;TJDFT;13;500000.0;4;62;1006;f;0;;;777-007.012/2014;1070;;2014-05-23 15:15:39.157;2018-06-20 16:13:08.229256;;;;
3127;0016930-82.2014.8.07.0018;TJDFT;37;24000.0;3;14;1006;t;0;;;777-007.056/2014;1070;3;2014-05-26 14:10:05.687;2018-10-02 12:17:08.537693;;;;
3147;2013.01.1.033132-2;TJDFT;1;;8;62;805;f;0;;;777-007.201/2014;514;;2014-05-28 16:43:56.223;2016-10-06 21:34:12.097488;;;;
3148;2012.01.1.151659-8;TJDFT;1;;2;62;1006;f;0;;;777-007.202/2014;514;;2014-05-28 16:45:47.33;2016-10-06 21:34:12.106803;;;;
3149;2013.01.1.058179-2;TJDFT;1;;2;62;1006;f;0;;;777-007.203/2014;514;;2014-05-28 16:46:37.533;2016-10-06 21:34:12.115368;;;;
3150;2000.01.1.071820-8;TJDFT;11;;3;62;1006;f;0;;;777-007.204/2014;514;;2014-05-28 16:47:33.69;2016-10-06 21:34:12.125754;;;;
3152;2014.01.1.064806-5;TJDFT;37;;4;62;1006;f;0;;;777-007.206/2014;514;;2014-05-28 16:49:44.327;2016-10-06 21:34:12.145389;;;;
3153;2005.01.1.049607-6;TJDFT;37;;4;62;1006;f;0;;;777-007.207/2014;514;;2014-05-28 16:50:41.5;2016-10-06 21:34:12.155971;;;;
3154;2012.01.1.193441-2;TJDFT;37;;12;62;739;f;0;;;777-007.208/2014;514;;2014-05-28 16:53:14.84;2016-10-06 21:34:12.165212;;;;
3155;2013.01.1.111566-9;TJDFT;37;;12;62;739;f;0;;;777-007.209/2014;514;;2014-05-28 16:54:52.747;2016-10-06 21:34:12.174765;;;;
3156;2013.01.1.024722-8;TJDFT;1;;2;62;739;f;0;;;777-007.210/2014;514;;2014-05-28 16:55:56.247;2016-10-06 21:34:12.184165;;;;
3157;2010.01.1.215586-8;TJDFT;15;;2;62;739;f;0;;;777-007.211/2014;514;;2014-05-28 16:57:07.603;2016-10-06 21:34:12.194183;;;;
3158;2012.01.1.195987-9;TJDFT;1;;3;62;739;f;0;;;777-007.213/2014;514;;2014-05-28 16:57:51.93;2016-10-06 21:34:12.204301;;;;
3160;2012.01.1.145830-9;TJDFT;37;;15;62;739;f;0;;;777-007.215/2014;514;;2014-05-28 16:59:43.883;2016-10-06 21:34:12.223883;;;;
3161;2012.01.1.198519-6;TJDFT;37;;4;62;1006;f;0;;;777-007.248/2014;1070;;2014-05-29 12:24:04.973;2016-10-06 21:34:12.234741;;;;
3162;2000.01.1.022795-9;TJDFT;11;;5;62;739;f;0;;;777-007.249/2014;1070;;2014-05-29 12:25:15.77;2016-10-06 21:34:12.244633;;;;
3163;2014.03.1.003727-0;TJDFT;30;;17;62;805;f;0;;;777-007.251/2014;1070;;2014-05-29 12:26:21.677;2016-10-06 21:34:12.25458;;;;
3164;2001.01.1.038821-6;TJDFT;37;;17;14;514;f;0;;;777-007.252/2014;1070;3;2014-05-29 12:30:01.943;2016-10-06 21:34:12.263829;;;;
3165;392.020.051/2014;CODHAB/DF;37;;16;1;521;f;0;;;777-007.278/2014;514;;2014-05-29 19:06:28.793;2016-10-06 21:34:12.272737;;;;
3166;392.022.094/2014;CODHAB/DF;37;;16;1;521;f;0;;;777-007.286/2014;514;;2014-05-29 20:10:05.32;2016-10-06 21:34:12.282631;;;;
3167;2014.01.1.037261-6;TJDFT;37;;4;14;805;f;0;;;777-007.302/2014;1070;3;2014-05-30 13:13:41.963;2016-10-06 21:34:12.292102;;;;
3168;2012.01.1.151670-9;TJDFT;1;;2;62;805;f;0;;;777-007.303/2014;1070;;2014-05-30 13:14:55.67;2016-10-06 21:34:12.302099;;;;
3169;2014.01.1.064806-5;TJDFT;37;;4;62;805;f;0;;;777-007.304/2014;1070;;2014-05-30 13:15:45.483;2016-10-06 21:34:12.313651;;;;
3170;2009.01.1.026421-4;TJDFT;6;;9;62;805;f;0;;;777-007.305/2014;1070;;2014-05-30 13:16:42.187;2016-10-06 21:34:12.323587;;;;
3171;2014.00.2.011935-2;TJDFT;37;;14;62;1006;f;0;;;777-007.307/2014;1070;;2014-05-30 13:18:46.377;2016-10-06 21:34:12.335084;;;;
3172;51053/96;TJDFT;37;;3;62;1006;f;0;;;777-007.308/2014;1070;;2014-05-30 13:19:39.66;2016-10-06 21:34:12.345505;;;;
3173;2014.01.1.070576-8;TJDFT;37;;5;14;1006;f;0;;;777-007.309/2014;1070;3;2014-05-30 13:20:46.817;2016-10-06 21:34:12.354722;;;;
3174;2013.01.1.122263-6;TJDFT;14;;3;62;805;f;0;;;777-007.324/2014;1070;;2014-05-30 15:48:12.03;2016-10-06 21:34:12.363989;;;;
3175;046.002.921/2013;CODHAB/DF;37;;16;1;521;f;0;;;777-007.339/2014;514;;2014-05-30 18:45:28.67;2016-10-06 21:34:12.373133;;;;
3176;392.009.470/2009;CODHAB/DF;37;;16;1;521;f;0;;;777-007.349/2014;514;;2014-05-30 19:41:29.903;2016-10-06 21:34:12.382168;;;;
3177;392.050.768/2013;CODHAB/DF;37;;16;1;521;f;0;;;777-007.351/2014;514;;2014-06-02 11:39:36.917;2016-10-06 21:34:12.39136;;;;
3178;777.007.293/2014;CODHAB/DF;37;;16;26;521;f;0;;;777-007.360/2014;514;;2014-06-02 13:33:32.153;2016-10-06 21:34:12.402348;;;;
3179;102.121.503/1996;CODHAB/DF;37;;16;1;521;f;0;;;777-007.396/2014;514;;2014-06-02 20:02:15.387;2016-10-06 21:34:12.413147;;;;
3180;2014.01.1.006156-8;TJDFT;1;;16;62;805;f;0;;;777-007.415/2014;1070;;2014-06-03 14:41:01.53;2016-10-06 21:34:12.423956;;;;
3159;2011.01.1.046186-7;TJDFT;37;1000.0;4;62;739;f;0;;;777-007.214/2014;514;;2014-05-28 16:58:46.743;2018-06-18 16:39:07.403922;;;;
5849;2016.15.1.005758-7;TJDFT;37;3312.12;17;;;f;0;;;;514;;2017-05-02 13:05:29.870094;2018-08-27 20:31:38.40943;f;;;
3181;2008.01.1.139441-6;TJDFT;37;;9;62;1006;f;0;;;777-007.416/2014;1070;;2014-06-03 14:42:08.267;2016-10-06 21:34:12.43451;;;;
3182;2014.00.2.011166-9;TJDFT;37;;11;14;1006;f;0;;;777-007.417/2014;1070;3;2014-06-03 14:43:46.78;2016-10-06 21:34:12.445552;;;;
3183;2012.01.1.198519-6;TJDFT;37;;4;14;739;f;0;;;777-007.418/2014;1070;3;2014-06-03 14:45:56.873;2016-10-06 21:34:12.455838;;;;
3184;777.001.511/2014;CODHAB/DF;37;;16;3;521;f;0;;;777-007.433/2014;514;1;2014-06-03 17:47:30.903;2016-10-06 21:34:12.46308;;;;
3185;2010.01.1.182492-2;TJDFT;37;;17;14;1006;f;0;;;777-007.455/2014;1070;3;2014-06-04 13:23:46.617;2016-10-06 21:34:12.473938;;;;
3186;0002931-05.2014.4.01.3400;TJDFT;37;;16;14;1006;f;0;;;777-007.456/2014;1070;3;2014-06-04 13:25:39.54;2016-10-06 21:34:12.483653;;;;
3189;2014.01.1.071693-0;TJDFT;37;;7;14;739;f;0;;;777-007.459/2014;1070;3;2014-06-04 13:30:03.653;2016-10-06 21:34:12.516324;;;;
3191;2011.01.1.168768-8;TJDFT;6;;3;62;805;f;0;;;777-007.461/2014;1070;;2014-06-04 13:33:49.407;2016-10-06 21:34:12.535781;;;;
3193;2013.01.1.028131-0;TJDFT;37;;15;62;805;f;0;;;777-007.463/2014;1070;;2014-06-04 13:37:44.877;2016-10-06 21:34:12.55562;;;;
3194;2009.01.1.026421-4;TJDFT;6;;9;62;805;f;0;;;777-007.552/2014;1070;;2014-06-06 12:07:06.52;2016-10-06 21:34:12.565036;;;;
3195;2014.01.1.064806-5;TJDFT;37;;4;62;805;f;0;;;777-007.553/2014;1070;;2014-06-06 12:08:01.46;2016-10-06 21:34:12.573302;;;;
3196;2012.01.1.190484-4;TJDFT;1;;2;62;805;f;0;;;777-007.554/2014;1070;;2014-06-06 12:10:44.06;2016-10-06 21:34:12.581826;;;;
3197;2013.01.1.184913-7;TJDFT;1;;1;62;805;f;0;;;777-007.555/2014;1070;;2014-06-06 12:12:23.187;2016-10-06 21:34:12.590802;;;;
3198;2012.01.1.032468-6;TJDFT;14;;1;62;805;f;0;;;777-007.556/2014;1070;;2014-06-06 12:13:54.377;2016-10-06 21:34:12.600824;;;;
3199;51053/96;TJDFT;37;;3;62;739;f;0;;;777-007.557/2014;1070;;2014-06-06 12:15:12.707;2016-10-06 21:34:12.609245;;;;
3201;2014.01.1.052804-8;TJDFT;37;;7;62;739;f;0;;;777-007.559/2014;1070;;2014-06-06 12:17:04.337;2016-10-06 21:34:12.628004;;;;
3202;2012.01.1.190504-3;TJDFT;16;;6;62;739;f;0;;;777-007.560/2014;1070;;2014-06-06 12:19:02.827;2016-10-06 21:34:12.637055;;;;
3204;2013.01.1.013401-9;TJDFT;1;;6;62;739;f;0;;;777-007.562/2014;1070;;2014-06-06 12:21:48.69;2016-10-06 21:34:12.655285;;;;
3205;2012.01.1.158610-4;TJDFT;1;;2;62;739;f;0;;;777-007.563/2014;1070;;2014-06-06 12:22:45.52;2016-10-06 21:34:12.664224;;;;
3206;2013.01.1.068847-2;TJDFT;37;;12;62;739;f;0;;;777-007.565/2014;1070;;2014-06-06 12:25:07.54;2016-10-06 21:34:12.674256;;;;
3207;2014.00.2.011935-2;TJDFT;37;;14;62;1006;f;0;;;777-007.566/2014;1070;;2014-06-06 12:26:39.34;2016-10-06 21:34:12.683537;;;;
3208;2014.00.2.011935-2;TJDFT;37;;14;62;1006;f;0;;;777-007.567/2014;1070;;2014-06-06 12:28:04.53;2016-10-06 21:34:12.693003;;;;
3209;2012.01.1.198506-7;TJDFT;37;;2;62;1006;f;0;;;777-007.568/2014;1070;;2014-06-06 12:28:55.5;2016-10-06 21:34:12.701475;;;;
3210;2013.01.1.132563-5;TJDFT;1;;6;62;1006;f;0;;;777-007.569/2014;1070;;2014-06-06 12:29:51.33;2016-10-06 21:34:12.711776;;;;
3211;2014.01.1.060222-0;TJDFT;37;;4;62;1006;f;0;;;777-007.570/2014;1070;;2014-06-06 12:30:42.33;2016-10-06 21:34:12.722239;;;;
3212;2013.01.1.022622-3;TJDFT;1;;2;62;1006;f;0;;;777-007.571/2014;1070;;2014-06-06 12:32:16.487;2016-10-06 21:34:12.731256;;;;
3213;2013.01.1.025379-8;TJDFT;1;;2;62;1006;f;0;;;777-007.572/2014;1070;;2014-06-06 12:33:14.113;2016-10-06 21:34:12.740846;;;;
3214;2013.01.1.028131-0;TJDFT;37;;15;62;805;f;0;;;777-007.645/2014;1070;;2014-06-09 14:43:01.687;2016-10-06 21:34:12.749815;;;;
3188;2012.01.1.094086-4;TJDFT;37;20000.0;16;62;739;f;0;;;777-007.458/2014;1070;;2014-06-04 13:28:38.107;2018-06-18 16:42:19.387479;;;;
3187;2014.01.019813-8;TJDFT;27;1000.0;9;62;1006;t;0;;;777-007.457/2014;1070;;2014-06-04 13:27:02.213;2018-06-18 16:40:44.291056;;;;
3203;2013.01.1.130999-9;TJDFT;1;100208.79;6;62;739;f;0;;;777-007.561/2014;1070;;2014-06-06 12:20:04.453;2018-06-18 16:44:54.638727;;;;
3190;2013.01.1.175749-6;TJDFT;35;709784727.0;4;62;805;f;0;;;777-007.460/2014;1070;;2014-06-04 13:32:15.607;2018-06-20 16:10:02.275067;;;;
5850;2016.15.1.006068-0;TJDFT;37;26113.98;17;;;t;0;;;;514;;2017-05-02 13:11:19.32909;2018-08-27 20:32:51.127293;f;;;
3215;2013.00.2.030988-2;TJDFT;37;;12;62;805;f;0;;;777-007.646/2014;1070;;2014-06-09 14:44:20.093;2016-10-06 21:34:12.759063;;;;
3216;2012.01.1.190821-0;TJDFT;10;;1;62;1006;f;0;;;777-007.648/2014;1070;;2014-06-09 14:45:20.327;2016-10-06 21:34:12.768173;;;;
3217;2013.01.1.068847-2;TJDFT;37;;12;62;739;f;0;;;777-007.649/2014;1070;;2014-06-09 14:47:16.903;2016-10-06 21:34:12.778161;;;;
3218;2014.01.1.072465-4;TJDFT;37;;8;14;1006;f;0;;;777-007.688/2014;1070;3;2014-06-10 12:21:42.507;2016-10-06 21:34:12.788342;;;;
3219;2013.01.1.092105-0;TJDFT;1;;8;62;739;f;0;;;777-007.689/2014;1070;;2014-06-10 12:22:31.65;2016-10-06 21:34:12.799058;;;;
3220;2012.01.1.126122-9;TJDFT;14;;2;62;739;f;0;;;777-007.690/2014;1070;;2014-06-10 12:23:17.823;2016-10-06 21:34:12.808868;;;;
3221;392.015.157/2013;CODHAB/DF;37;;16;1;521;f;0;;;777-007.734/2014;514;;2014-06-10 19:12:06.213;2016-10-06 21:34:12.818246;;;;
3222;2013.01.1.066571-9;TJDFT;9;;8;62;805;f;0;;;777-007.764/2014;1070;;2014-06-11 15:04:31.147;2016-10-06 21:34:12.82741;;;;
3223;2013.01.1.124947-2;TJDFT;1;;6;62;805;f;0;;;777-007.765/2014;1070;;2014-06-11 15:05:25.523;2016-10-06 21:34:12.837527;;;;
3224;1999.01.1.034269-5;TJDFT;11;;6;62;805;f;0;;;777-007.767/2014;1070;;2014-06-11 15:06:34.727;2016-10-06 21:34:12.849822;;;;
3225;1999.01.1.007395-3;TJDFT;37;;3;62;805;f;0;;;777-007.768/2014;1070;;2014-06-11 15:08:28.15;2016-10-06 21:34:12.859478;;;;
3226;2013.01.1.162349-0;TJDFT;1;;3;62;805;f;0;;;777-007.769/2014;1070;;2014-06-11 15:09:19.213;2016-10-06 21:34:12.869345;;;;
3228;2014.01.1.002967-4;TJDFT;9;;4;62;739;f;0;;;777-007.771/2014;1070;;2014-06-11 15:12:18.587;2016-10-06 21:34:12.887849;;;;
3229;2013.01.1.104518-2;TJDFT;1;;4;62;739;f;0;;;777-007.772/2014;1070;;2014-06-11 15:13:09.087;2016-10-06 21:34:12.89883;;;;
3232;1999.01.1.037550-8;TJDFT;37;;8;62;1006;f;0;;;777-007.776/2014;1070;;2014-06-11 15:17:24.497;2016-10-06 21:34:12.930827;;;;
3233;392.015.117/2014;CODHAB/DF;37;;16;1;521;f;0;;;777-007.796/2014;514;;2014-06-11 18:32:33.47;2016-10-06 21:34:12.940528;;;;
3234;392.017.769/2014;CODHAB/DF;37;;16;1;521;f;0;;;777-007.817/2014;514;;2014-06-12 13:19:31.807;2016-10-06 21:34:12.950259;;;;
3235;777.001.609/2014;CODHAB/DF;37;;16;3;521;f;0;;;777-007.832/2014;514;1;2014-06-12 14:41:59.427;2016-10-06 21:34:12.956687;;;;
3236;2013.01.1.135992-0;TJDFT;1;;3;62;805;f;0;;;777-007.852/2014;1070;;2014-06-13 13:48:03.987;2016-10-06 21:34:12.966395;;;;
3237;18922/1992;TJDFT;10;;3;62;805;f;0;;;777-007.854/2014;1070;;2014-06-13 13:48:53.847;2016-10-06 21:34:12.975705;;;;
3238;2013.01.1.062260-2;TJDFT;10;;3;62;805;f;0;;;777-007.855/2014;1070;;2014-06-13 13:49:39.85;2016-10-06 21:34:12.985892;;;;
3239;2013.01.1.026270-6;TJDFT;14;;3;62;805;f;0;;;777-007.856/2014;1070;;2014-06-13 13:50:25.99;2016-10-06 21:34:12.995988;;;;
3241;2014.01.1.011854-9;TJDFT;9;;3;14;805;f;0;;;777-007.858/2014;1070;3;2014-06-13 13:53:12.617;2016-10-06 21:34:13.014625;;;;
3242;2014/0109023;TJDFT;37;;16;62;1006;f;0;;;777-007.859/2014;1070;;2014-06-13 13:55:44.01;2016-10-06 21:34:13.02346;;;;
3243;2011.01.1.194746-4;TJDFT;37;;2;62;1006;f;0;;;777-007.860/2014;1070;;2014-06-13 13:56:49.823;2016-10-06 21:34:13.032577;;;;
3244;2005.01.1.049612-3;TJDFT;19;;4;62;1006;f;0;;;777-007.872/2014;1070;;2014-06-13 15:10:34.567;2016-10-06 21:34:13.042098;;;;
3245;2011.01.1.215685-2;TJDFT;37;;12;62;1006;f;0;;;777-007.874/2014;1070;;2014-06-13 15:11:47.977;2016-10-06 21:34:13.051438;;;;
3246;2013.13.1.005728-3;TJDFT;37;;17;14;1006;f;0;;;777-007.875/2014;1070;3;2014-06-13 15:13:28.413;2016-10-06 21:34:13.062107;;;;
3247;2014.01.1.081531-7;TJDFT;9;;3;14;1006;f;0;;;777-007.876/2014;1070;3;2014-06-13 15:15:19.743;2016-10-06 21:34:13.071598;;;;
3248;2013.01.1.104518-2;TJDFT;1;;4;62;739;f;0;;;777-007.877/2014;1070;;2014-06-13 15:16:56.29;2016-10-06 21:34:13.081594;;;;
3230;2005.01.1.071208-8;TJDFT;37;9875.35;17;62;1006;t;0;;;777-007.773/2014;1070;;2014-06-11 15:14:39.823;2018-06-18 16:47:36.552836;;;;
3231;2012.01.1.156138-8;TJDFT;1;13200.0;3;62;1006;t;0;;;777-007.774/2014;1070;;2014-06-11 15:15:44.26;2018-06-18 16:49:22.861831;;;;
3227;1999.01.1.080986-3;TJDFT;11;;8;62;739;f;0;;;777-007.770/2014;1070;;2014-06-11 15:10:48.447;2018-09-28 13:12:18.241564;;;;
3249;2000.01.1.065798-2;TJDFT;11;;4;62;739;f;0;;;777-007.878/2014;1070;;2014-06-13 15:18:02.963;2016-10-06 21:34:13.090648;;;;
3250;2011.01.1.215685-2;TJDFT;37;;12;62;739;f;0;;;777-007.879/2014;1070;;2014-06-13 15:20:12.98;2016-10-06 21:34:13.099667;;;;
3252;2000.01.1.071820-8;TJDFT;11;;3;62;739;f;0;;;777-007.881/2014;1070;;2014-06-13 15:22:07.09;2016-10-06 21:34:13.118033;;;;
3253;2014.01.1.080617-5;TJDFT;37;;16;62;739;f;0;;;777-007.882/2014;1070;;2014-06-13 15:23:21.027;2016-10-06 21:34:13.127481;;;;
3254;305.000.100/2014;CODHAB/DF;37;;16;4;521;f;0;;;777-007.941/2014;514;;2014-06-16 14:43:27.043;2016-10-06 21:34:13.137004;;;;
3255;777.001.617/2014;CODHAB/DF;37;;16;3;521;f;0;;;777-007.942/2014;514;1;2014-06-16 14:48:01.387;2016-10-06 21:34:13.14349;;;;
3256;305.000.105/2014;CODHAB/DF;37;;16;4;521;f;0;;;777-007.977/2014;514;;2014-06-16 19:14:59.26;2016-10-06 21:34:13.153222;;;;
3257;2014.01.1.085687-9;TJDFT;9;;5;14;739;f;0;;;777-007.989/2014;1070;3;2014-06-17 12:24:25.263;2016-10-06 21:34:13.163204;;;;
3258;2014.01.1.063949-3;TJDFT;37;;16;14;1006;f;0;;;777-007.990/2014;1070;3;2014-06-17 12:25:35.92;2016-10-06 21:34:13.172415;;;;
3260;2014.06.1.000309-5;TJDFT;37;;16;3;514;f;0;;;777-007.992/2014;1070;1;2014-06-17 12:28:22.703;2016-10-06 21:34:13.18963;;;;
3261;2012.01.1.073090-4;TJDFT;1;;1;62;1006;f;0;;;777-007.993/2014;1070;;2014-06-17 12:29:18.703;2016-10-06 21:34:13.199168;;;;
3262;2014.01.1.087451-2;TJDFT;9;;3;62;1006;f;0;;;777-007.994/2014;1070;;2014-06-17 12:30:00.983;2016-10-06 21:34:13.208241;;;;
3263;2011.01.1.223820-3;TJDFT;37;;14;62;739;f;0;;;777-007.996/2014;1070;;2014-06-17 12:32:24.157;2016-10-06 21:34:13.217941;;;;
3264;2012.01.1.026450-4;TJDFT;9;;4;62;739;f;0;;;777-007.997/2014;1070;;2014-06-17 12:33:34.297;2016-10-06 21:34:13.227071;;;;
3265;2014.00.2.013089-3;TJDFT;37;;13;62;805;f;0;;;777-007.998/2014;1070;;2014-06-17 12:35:33.83;2016-10-06 21:34:13.237071;;;;
3268;2013.01.135199-8;TJDFT;1;;3;62;805;f;0;;;777-008.001/2014;1070;;2014-06-17 12:39:25.223;2016-10-06 21:34:13.27874;;;;
3269;392.022.035/2014;CODHAB/DF;37;;16;1;521;f;0;;;777-008.071/2014;514;;2014-06-18 18:33:44.81;2016-10-06 21:34:13.291711;;;;
3270;392.022.627/2012;CODHAB/DF;37;;16;1;521;f;0;;;777-008.073/2014;514;;2014-06-18 18:35:37.45;2016-10-06 21:34:13.309364;;;;
3271;777.007.398/2014;CODHAB/DF;37;;16;26;521;f;0;;;777-008.082/2014;514;;2014-06-18 19:21:25.663;2016-10-06 21:34:13.325053;;;;
3272;2012.01.1.035971-7;TJDFT;37;;12;62;1006;f;0;;;777-008.098/2014;1070;;2014-06-24 12:23:56.637;2016-10-06 21:34:13.338747;;;;
3274;2014.01.1.072813-4;TJDFT;37;;16;14;739;f;0;;;777-008.101/2014;1070;3;2014-06-24 12:26:34.23;2016-10-06 21:34:13.362889;;;;
3275;2013.01.1.105326-6;TJDFT;1;;1;62;739;f;0;;;777-008.102/2014;1070;;2014-06-24 12:28:08.357;2016-10-06 21:34:13.375899;;;;
3276;2014.01.1.087451-2;TJDFT;37;;3;14;739;f;0;;;777-008.103/2014;1070;3;2014-06-24 12:29:13.433;2016-10-06 21:34:13.393154;;;;
3277;2013.01.1.060658-9;TJDFT;35;;9;62;805;f;0;;;777-008.110/2014;1070;;2014-06-24 13:27:43.247;2016-10-06 21:34:13.407302;;;;
3278;2013.01.1.047896-3;TJDFT;36;;9;62;805;f;0;;;777-008.111/2014;1070;;2014-06-24 13:29:13.293;2016-10-06 21:34:13.419183;;;;
3279;2014.01.1.006156-8;TJDFT;1;;16;62;805;f;0;;;777-008.112/2014;1070;;2014-06-24 13:30:06.167;2016-10-06 21:34:13.434458;;;;
3280;2013.01.1.130993-3;TJDFT;1;;3;62;1006;f;0;;;777-008.113/2014;1070;;2014-06-24 13:31:22.107;2016-10-06 21:34:13.443792;;;;
3316;300.000.360/2014;CODHAB/DF;37;;16;4;521;f;0;;;777-008.831/2014;514;;2014-07-02 17:34:36.4;2016-10-06 21:34:13.997537;;;;
3266;2012.01.1.140006-7;TJDFT;37;1000.0;13;62;805;t;0;;;777-007.999/2014;1070;;2014-06-17 12:36:23.923;2018-06-18 16:53:44.326227;;;;
3251;2014.01.1.065204-0;TJDFT;12;;8;62;739;f;0;;;777-007.880/2014;1070;;2014-06-13 15:21:10.98;2018-09-28 13:13:24.694482;;;;
3283;2012.01.1.156141-9;TJDFT;1;;2;62;739;f;0;;;777-008.117/2014;1070;;2014-06-24 13:35:50.717;2016-10-06 21:34:13.486885;;;;
3284;2012.01.1.196001-9;TJDFT;1;;4;62;739;f;0;;;777-008.118/2014;1070;;2014-06-24 13:36:59.5;2016-10-06 21:34:13.502826;;;;
3285;2012.01.1.035971-7;TJDFT;37;;12;62;739;f;0;;;777-008.121/2014;1070;;2014-06-24 13:37:57.657;2016-10-06 21:34:13.518717;;;;
3286;2011.01.1.214338-6;TJDFT;39;;13;62;739;f;0;;;777-008.180/2014;1167;;2014-06-24 20:43:35.933;2016-10-06 21:34:13.536748;;;;
3287;2012.01.1.023199-3;TJDFT;37;;1;62;739;f;0;;;777-008.181/2014;1167;;2014-06-24 20:47:13.84;2016-10-06 21:34:13.552858;;;;
3289;2014.00.2.012008-9;TJDFT;38;;13;14;805;f;0;;;777-008.191/2014;514;3;2014-06-25 11:59:29.323;2016-10-06 21:34:13.583888;;;;
3290;2013.01.1.081796-8;TJDFT;1;;6;62;1006;f;0;;;777-008.192/2014;514;;2014-06-25 12:00:32.183;2016-10-06 21:34:13.600227;;;;
3291;2013.01.1.096494-7;TJDFT;1;;2;62;805;f;0;;;777-008.193/2014;514;;2014-06-25 12:01:49.997;2016-10-06 21:34:13.615291;;;;
3292;2013.01.1.008723-3;TJDFT;39;;13;62;805;f;0;;;777-008.195/2014;514;;2014-06-25 12:04:55.17;2016-10-06 21:34:13.631798;;;;
3293;2013.01.1.188372-7;TJDFT;1;;8;62;805;f;0;;;777-008.196/2014;1070;;2014-06-25 12:06:17.627;2016-10-06 21:34:13.64603;;;;
3294;2013.01.1.062260-2;TJDFT;10;;3;62;805;f;0;;;777-008.197/2014;1070;;2014-06-25 12:07:41.22;2016-10-06 21:34:13.666068;;;;
3298;2013.01.1.029837-2;TJDFT;37;;13;62;805;f;0;;;777-008.304/2014;1070;;2014-06-27 12:04:53.33;2016-10-06 21:34:13.723017;;;;
3299;2013.01.1.061330-7;TJDFT;1;;3;62;805;f;0;;;777-008.305/2014;1070;;2014-06-27 12:05:44.863;2016-10-06 21:34:13.740616;;;;
3301;392.002.513/2014;CODHAB/DF;37;;16;1;521;f;0;;;777-008.710/2014;514;;2014-07-01 10:53:35.97;2016-10-06 21:34:13.767694;;;;
3302;2009.01.1.180664-9;TJDFT;12;;17;62;1006;f;0;;;777-008.714/2014;514;;2014-07-01 11:51:52.457;2016-10-06 21:34:13.78475;;;;
3303;1999.01.1.037548-4;TJDFT;11;;4;62;1006;f;0;;;777-008.715/2014;514;;2014-07-01 11:53:13.567;2016-10-06 21:34:13.796443;;;;
3304;2013.01.1.026270-6;TJDFT;14;;3;62;805;f;0;;;777-008.716/2014;514;;2014-07-01 11:54:45.523;2016-10-06 21:34:13.810844;;;;
3305;2012.01.1.180144-3;TJDFT;12;;9;62;805;f;0;;;777-008.717/2014;514;;2014-07-01 11:56:16.82;2016-10-06 21:34:13.824572;;;;
3306;2014.01.1.080442-6;TJDFT;9;;5;14;805;f;0;;;777-008.718/2014;514;3;2014-07-01 11:57:40.007;2016-10-06 21:34:13.839985;;;;
3307;2013.01.1.184934-6;TJDFT;9;;5;14;739;f;0;;;777-008.719/2014;514;3;2014-07-01 11:59:38.807;2016-10-06 21:34:13.852513;;;;
3308;2014.01.1.019925-3;TJDFT;9;;3;62;1006;f;0;;;777-008.791/2014;1070;;2014-07-02 12:22:33.747;2016-10-06 21:34:13.868501;;;;
3309;2012.01.1.106455-2;TJDFT;37;;13;62;1006;f;0;;;777-008.792/2014;1070;;2014-07-02 12:24:24.687;2016-10-06 21:34:13.884286;;;;
3311;2008.01.1.094576-6;TJDFT;37;;15;62;739;f;0;;;777-008.794/2014;1070;;2014-07-02 12:27:51.067;2016-10-06 21:34:13.913777;;;;
3312;2012.01.1.197943-8;TJDFT;1;;3;62;739;f;0;;;777-008.795/2014;1070;;2014-07-02 12:29:06.663;2016-10-06 21:34:13.93235;;;;
3314;110.000.128/2014;CODHAB/DF;37;;16;4;521;f;0;;;777-008.806/2014;514;;2014-07-02 13:33:23.49;2016-10-06 21:34:13.964092;;;;
3315;392.011.330/2013;CODHAB/DF;37;;16;1;521;f;0;;;777-008.829/2014;514;;2014-07-02 16:54:19.797;2016-10-06 21:34:13.982682;;;;
3282;2011.01.1.223246-0;TJDFT;37;164841.6;16;62;739;f;0;;;777-008.115/2014;1070;;2014-06-24 13:34:52.203;2018-06-19 12:38:58.873571;;;;
3296;2012.01.1.167401-7;TJDFT;1;100000.0;8;62;739;f;0;;;777-008.302/2014;1070;;2014-06-27 12:02:30.89;2018-06-19 13:04:08.753694;;;;
3300;2012.01.1.156134-7;TJDFT;10;80000.0;6;62;1006;f;0;;;777-008.306/2014;1070;;2014-06-27 12:06:45.537;2018-06-19 13:06:30.4783;;;;
3295;2012.01.1.127820-8;TJDFT;1;;6;62;739;f;0;;;777-008.301/2014;1070;;2014-06-27 12:01:41.153;2018-09-28 13:15:38.814622;;;;
3313;2011.01.1.101557-7;TJDFT;37;100000.0;13;62;805;t;0;;;777-008.796/2014;1070;;2014-07-02 12:31:23.887;2018-09-28 13:16:43.408338;;;;
3288;2014.00.2.013136-5;TJDFT;37;;14;14;739;f;0;;;777-008.190/2014;514;3;2014-06-25 11:56:44.57;2018-10-02 14:48:00.191795;;;;
3317;2014.00.2.013089-3;TJDFT;38;;13;62;805;f;0;;;777-008.850/2014;1167;;2014-07-02 19:49:01.463;2016-10-06 21:34:14.013608;;;;
3318;2008.01.1.139441-6;TJDFT;37;;9;62;1006;f;0;;;777-008.851/2014;1167;;2014-07-02 19:53:37.403;2016-10-06 21:34:14.029041;;;;
3319;2012.01.1.146374-7;TJDFT;14;;2;62;739;f;0;;;777-008.852/2014;1167;;2014-07-02 20:01:11.407;2016-10-06 21:34:14.044508;;;;
3320;2013.01.1.025253-7;TJDFT;1;;2;62;739;f;0;;;777-008.854/2014;1167;;2014-07-02 20:02:55.203;2016-10-06 21:34:14.061189;;;;
3321;2013.01.1.140889-9;TJDFT;1;;8;62;739;f;0;;;777-008.855/2014;1167;;2014-07-02 20:04:36.267;2016-10-06 21:34:14.074456;;;;
3322;102.054.519/1990;CODHAB/DF;37;;16;1;521;f;0;;;777-008.881/2014;514;;2014-07-03 14:13:06.28;2016-10-06 21:34:14.090642;;;;
3323;102.106.662/1994;CODH;37;;16;1;521;f;0;;;777-008.882/2014;514;;2014-07-03 14:15:34.203;2016-10-06 21:34:14.106417;;;;
3324;2013.09.1.003527-9;TJDFT;9;;16;3;805;f;0;;;777-008.916/2014;514;1;2014-07-03 19:35:14.303;2016-10-06 21:34:14.116766;;;;
3325;51053/96;TJDFT;37;;3;62;739;f;0;;;777-008.930/2014;1070;;2014-07-04 12:30:12.683;2016-10-06 21:34:14.132135;;;;
3326;2006.03.1.019378-8;TJDFT;37;;17;62;1006;f;0;;;777-008.931/2014;1070;;2014-07-04 12:31:53.78;2016-10-06 21:34:14.146366;;;;
3327;2012.01.1.191937-7;TJDFT;37;;12;62;805;f;0;;;777-008.932/2014;1070;;2014-07-04 12:33:45.89;2016-10-06 21:34:14.160364;;;;
3328;2014.01.1.080442-6;TJDFT;9;;5;62;805;f;0;;;777-008.933/2014;1070;;2014-07-04 12:34:42.937;2016-10-06 21:34:14.182307;;;;
3330;2014.01.1.090028-7;TJDFT;9;;4;14;1006;f;0;;;777-008.935/2014;1070;3;2014-07-04 12:37:22.533;2016-10-06 21:34:14.214688;;;;
3331;0000160-82 2014 5 10 0017;Tribunal Regional do Trabalho ;37;;17;62;739;f;0;;;777-008.936/2014;1070;;2014-07-04 12:38:53.783;2016-10-06 21:34:14.229262;;;;
3332;2014.01.1.060222-0;TJDFT;9;;4;14;514;f;0;;;777-008.937/2014;1070;3;2014-07-04 12:43:14.957;2016-10-06 21:34:14.242668;;;;
3333;2014.01.1.058743-6;TJDFT;9;;4;14;514;f;0;;;777-008.938/2014;1070;3;2014-07-04 12:45:04.677;2016-10-06 21:34:14.255822;;;;
3334;392.000.463/2011;CODHAB/DF;37;;16;1;521;f;0;;;777-008.946/2014;514;;2014-07-04 13:58:36.947;2016-10-06 21:34:14.265855;;;;
3335;392.001.640/2013;CODHAB/DF;37;;16;1;521;f;0;;;777-008.947/2014;514;;2014-07-04 13:59:20.46;2016-10-06 21:34:14.275493;;;;
3336;392.024.184/2014;CODHAB/DF;37;;16;1;521;f;0;;;777-008.996/2014;514;;07/07/2014 18:04;2016-10-06 21:34:14.285077;;;;
3337;2013.01.1.039223-4;TJDFT;1;;3;62;739;f;0;;;777-008.997/2014;1167;;2014-07-07 18:23:10.193;2016-10-06 21:34:14.294465;;;;
3339;2012.01.1.189595-2;TJDFT;37;;3;62;1006;f;0;;;777-009.000/2014;1167;;2014-07-07 18:27:24.71;2016-10-06 21:34:14.312758;;;;
3340;2014.01.1.055552-4;TJDFT;37;;5;14;1006;f;0;;;777-009.002/2014;1167;3;2014-07-07 18:29:28.397;2016-10-06 21:34:14.325822;;;;
3341;2011.01.1.211030-0;TJDFT;41;;16;62;739;f;0;;;777-009.003/2014;1167;;2014-07-07 18:33:23.697;2016-10-06 21:34:14.335543;;;;
3342;392.012.270/2014;CODHAB/DF;37;;16;1;521;f;0;;;777-009.037/2014;514;;2014-07-09 11:38:49.4;2016-10-06 21:34:14.344244;;;;
3343;2013.01.1.047896-3;TJDFT;36;;9;62;805;f;0;;;777-009.044/2014;1070;;2014-07-09 13:26:07.383;2016-10-06 21:34:14.353643;;;;
3344;2013.01.1.060658-9;TJDFT;35;;9;62;805;f;0;;;777-009.045/2014;1070;;2014-07-09 13:29:15.313;2016-10-06 21:34:14.363675;;;;
3345;2013.01.1.151097-3;TJDFT;37;;6;62;805;f;0;;;777-009.046/2014;1070;;2014-07-09 13:31:15.593;2016-10-06 21:34:14.372542;;;;
3348;2013.01.1.083138-3;TJDFT;37;;2;62;805;f;0;;;777-009.050/2014;1070;;2014-07-09 13:34:51.553;2016-10-06 21:34:14.40051;;;;
3349;2013.01.1.188388-9;TJDFT;1;;6;62;1006;f;0;;;777-009.051/2014;1070;;2014-07-09 13:35:51.82;2016-10-06 21:34:14.410088;;;;
3329;2012.01.1.030702-4;TJDFT;27;100.0;6;62;805;f;0;;;777-008.934/2014;1070;;2014-07-04 12:35:58.97;2018-06-19 13:09:45.341521;;;;
3338;2013.01..1.011666-6;TJDFT;1;100.0;6;62;739;t;0;;;777-008.998/2014;1167;;2014-07-07 18:24:37.507;2018-09-28 12:42:19.981489;;;;
5851;0701256-18.2017.8.07.0018;TJDFT;1;123283.16;8;;;f;1;;;;514;;2017-05-08 13:24:05.547172;2018-10-03 11:04:55.278395;f;;;
3350;2014.00.2.014653-0;TJDFT;38;;11;62;1006;f;0;;;777-009.052/2014;1070;;2014-07-09 13:36:40.85;2016-10-06 21:34:14.418998;;;;
3352;2012.01.1.195991-8;TJDFT;1;;3;62;739;f;0;;;777-009.055/2014;1070;;2014-07-09 13:39:03.223;2016-10-06 21:34:14.438201;;;;
3355;392.027.092/2014;CODHAB/DF;37;;16;1;521;f;0;;;777-009.088/2014;514;;2014-07-09 18:03:19.593;2016-10-06 21:34:14.467488;;;;
3357;2013.01.1.135199-8;TJDFT;1;;3;62;805;f;0;;;777-009.121/2014;1070;;2014-07-10 12:43:43.773;2016-10-06 21:34:14.486111;;;;
3359;2013.01.1.024715-6;TJDFT;1;;8;62;805;f;0;;;777-009.124/2014;1070;;2014-07-10 12:45:40.337;2016-10-06 21:34:14.505089;;;;
3360;2012.01.1.190636-8;TJDFT;16;;4;62;1006;f;0;;;777-009.125/2014;1070;;2014-07-10 12:47:06.617;2016-10-06 21:34:14.514187;;;;
3361;2012.01.1.106455-2;TJDFT;1;;13;62;739;f;0;;;777-009.126/2014;1070;;2014-07-10 12:51:13.213;2016-10-06 21:34:14.523367;;;;
3362;2013.01.1.105326-6;TJDFT;1;;1;62;739;f;0;;;777-009.127/2014;1070;;2014-07-10 12:52:03.197;2016-10-06 21:34:14.533125;;;;
3364;2014.00.2.014075-7;TJDFT;37;;13;14;739;f;0;;;777-009.129/2014;1070;3;2014-07-10 12:54:10.37;2016-10-06 21:34:14.551721;;;;
3365;392.027.229/2014;CODHAB/DF;37;;16;1;521;f;0;;;777-009.172/2014;514;;2014-07-10 19:04:15.373;2016-10-06 21:34:14.561023;;;;
3366;2011.01.1.099051-6;TJDFT;37;;6;62;805;f;0;;;777-009.198/2014;1070;;2014-07-11 12:34:28.613;2016-10-06 21:34:14.570439;;;;
3367;2012.01.1.080005-8;TJDFT;20;;3;62;805;f;0;;;777-009.201/2014;1070;;2014-07-11 12:35:32.803;2016-10-06 21:34:14.579001;;;;
3370;2014.01.1.055552-4;TJDFT;3;;5;62;1006;f;0;;;777-009.205/2014;1070;;2014-07-11 12:39:46.38;2016-10-06 21:34:14.607261;;;;
3371;2000.01.1.052713-6;TJDFT;37;;2;62;1006;f;0;;;777-009.206/2014;1070;;2014-07-11 12:40:42.833;2016-10-06 21:34:14.618173;;;;
3372;2014.00.2.015155-0;TJDFT;38;;12;62;1006;f;0;;;777-009.207/2014;1070;;2014-07-11 12:44:14.913;2016-10-06 21:34:14.628085;;;;
3373;2014.00.2.015155-0;TJDFT;38;;12;62;1006;f;0;;;777-009.208/2014;1070;;2014-07-11 12:44:15.133;2016-10-06 21:34:14.638306;;;;
3374;2012.01.1.136715-6;TJDFT;1;;3;62;739;f;0;;;777-009.209/2014;1070;;2014-07-11 12:45:46.527;2016-10-06 21:34:14.647814;;;;
3377;2012.01.1.194713-2;TJDFT;16;;4;62;739;f;0;;;777-009.213/2014;1070;;2014-07-11 12:48:29.587;2016-10-06 21:34:14.691539;;;;
3378;2010.01.1.039737-4;TJDFT;1;;14;62;739;f;0;;;777-009.214/2014;1070;;2014-07-11 12:50:41.357;2016-10-06 21:34:14.700732;;;;
3379;2012.01.1.190636-8;TJDFT;37;;4;14;1006;f;0;;;777-009.244/2014;1070;3;2014-07-11 15:09:21.31;2016-10-06 21:34:14.709771;;;;
3380;2014.01.1.103331-8;TJDFT;3;;7;14;805;f;0;;;777-009.245/2014;1070;3;2014-07-11 15:10:53.31;2016-10-06 21:34:14.718727;;;;
3382;2014.00.2.015313-9;TJDFT;38;;12;62;805;f;0;;;777-009.362/2014;1070;;2014-07-14 12:34:33.497;2016-10-06 21:34:14.737164;;;;
5852;0701212-96.2017.8.07.0018;TJDFT;15;150000.0;8;;;t;1;;;;514;;2017-05-08 13:25:44.064324;2017-05-08 13:25:44.064324;f;;;
5967;0726468-47.2017.8.07.0016;TJDFT;16;2003.14;18;;;t;1;;;;514;;2017-08-29 13:49:01.022012;2017-08-29 13:49:01.022012;f;;;
6183;0703102-36.2018.8.07.0018;TJDFT;1;100000.0;7;;;t;1;;;;514;;2018-04-16 18:12:32.781232;2018-04-16 18:12:32.781232;;;;
3351;2011.01.1.233181-9;TJDFT;26;400000.0;3;62;739;f;0;;;777-009.054/2014;1070;;2014-07-09 13:38:12.193;2018-06-19 13:13:38.421816;;;;
3354;2011.01.1.017186-2;TJDFT;37;50000.0;14;62;739;f;0;;;777-009.057/2014;1070;;2014-07-09 13:41:14.443;2018-06-19 13:16:06.821218;;;;
3375;2013.01.1.084102-0;TJDFT;1;90000.0;3;62;739;f;0;;;777-009.211/2014;1070;;2014-07-11 12:46:33.587;2018-06-19 14:01:50.408278;;;;
3376;2013.01.1.162378-9 ;TJDFT;1;;3;62;739;t;0;;;777-009.212/2014;1070;;2014-07-11 12:47:26.917;2018-06-19 14:06:36.727942;;;;
6256;0705915-36.2018.8.07.0018;TJDFT;1;100000.0;8;;;t;1;;;;514;;2018-07-20 13:42:14.456033;2018-07-20 13:42:14.456033;;;;
6102;2011.07.1.013318-4;TJDFT;8;13097.63;17;;;t;0;;;;514;;2018-01-25 16:03:11.636256;2018-08-27 19:00:45.313842;;;;
415;2016.01.1.053063-4;TJDFT;1;80000.0;5;;;f;0;;;;514;;2016-06-14 20:26:00.723;2018-08-28 18:40:28.958035;;;;
3363;2013.01.079408-4;TJDFT;1;45000.0;6;62;739;t;0;;;777-009.128/2014;1070;;2014-07-10 12:53:00.747;2018-09-28 12:50:54.748478;;;;
6259;0000214-45.2018.5.10.0102;TRT 10;32;22000.0;24;;;t;1;;;392-003.220/2018;514;;2018-08-01 12:14:29.383085;2018-12-04 12:52:16.562371;;;;
6339;0711329-15.2018.8.07.0018;TJDFT;1;120220.0;2;;;t;1;;;;514;;2018-12-06 13:20:29.242544;2018-12-06 13:20:29.242544;;;;
6399;0702419-62.2019.8.07.0018;TJDFT;1;100000.0;59;;;t;1;;;;514;;2019-03-21 14:02:01.281683;2019-03-21 14:02:01.281683;;;;
6400;0701966-67.2019.8.07.0018;TJDFT;1;120220.0;6;;;t;1;;;;514;;2019-03-22 19:47:43.409383;2019-03-22 19:47:43.409383;;;;
6404;0702294-94.2019.8.07.0018;TJDFT;14;200000.0;2;;;t;1;;;;514;;2019-03-29 15:12:05.144588;2019-03-29 15:12:05.144588;;;;
6406;0703223-67.2018.8.07.0017;VARA DE FAZENDA P脷BLICA;1;1000.0;7;;;t;1;;;;1436;;2019-04-08 17:52:20.107721;2019-04-08 17:52:20.107721;;;;
3383;2014.00.2.015313-9;TJDFT;38;;12;62;805;f;0;;;777-009.363/2014;1070;;2014-07-14 12:35:27.34;2016-10-06 21:34:14.746964;;;;
3384;2004.01.1.020374-6;TJDFT;13;;6;62;805;f;0;;;777-009.364/2014;1070;;2014-07-14 12:36:55.64;2016-10-06 21:34:14.755993;;;;
3385;2013.01.1.098566-2;TJDFT;9;;6;14;1006;f;0;;;777-009.365/2014;1070;3;2014-07-14 12:38:25.89;2016-10-06 21:34:14.765076;;;;
3386;2012.01.1.162220-8;TJDFT;1;;2;62;1006;f;0;;;777-009.366/2014;1070;;2014-07-14 12:39:43.58;2016-10-06 21:34:14.774751;;;;
3387;2014.01.1.029657-4;TJDFT;9;;2;62;1006;f;0;;;777-009.367/2014;1070;;2014-07-14 12:40:38.953;2016-10-06 21:34:14.784322;;;;
3388;2012.01.1.162220-8;TJDFT;1;;2;62;1006;f;0;;;777-009.368/2014;1070;;2014-07-14 12:41:30.08;2016-10-06 21:34:14.793105;;;;
3389;2014.01.1.029657-4;TJDFT;9;;2;62;1006;f;0;;;777-009.369/2014;1070;;2014-07-14 12:42:26.94;2016-10-06 21:34:14.801557;;;;
3390;2011.01.1.031658-8;TJDFT;14;;5;62;739;f;0;;;777-009.370/2014;1070;;2014-07-14 12:44:00.693;2016-10-06 21:34:14.810773;;;;
3391;2012.01.1.058427-0;TJDFT;1;;2;62;739;f;0;;;777-009.371/2014;1070;;2014-07-14 12:44:57.367;2016-10-06 21:34:14.819798;;;;
3392;2012.01.1.058427-0;TJDFT;1;;2;62;739;f;0;;;777-009.372/2014;1070;;2014-07-14 12:46:28.147;2016-10-06 21:34:14.83061;;;;
3393;2013.01.1.025253-7;TJDFT;1;;2;62;739;f;0;;;777-009.373/2014;1070;;2014-07-14 12:47:50.227;2016-10-06 21:34:14.841606;;;;
3394;2014.01.1.096171-0;TJDFT;9;;3;14;739;f;0;;;777-009.374/2014;1070;3;2014-07-14 12:49:16.823;2016-10-06 21:34:14.851091;;;;
3395;2014.01.1.093386-8;TJDFT;9;;3;14;739;f;0;;;777-009.375/2014;1070;3;2014-07-14 12:50:38.497;2016-10-06 21:34:14.86104;;;;
3396;2014.01.1.080539-8;TJDFT;9;;6;14;739;f;0;;;777-009.377/2014;1070;3;2014-07-14 12:52:24.7;2016-10-06 21:34:14.870506;;;;
3398;2014.00.2.013089-3;TJDFT;37;;13;62;805;f;0;;;777-009.440/2014;514;;2014-07-15 11:47:08.003;2016-10-06 21:34:14.889236;;;;
3399;2013.01.1.059713-3;TJDFT;10;;7;62;1006;f;0;;;777-009.441/2014;514;;2014-07-15 11:48:53.8;2016-10-06 21:34:14.898175;;;;
3400;2014.01.1.002967-4;TJDFT;9;;4;62;739;f;0;;;777-009.442/2014;514;;2014-07-15 11:49:44.99;2016-10-06 21:34:14.907166;;;;
3403;2012.01.1.196626-9;TJDFT;1;;1;62;805;f;0;;;777-009.577/2014;1070;;2014-07-17 12:43:50.663;2016-10-06 21:34:14.935385;;;;
3404;2012.01.1.026450-4;TJDFT;9;;4;62;805;f;0;;;777-009.578/2014;1070;;2014-07-17 12:45:23.023;2016-10-06 21:34:14.944874;;;;
3405;1998.01.1.051603-6;TJDFT;11;;3;62;805;f;0;;;777-009.579/2014;1070;;2014-07-17 12:46:44.273;2016-10-06 21:34:14.953985;;;;
3407;2012.01.1.170745-2;TJDFT;1;;14;62;1006;f;0;;;777-009.582/2014;1070;;2014-07-17 12:49:46.367;2016-10-06 21:34:14.972071;;;;
3408;2013.01.1.148982-7;TJDFT;1;;2;62;1006;f;0;;;777-009.583/2014;1070;;2014-07-17 12:50:45.35;2016-10-06 21:34:14.981897;;;;
3409;2013.01.1.088203-6;TJDFT;1;;1;62;1006;f;0;;;777-009.584/2014;1070;;2014-07-17 12:52:37.977;2016-10-06 21:34:14.991725;;;;
3411;2011.01.1.233579-9;TJDFT;14;;14;62;1006;f;0;;;777-009.586/2014;1070;;2014-07-17 12:54:49.383;2016-10-06 21:34:15.011774;;;;
3412;2014.01.1.091338-4;TJDFT;3;;3;14;1006;f;0;;;777-009.587/2014;1070;3;2014-07-17 12:56:23.603;2016-10-06 21:34:15.021513;;;;
3413;2012.01.1.198497-2;TJDFT;37;;4;14;739;f;0;;;777-009.589/2014;1070;3;2014-07-17 13:03:17.887;2016-10-06 21:34:15.030545;;;;
3415;2013.01.1.070906-5;TJDFT;1;;2;62;739;f;0;;;777-009.591/2014;1070;;2014-07-17 13:07:44.7;2016-10-06 21:34:15.050582;;;;
3416;2014.00.2.011935-2;TJDFT;37;;14;62;739;f;0;;;777-009.592/2014;1070;;2014-07-17 13:10:41.343;2016-10-06 21:34:15.060389;;;;
3406;2014.01.1.085347-7;TJDFT;37;100000.0;8;14;805;f;0;;;777-009.580/2014;1070;3;2014-07-17 12:47:56.21;2018-06-19 14:09:04.181642;;;;
3410;0002188-86.2013.8.07.0018;TJDFT;10;50274.71;5;62;1006;t;0;;;777-009.585/2014;1070;;2014-07-17 12:53:30.51;2018-11-23 12:16:12.731805;;;;
3414;2014.01.1.017312-2;TJDFT;9;26078.44;5;14;739;t;0;;;777-009.590/2014;1070;3;2014-07-17 13:06:25.137;2018-06-19 14:21:27.298668;;;;
3397;0701276-72.2018.8.07.0018;TJDFT;11;0.0;3;62;805;t;0;;;777-009.439/2014;514;;2014-07-15 11:46:03.72;2018-10-02 13:36:25.782574;;;;
3417;2007.01.1.052082-8;TJDFT;37;;17;62;739;f;0;;;777-009.594/2014;1070;;2014-07-17 13:12:30.343;2016-10-06 21:34:15.070499;;;;
3418;2009.01.1.026422-2;TJDFT;41;;16;62;805;f;0;;;777-009.655/2014;1167;;2014-07-17 21:17:04.02;2016-10-06 21:34:15.080133;;;;
3419;2013.01.1.161878-5;TJDFT;35;;2;62;805;f;0;;;777-009.656/2014;1167;;2014-07-17 21:20:48.943;2016-10-06 21:34:15.09046;;;;
3420;2013.01.1.191102-3;TJDFT;37;;1;62;805;f;0;;;777-009.657/2014;1167;;2014-07-17 21:22:27.3;2016-10-06 21:34:15.099677;;;;
3421;2009.01.1.173260-9;TJDFT;37;;1;62;805;f;0;;;777-009.658/2014;1167;;2014-07-17 21:25:10.723;2016-10-06 21:34:15.109589;;;;
3422;2013.01.1.058211-9;TJDFT;1;;1;62;739;f;0;;;777-009.659/2014;1167;;2014-07-17 21:27:02.163;2016-10-06 21:34:15.118806;;;;
3424;2013.01.1.172176-6;TJDFT;1;;1;62;1006;f;0;;;777-009.661/2014;1167;;2014-07-17 21:29:51.567;2016-10-06 21:34:15.137655;;;;
3425;300.000.389/2014;CODHAB/DF;37;;16;4;521;f;0;;;777-009.749/2014;514;;2014-07-21 12:00:04.003;2016-10-06 21:34:15.147312;;;;
3426;2012.01.1.190826-9;TJDFT;1;;7;62;1006;f;0;;;777-009.751/2014;1070;;2014-07-21 12:03:58.313;2016-10-06 21:34:15.156942;;;;
3427;2013.00.2.015468-2;TJDFT;38;;13;62;739;f;0;;;777-009.979/2014;1167;;2014-07-23 19:13:10.897;2016-10-06 21:34:15.167024;;;;
3428;2013.00.2.016334-2;TJDFT;38;;13;62;739;f;0;;;777-009.981/2014;1167;;2014-07-23 19:15:42.803;2016-10-06 21:34:15.176092;;;;
3430;2014.01.1.104217-2;TJDFT;20;;8;62;739;f;0;;;777-009.985/2014;1167;;2014-07-23 19:21:59.927;2016-10-06 21:34:15.194866;;;;
3432;2000.01.1.022795-9;TJDFT;37;;5;62;739;f;0;;;777-009.988/2014;1167;;2014-07-23 19:31:09.643;2016-10-06 21:34:15.212614;;;;
3434;2012.01.1.062490-7;TJDFT;14;;1;62;1006;f;0;;;777-009.992/2014;1167;;2014-07-23 19:33:57.567;2016-10-06 21:34:15.231438;;;;
3435;2012.01.1.189586-4;TJDFT;16;;4;62;1006;f;0;;;777-009.993/2014;1167;;2014-07-23 19:35:36.847;2016-10-06 21:34:15.241111;;;;
3436;2012.01.1.152499-5;TJDFT;1;;7;62;1006;f;0;;;777-009.995/2014;1167;;2014-07-23 19:36:43.783;2016-10-06 21:34:15.250367;;;;
3437;2014.01.1.016270-5;TJDFT;37;;7;62;1006;f;0;;;777-009.997/2014;1167;;2014-07-23 19:40:01.297;2016-10-06 21:34:15.25916;;;;
3439;2011.01.1.233579-9;TJDFT;37;;14;62;1006;f;0;;;777-009.999/2014;1167;;2014-07-23 19:43:04.457;2016-10-06 21:34:15.278196;;;;
3440;2012.01.1.170745-2;TJDFT;37;;14;62;1006;f;0;;;777-010.001/2014;1167;;2014-07-23 19:44:47.237;2016-10-06 21:34:15.287464;;;;
3441;2012.01.1.190658-5;TJDFT;16;;2;62;1006;f;0;;;777-010.002/2014;1167;;2014-07-23 19:45:55.423;2016-10-06 21:34:15.297354;;;;
3442;2013.01.1.026554-6;TJDFT;1;;7;62;1006;f;0;;;777-010.003/2014;1167;;2014-07-23 19:47:00.437;2016-10-06 21:34:15.306983;;;;
3443;2011.01.1.211842-8;TJDFT;15;;7;62;1006;f;0;;;777-010.005/2014;1167;;2014-07-23 19:48:33.063;2016-10-06 21:34:15.316851;;;;
3444;2008.01.1.139441-6;TJDFT;37;;16;62;805;f;0;;;777-010.007/2014;1167;;2014-07-23 19:51:14.827;2016-10-06 21:34:15.326138;;;;
3445;2013.01.1.162349-0;TJDFT;1;;3;62;805;f;0;;;777-010.009/2014;1167;;2014-07-23 19:52:19.297;2016-10-06 21:34:15.335861;;;;
3446;2013.01.1.101841-0;TJDFT;1;;8;62;805;f;0;;;777-010.010/2014;1167;;2014-07-23 19:53:27.407;2016-10-06 21:34:15.346146;;;;
3447;2013.01.1.028131-0;TJDFT;1;;8;62;805;f;0;;;777-010.011/2014;1167;;2014-07-23 19:54:32.767;2016-10-06 21:34:15.359629;;;;
3448;2014.01.1.091772-3;TJDFT;37;;8;8;805;f;0;;;777-010.012/2014;1167;;2014-07-23 19:57:51.92;2016-10-06 21:34:15.36974;;;;
3449;2014.00.2.015155-0;TJDFT;38;;12;62;1006;f;0;;;777-010.016/2014;1167;;2014-07-23 20:11:18.623;2016-10-06 21:34:15.379242;;;;
3483;2014.01.1.035722-6;TJDFT;37;;3;62;739;f;0;;;777-010.320/2014;1167;;2014-07-29 18:02:44.557;2016-10-06 21:34:15.707741;;;;
3423;2013.01.1.053777-0;TJDFT;9;1000.0;7;62;1006;f;0;;;777-009.660/2014;1167;;2014-07-17 21:28:19.147;2018-06-19 14:23:35.424671;;;;
3433;2013.01.1.021461-9;TJDFT;1;65000.0;5;62;739;t;0;;;777-009.990/2014;1167;;2014-07-23 19:32:22.097;2018-09-28 13:05:06.800176;;;;
3431;2014..00.2.011935-2;TJDFT;38;;14;62;739;f;0;;;777-009.987/2014;1167;;2014-07-23 19:29:10.13;2018-09-28 14:12:26.35049;;;;
3452;1999.01.1.037550-8;TJDFT;37;;8;62;1006;f;0;;;777-010.019/2014;1167;;2014-07-23 20:17:37.71;2016-10-06 21:34:15.407314;;;;
3453;18922/92;TJDFT;10;;3;62;739;f;0;;;777-010.020/2014;1167;;2014-07-23 20:18:39.397;2016-10-06 21:34:15.416916;;;;
3454;2009.01.1.152506-4;TJDFT;1;;4;62;805;f;0;;;777-010.021/2014;1167;;2014-07-23 20:19:52.197;2016-10-06 21:34:15.425988;;;;
3455;2014.01.1.103331-8;TJDFT;3;;7;62;805;f;0;;;777-010.022/2014;1167;;2014-07-23 20:21:05.32;2016-10-06 21:34:15.435746;;;;
3457;2013.01.1.028131-0;TJDFT;1;;8;62;805;f;0;;;777-010.088/2014;1167;;2014-07-24 19:16:06.217;2016-10-06 21:34:15.456082;;;;
3458;2004.01.1.053835-8;TJDFT;11;;7;62;805;f;0;;;777-010.089/2014;1167;;2014-07-24 19:17:33.59;2016-10-06 21:34:15.466558;;;;
3459;2000.01.1.065798-2;TJDFT;37;;4;62;805;f;0;;;777-010.091/2014;1167;;2014-07-24 19:19:53.137;2016-10-06 21:34:15.478056;;;;
3460;2014.01.1.034020-6;TJDFT;37;;3;62;805;f;0;;;777-010.092/2014;1167;;2014-07-24 19:21:35.077;2016-10-06 21:34:15.487647;;;;
3461;2009.01.1.173260-9;TJDFT;37;;1;62;805;f;0;;;777-010.093/2014;1167;;2014-07-24 19:23:13.373;2016-10-06 21:34:15.497095;;;;
3462;2012.01.1.115840-8;TJDFT;37;;1;62;805;f;0;;;777-010.094/2014;1167;;2014-07-24 19:24:39.67;2016-10-06 21:34:15.506885;;;;
3464;2010.01.1.039737-4;TJDFT;37;;16;62;739;f;0;;;777-010.099/2014;1167;;2014-07-24 19:29:21.813;2016-10-06 21:34:15.52544;;;;
3465;2013.01.1.056851-9;TJDFT;1;;6;62;1006;f;0;;;777-010.100/2014;1167;;2014-07-24 19:30:55.237;2016-10-06 21:34:15.534957;;;;
3467;2013.01.1.180639-0;TJDFT;1;;3;62;1006;f;0;;;777-010.103/2014;1167;;2014-07-24 19:33:35.643;2016-10-06 21:34:15.554312;;;;
3468;2014.01.1.010509-9;TJDFT;37;;1;62;1006;f;0;;;777-010.105/2014;1167;;2014-07-24 19:35:15.767;2016-10-06 21:34:15.563324;;;;
3470;2012.01.1.060161-6;TJDFT;14;;6;62;805;f;0;;;777-010.239/2014;1167;;2014-07-28 19:20:33.87;2016-10-06 21:34:15.582174;;;;
3471;2014.01.1.105900-6;TJDFT;37;;4;62;805;f;0;;;777-010.243/2014;1167;;2014-07-28 19:32:58.61;2016-10-06 21:34:15.591637;;;;
3472;34540/92;TJDFT;9;;4;62;805;f;0;;;777-010.244/2014;1167;;2014-07-28 19:34:42.893;2016-10-06 21:34:15.601298;;;;
3473;2013.01.1.081802-0;TJDFT;37;;11;62;805;f;0;;;777-010.246/2014;1167;;2014-07-28 19:36:22.16;2016-10-06 21:34:15.611049;;;;
3474;RO-0001426-44 2013.5.10.0016;TJDFT;37;;11;62;1006;f;0;;;777-010.248/2014;1167;;2014-07-28 19:42:32.367;2016-10-06 21:34:15.620483;;;;
3475;2013.01.1.060558-6;TJDFT;10;;6;62;739;f;0;;;777-010.250/2014;1167;;2014-07-28 19:46:03.417;2016-10-06 21:34:15.630647;;;;
3477;2010.01.1.175784-6;TJDFT;37;;3;62;739;f;0;;;777-010.252/2014;1167;;2014-07-28 19:50:17.34;2016-10-06 21:34:15.650102;;;;
3478;2014.01.1.006090-0;TJDFT;37;;3;62;1006;f;0;;;777-010.313/2014;1167;;2014-07-29 17:51:50.35;2016-10-06 21:34:15.659574;;;;
3479;RT - 0000327-11 2014.5.10.0014;TJDFT;37;;16;62;1006;f;0;;;777-010.314/2014;1167;;2014-07-29 17:54:13.587;2016-10-06 21:34:15.669408;;;;
3480;2001.01.1.038821-6;TJDFT;37;;16;62;1006;f;0;;;777-010.317/2014;1167;;2014-07-29 17:59:23.117;2016-10-06 21:34:15.678935;;;;
3481;2012.01.1.080001-7;TJDFT;1;;5;62;739;f;0;;;777-010.318/2014;1167;;2014-07-29 18:00:35.993;2016-10-06 21:34:15.688252;;;;
5853;0701263-10.2017.8.07.0018;TJDFT;1;100000.0;8;;;t;1;;;;514;;2017-05-08 13:27:25.432633;2017-05-08 13:27:25.432633;f;;;
5855;0701927-41.2017.8.07.0018;TJDFT;1;120000.0;7;;;t;1;;;;514;;2017-05-08 19:42:34.483185;2017-05-08 19:42:34.483185;f;;;
5968;0708143-18.2017.8.07.0018;TJDFT;37;5389.06;5;;;t;1;;;;514;;2017-08-29 13:50:56.169239;2017-08-29 13:50:56.169239;f;;;
6103;0714301-89.2017.8.07.0018;TJDFT;14;30000.0;6;;;t;1;;;;514;;2018-01-25 16:07:24.991808;2018-01-25 16:07:24.991808;;;;
6167;0702587-98.2018.8.07.0018;TJDFT;1;80000.0;4;;;t;1;;;;514;;2018-04-05 17:48:02.668725;2018-04-05 17:48:02.668725;;;;
6184;0702656-33.2018.8.07.0018;TJDFT;14;60000.0;4;;;t;1;;;;514;;2018-04-16 18:14:37.955502;2018-04-16 18:14:37.955502;;;;
3463;2014.01.1.050464-6;TJDFT;37;150000.0;4;62;739;f;0;;;777-010.096/2014;1167;;2014-07-24 19:26:27.203;2018-06-19 15:13:35.089385;;;;
3469;2012.01.1.198499-7;TJDFT;37;1885.36;1;62;1006;f;0;;;777-010.106/2014;1167;;2014-07-24 19:38:37.613;2018-06-19 15:15:27.660055;;;;
3476;2012.01.1.043723-5;TJDFT;1;622.0;5;62;739;f;0;;;777-010.251/2014;1167;;2014-07-28 19:48:38.09;2018-06-19 15:17:37.834191;;;;
3482;2013.01.1.013817-5;TJDFT;37;146166.07;4;62;739;f;0;;;777-010.319/2014;1167;;2014-07-29 18:01:36.947;2018-06-19 15:21:55.128011;;;;
327;2016.01.1.038821-0;TJDFT;1;80000.0;2;;;f;0;;;;514;;2016-04-14 20:12:12.197;2018-08-28 19:16:05.625592;;;;
3485;2012.01.1.197449-8;TJDFT;9;;3;62;805;f;0;;;777-010.323/2014;1167;;2014-07-29 18:05:49.307;2016-10-06 21:34:15.727389;;;;
3486;2013.01.1.122263-6;TJDFT;14;;3;62;805;f;0;;;777-010.324/2014;1167;;2014-07-29 18:06:51.37;2016-10-06 21:34:15.737131;;;;
3487;2014.00.2.015313-9;TJDFT;37;;12;62;805;f;0;;;777-010.325/2014;1167;;2014-07-29 18:08:02.263;2016-10-06 21:34:15.746613;;;;
3488;8263/1993;TJDFT;37;;1;62;1006;f;0;;;777-010.682/2014;1167;;2014-08-01 21:07:05.9;2016-10-06 21:34:15.755006;;;;
3489;2012.01.1.176933-4;TJDFT;1;;7;62;1006;f;0;;;777-010.683/2014;1167;;2014-08-01 21:08:33.01;2016-10-06 21:34:15.76491;;;;
3490;2014.01.1.011854-9;TJDFT;37;;3;62;805;f;0;;;777-010.684/2014;1167;;2014-08-01 21:12:43.403;2016-10-06 21:34:15.774361;;;;
3491;2013.01.1.1.081802-0;TJDFT;37;;11;62;805;f;0;;;777-010.685/2014;1167;;2014-08-01 21:17:16.95;2016-10-06 21:34:15.782654;;;;
3492;2013.01.1.015985-4;TJDFT;1;;5;62;805;f;0;;;777-010.686/2014;1167;;2014-08-01 21:18:29.327;2016-10-06 21:34:15.791703;;;;
3493;2014.01.1.037261-6;TJDFT;37;;4;62;805;f;0;;;777-010.687/2014;1167;;2014-08-01 21:19:37.343;2016-10-06 21:34:15.801845;;;;
3494;"2014,00.2.016746-4";TJDFT;37;;12;62;805;f;0;;;777-010.688/2014;1167;;2014-08-01 21:27:52.253;2016-10-06 21:34:15.811307;;;;
3496;2012.01.1.153974-3;TJDFT;1;;5;62;739;f;0;;;777-010.690/2014;1167;;2014-08-01 21:30:33.44;2016-10-06 21:34:15.830905;;;;
3499;2000.01.1.065784-5;TJDFT;37;;3;62;739;f;0;;;777-010.870/2014;1167;;2014-08-05 20:36:01.16;2016-10-06 21:34:15.859187;;;;
3500;2010.01.1.015984-3;TJDFT;37;;3;62;739;f;0;;;777-010.871/2014;1167;;2014-08-05 20:37:09.707;2016-10-06 21:34:15.868179;;;;
3501;10833/1993;TJDFT;37;;1;62;739;t;0;;;777-010.872/2014;1167;;2014-08-05 20:38:11.52;2016-10-06 21:34:15.877151;;;;
3504;2010.01.1.215586-8;TJDFT;15;;2;62;739;f;0;;;777-010.875/2014;1167;;2014-08-05 20:41:16.66;2016-10-06 21:34:15.906351;;;;
3507;2012.01.1.198506-7;TJDFT;37;;2;62;739;f;0;;;777-010.879/2014;1167;;2014-08-05 20:45:54.007;2016-10-06 21:34:15.934893;;;;
3509;2012.01.1.056739-9;TJDFT;1;;1;62;1006;f;0;;;777-010.881/2014;1167;;2014-08-05 20:48:21.867;2016-10-06 21:34:15.952343;;;;
3511;2012.01.1.152509-8;TJDFT;1;;1;62;1006;f;0;;;777-010.889/2014;514;;2014-08-06 11:35:19.85;2016-10-06 21:34:15.971777;;;;
3513;2012.01.1.194713-2;TJDFT;16;;4;62;1006;f;0;;;777-010.891/2014;514;;2014-08-06 11:38:43.537;2016-10-06 21:34:15.990831;;;;
3515;2011.01.1.215685-2;TJDFT;1;;3;62;1006;f;0;;;777-010.893/2014;514;;2014-08-06 11:42:47.76;2016-10-06 21:34:16.010138;;;;
3516;2013.01.1.107111-7;TJDFT;1;;6;62;1006;f;0;;;777-010.895/2014;514;;2014-08-06 11:44:02.133;2016-10-06 21:34:16.019174;;;;
3517;2013.01.1.130993-3;TJDFT;1;;3;62;1006;f;0;;;777-010.902/2014;1070;;2014-08-06 12:18:31.24;2016-10-06 21:34:16.029311;;;;
3484;2012.01.1.193441-2;TJDFT;37;100000.0;12;62;739;f;0;;;777-010.322/2014;1167;;2014-07-29 18:04:39.697;2018-06-19 15:23:27.541166;;;;
3495;2012.01.1.166624-7;TJDFT;1;80000.0;1;62;739;f;0;;;777-010.689/2014;1167;;2014-08-01 21:29:13.423;2018-06-19 15:24:40.290333;;;;
3498;2012.01.1.169583-3;TJDFT;1;80000.0;5;62;739;f;0;;;777-010.869/2014;1167;;2014-08-05 20:34:35.957;2018-06-19 15:26:28.942951;;;;
3502;2013.01.1.089009-7;TJDFT;1;50000.0;1;62;739;f;0;;;777-010.873/2014;1167;;2014-08-05 20:39:16.863;2018-06-19 15:28:37.147102;;;;
3503;2013.01.1.121245-9;TJDFT;3;100.0;8;62;739;f;0;;;777-010.874/2014;1167;;2014-08-05 20:40:24.503;2018-06-19 15:29:55.289259;;;;
3505;2012.01.1.115855-3;TJDFT;9;480000.0;1;62;739;f;0;;;777-010.876/2014;1167;;2014-08-05 20:42:24.787;2018-06-19 15:32:14.57519;;;;
3506;2013.01.1.021469-2;TJDFT;37;41665.0;1;62;739;f;0;;;777-010.877/2014;1167;;2014-08-05 20:43:29.567;2018-06-19 15:40:52.527976;;;;
3510;2014.01.1.009795-6;TJDFT;9;50000.0;4;62;1006;f;0;;;777-010.888/2014;514;;2014-08-06 11:34:34.677;2018-06-19 15:57:45.913941;;;;
3508;2014.01.1.0984666-6;TJDFT;37;100000.0;3;14;739;t;0;;;777-010.880/2014;1167;3;2014-08-05 20:47:09.13;2018-09-28 13:08:56.048271;;;;
3518;1999.01.1.053428-4;TJDFT;37;;6;62;805;f;0;;;777-010.904/2014;1070;;2014-08-06 12:20:29.13;2016-10-06 21:34:16.038942;;;;
3519;2012.01.1.190809-2;TJDFT;1;;7;62;805;f;0;;;777-010.905/2014;1070;;2014-08-06 12:21:27.147;2016-10-06 21:34:16.048165;;;;
3520;2012.01.1.053855-9;TJDFT;1;;1;62;805;f;0;;;777-010.906/2014;1070;;2014-08-06 12:22:17.913;2016-10-06 21:34:16.058296;;;;
3521;2013.01.1.088276-8;TJDFT;22;;11;62;805;f;0;;;777-010.907/2014;1070;;2014-08-06 12:23:31.147;2016-10-06 21:34:16.067582;;;;
3522;2014.01.1.048075-6;TJDFT;9;;1;14;805;f;0;;;777-010.908/2014;1070;3;2014-08-06 12:25:21.947;2016-10-06 21:34:16.077605;;;;
3523;2014.01.1.064619-7;TJDFT;9;;4;14;805;f;0;;;777-010.909/2014;1070;3;2014-08-06 12:26:37.057;2016-10-06 21:34:16.093904;;;;
3524;2014.01.1.074989-5;TJDFT;9;;4;14;805;f;0;;;777-010.911/2014;1070;3;2014-08-06 12:28:12.557;2016-10-06 21:34:16.103387;;;;
3525;0000160-82 2014 5 10 0017;TRIBUNAL REGIONAL DO TRABALHO ;37;;17;62;739;f;0;;;777-010.937/2014;1070;;2014-08-06 15:06:21.257;2016-10-06 21:34:16.113047;;;;
3526;2011.01.1.025368-9;TJDFT;6;;9;62;805;f;0;;;777-011.120/2014;1070;;2014-08-08 14:55:50.95;2016-10-06 21:34:16.122426;;;;
3527;2012.01.1.153980-7;TJDFT;1;;7;62;805;f;0;;;777-011.121/2014;1070;;2014-08-08 14:57:02.62;2016-10-06 21:34:16.131336;;;;
3529;2012.01.1.152492-0;TJDFT;37;;6;62;805;f;0;;;777-011.123/2014;1070;;2014-08-08 14:59:23.247;2016-10-06 21:34:16.149463;;;;
3530;2014.01.1.062536-9;TJDFT;37;;3;62;805;f;0;;;777-011.124/2014;1070;;2014-08-08 15:00:17.293;2016-10-06 21:34:16.15844;;;;
3531;2000.01.1.046495-2;TJDFT;37;;6;62;1006;f;0;;;777-011.125/2014;1070;;2014-08-08 15:01:34.81;2016-10-06 21:34:16.167245;;;;
3532;2013.01.1.185121-2;TJDFT;27;;3;62;1006;f;0;;;777-011.126/2014;1070;;2014-08-08 15:02:33.217;2016-10-06 21:34:16.176767;;;;
3533;2012.01.1.189607-0;TJDFT;16;;4;62;1006;f;0;;;777-011.127/2014;1070;;2014-08-08 15:03:22.857;2016-10-06 21:34:16.186257;;;;
3534;2013.01.1.013925-8;TJDFT;1;;7;62;739;f;0;;;777-011.128/2014;1070;;2014-08-08 15:04:42.857;2016-10-06 21:34:16.195368;;;;
3535;2013.01.1.135192-4;TJDFT;1;;7;62;739;f;0;;;777-011.129/2014;1070;;2014-08-08 15:06:39.7;2016-10-06 21:34:16.205106;;;;
3536;2012.01.1.145830-9;TJDFT;37;;15;62;739;f;0;;;777-011.171/2014;1167;;2014-08-08 19:45:54.257;2016-10-06 21:34:16.214015;;;;
3537;2012.01.1.145827-8;TJDFT;37;;13;62;1006;f;0;;;777-011.172/2014;1167;;2014-08-08 19:48:53.617;2016-10-06 21:34:16.223324;;;;
3539;2011.01.1.169938-9;TJDFT;14;;5;62;1006;f;0;;;777-011.174/2014;1167;;2014-08-08 19:51:06.197;2016-10-06 21:34:16.241123;;;;
3540;2014.01.1.068446-8;TJDFT;37;;16;62;805;f;0;;;777-011.176/2014;1167;;2014-08-08 19:52:22.307;2016-10-06 21:34:16.249876;;;;
3541;2013.01.1.008723-3;TJDFT;37;;13;62;805;f;0;;;777-011.177/2014;1167;;2014-08-08 19:54:47.32;2016-10-06 21:34:16.258896;;;;
3542;2014.00.2.016746-4;TJDFT;37;;12;62;805;f;0;;;777-011.178/2014;1167;;2014-08-08 19:57:19.447;2016-10-06 21:34:16.267997;;;;
3543;0000160-82 2014 5 10 0017;Tribunal Regional do Trabalho ;37;;17;62;739;f;0;;;777-011.202/2014;1070;;2014-08-11 12:47:43.063;2016-10-06 21:34:16.277481;;;;
3544;0;CODHAB;37;;1;23;1438;t;0;;;392-037.480/2014;1375;2;2015-05-04 20:30:57.547;2016-10-06 21:34:16.288117;;;;
3546;2013.01.1.121655-8;TJDFT;37;;15;62;805;f;0;;;777-011.317/2014;1070;;2014-08-12 15:19:27.117;2016-10-06 21:34:16.306352;;;;
3547;2013.01.1.121655-8;TJDFT;37;;15;62;805;f;0;;;777-011.318/2014;1070;;2014-08-12 15:19:28.15;2016-10-06 21:34:16.316232;;;;
3548;2011.01.1.198861-4;TJDFT;41;;17;62;805;f;0;;;777-011.320/2014;1070;;2014-08-12 15:20:39.603;2016-10-06 21:34:16.325736;;;;
3549;2011.01.101557-7;TJDFT;37;;13;62;805;f;0;;;777-011.321/2014;1070;;2014-08-12 15:23:29.01;2016-10-06 21:34:16.335085;;;;
3550;2013.01.1.042265-3;TJDFT;37;;14;62;1006;f;0;;;777-011.323/2014;1070;;2014-08-12 15:34:43.383;2016-10-06 21:34:16.344382;;;;
5854;0703831-96.2017.8.07.0018;TJDFT;1;100000.0;6;;;t;1;;;;514;;2017-05-08 13:28:54.740692;2017-05-08 13:28:54.740692;f;;;
3538;2014.01.1.072465-4;TJDFT;37;31286.98;8;62;1006;f;0;;;777-011.173/2014;1167;;2014-08-08 19:50:04.633;2018-06-19 15:59:21.796814;;;;
3545;47969-40.2014.4.01.3400;JUSTI脟A FEDERAL;37;;17;8;739;f;0;;;777-011.265/2014;1167;;2014-08-11 21:50:29.403;2018-10-02 13:37:04.337482;;;;
3551;2011.01.1.054169-6;TJDFT;37;;9;62;1006;f;0;;;777-011.324/2014;1070;;2014-08-12 15:36:56.43;2016-10-06 21:34:16.354263;;;;
3552;2012.01.1.170745-2;TJDFT;1;;14;62;1006;f;0;;;777-011.325/2014;1070;;2014-08-12 15:38:15.917;2016-10-06 21:34:16.36427;;;;
3553;2011.01.1.233579-9;TJDFT;14;;14;62;1006;f;0;;;777-011.326/2014;1070;;2014-08-12 15:39:41.197;2016-10-06 21:34:16.374627;;;;
3554;2012.01.1.145830-9;TJDFT;1;;15;62;739;f;0;;;777-011.327/2014;1070;;2014-08-12 15:41:03.697;2016-10-06 21:34:16.38687;;;;
3556;2011.01.1.214338-6;TJDFT;9;;13;62;739;f;0;;;777-011.330/2014;1070;;2014-08-12 15:44:17.617;2016-10-06 21:34:16.404929;;;;
3557;975-18.2014.5.10.0005;Tribunal Regional do Trabalho ;37;;17;8;805;f;0;;;777-011.392/2014;1167;;2014-08-12 20:38:08.277;2016-10-06 21:34:16.413736;;;;
3559;2012.01.1.080005-8;TJDFT;37;;3;62;805;f;0;;;777-011.445/2014;1070;;2014-08-13 15:36:09.507;2016-10-06 21:34:16.432153;;;;
3561;2008.01.1.139441-6;TJDFT;37;;9;62;805;f;0;;;777-011.447/2014;1070;;2014-08-13 15:38:00.553;2016-10-06 21:34:16.464507;;;;
3562;2013.01.1.042265-3;TJDFT;39;;14;62;805;f;0;;;777-011.449/2014;1070;;2014-08-13 15:39:54.383;2016-10-06 21:34:16.487282;;;;
3563;2014.01.1.025023-2;TJDFT;37;;8;62;739;f;0;;;777-011.450/2014;1070;;2014-08-13 15:41:08.71;2016-10-06 21:34:16.497168;;;;
3564;2014.01.1.012373-7;TJDFT;37;;8;62;739;f;0;;;777-011.451/2014;1070;;2014-08-13 15:42:36.383;2016-10-06 21:34:16.506577;;;;
3565;2012.01.1.115944-3;TJDFT;1;;2;62;739;f;0;;;777-011.452/2014;1070;;2014-08-13 15:45:30.337;2016-10-06 21:34:16.515769;;;;
3566;2014.01.1.120429-3;TJDFT;37;;1;14;805;f;0;;;777-011.539/2014;1070;3;2014-08-14 15:34:58.797;2016-10-06 21:34:16.52555;;;;
3567;55147/96;TJDFT;8;;17;62;1006;f;0;;;777-011.540/2014;1070;;2014-08-14 15:35:50.347;2016-10-06 21:34:16.536581;;;;
3568;2013.01.1.066534-0;TJDFT;1;;4;62;1006;f;0;;;777-011.541/2014;1070;;2014-08-14 15:37:15.597;2016-10-06 21:34:16.546721;;;;
3569;2012.01.1.190809-2;TJDFT;1;;7;62;739;f;0;;;777-011.542/2014;1070;;2014-08-14 15:39:04.253;2016-10-06 21:34:16.559489;;;;
3571;0;CODHAB;37;;1;34;1375;t;0;;;392-038.970/2014;1375;2;2015-04-29 12:00:50.1;2016-10-06 21:34:16.57848;;;;
3572;1999.01.1.053428-4;TJDFT;11;;6;62;805;f;0;;;777-011.705/2014;1167;;2014-08-15 19:18:40.41;2016-10-06 21:34:16.587444;;;;
3573;2013.01.1.162391-6;TJDFT;35;;4;62;805;f;0;;;777-011.707/2014;1167;;2014-08-15 19:20:33.927;2016-10-06 21:34:16.596753;;;;
3574;2013.01.1.026270-6;TJDFT;14;;3;62;805;f;0;;;777-011.708/2014;1167;;2014-08-15 19:22:14.333;2016-10-06 21:34:16.606341;;;;
3575;2014.01.1.115690-5;TJDFT;37;;16;62;805;f;0;;;777-011.710/2014;1167;;2014-08-15 19:26:38.43;2016-10-06 21:34:16.619273;;;;
3576;RT-0000975-18 2014.5.10.0005;TJDFT;37;;16;62;805;f;0;;;777-011.711/2014;1167;;2014-08-15 19:34:42.777;2016-10-06 21:34:16.628554;;;;
3577;2008.03.1.021286-0;TJDFT;37;;11;62;805;f;0;;;777-011.714/2014;1167;;2014-08-15 19:38:37.183;2016-10-06 21:34:16.637589;;;;
3578;2014.01.1.107365-0;TJDFT;37;;4;14;805;f;0;;;777-011.715/2014;1167;3;2014-08-15 19:40:07.527;2016-10-06 21:34:16.647891;;;;
3579;2013.01.1.135192-4;TJDFT;1;;7;62;1006;f;0;;;777-011.716/2014;1167;;2014-08-15 19:42:33.027;2016-10-06 21:34:16.659524;;;;
3580;2001.01.1.024596-0;TJDFT;27;;4;62;1006;f;0;;;777-011.717/2014;1167;;2014-08-15 19:44:12.043;2016-10-06 21:34:16.669139;;;;
3581;2014.01.1.111810-3;TJDFT;37;;2;62;1006;f;0;;;777-011.718/2014;1167;;2014-08-15 19:45:17.577;2016-10-06 21:34:16.679475;;;;
3582;2012.01.1.188924-7;TJDFT;16;;2;62;1006;f;0;;;777-011.719/2014;1167;;2014-08-15 19:47:00.327;2016-10-06 21:34:16.689651;;;;
3583;2014.01.1.116813-2;TJDFT;37;;5;14;1006;f;0;;;777-011.720/2014;1167;3;2014-08-15 19:48:19.34;2016-10-06 21:34:16.698817;;;;
5856;0704078-77.2017.8.07.0018;TJDFT;1;100000.0;4;;;t;1;;;;514;;2017-05-08 19:44:23.396418;2017-05-08 19:44:23.396418;f;;;
3570;2013.01.1.124019-0;TJDFT;9;63503.31;8;62;739;f;0;;;777-011.543/2014;1070;;2014-08-14 15:40:33.613;2018-08-23 18:37:48.675198;;;;
3560;2013.01.1.166421-5;TJDFT;1;100000.0;5;62;805;t;0;;;777-011.446/2014;1070;;2014-08-13 15:37:09.68;2018-08-14 18:40:05.244479;;;;
3555;2014.00.2.011935-2;TJDFT;38;;14;62;739;f;0;;;777-011.329/2014;1070;;2014-08-12 15:42:38.43;2018-10-02 13:36:40.595385;;;;
3584;2012.01.1.198622-0;TJDFT;20;;13;62;1006;f;0;;;777-011.790/2014;514;;2014-08-18 16:14:04.083;2016-10-06 21:34:16.708938;;;;
3585;3743/91;TJDFT;13;;3;62;1006;f;0;;;777-011.791/2014;514;;2014-08-18 16:15:31.897;2016-10-06 21:34:16.71805;;;;
3586;2012.01.1.191937-7;TJDFT;1;;3;62;805;f;0;;;777-011.792/2014;514;;2014-08-18 16:16:42.273;2016-10-06 21:34:16.727538;;;;
3587;2011.01.1.159252-2;TJDFT;1;;5;62;805;f;0;;;777-011.793/2014;514;;2014-08-18 16:18:09.977;2016-10-06 21:34:16.737456;;;;
3588;2014.01.1.080442-6;TJDFT;9;;5;62;805;f;0;;;777-011.795/2014;514;;2014-08-18 16:19:36.663;2016-10-06 21:34:16.746824;;;;
3589;2013.01.1.149817-5;TJDFT;1;;6;62;805;f;0;;;777-011.796/2014;514;;2014-08-18 16:20:55.243;2016-10-06 21:34:16.756347;;;;
3590;2014.01.1.103331-8;TJDFT;3;;7;62;805;f;0;;;777-011.798/2014;514;;2014-08-18 16:22:12.54;2016-10-06 21:34:16.765772;;;;
3591;2011.01.1.230343-6;TJDFT;1;;7;62;1006;f;0;;;777-011.799/2014;514;;2014-08-18 16:23:28.073;2016-10-06 21:34:16.776074;;;;
3592;2013.01.1.184972-3;TJDFT;1;;8;62;805;f;0;;;777-011.800/2014;514;;2014-08-18 16:24:40.54;2016-10-06 21:34:17.001771;;;;
3593;2014.01.1.071693-0;TJDFT;37;;7;62;805;f;0;;;777-011.895/2014;1167;;2014-08-19 17:22:00.37;2016-10-06 21:34:17.012422;;;;
3595;2014.00.2.015313-9;TJDFT;37;;12;62;805;f;0;;;777-011.898/2014;1167;;2014-08-19 17:25:31.73;2016-10-06 21:34:17.032475;;;;
3596;2013.01.1.075159-5;TJDFT;37;;2;14;805;f;0;;;777-011.899/2014;1167;3;2014-08-19 17:27:22.793;2016-10-06 21:34:17.044584;;;;
3597;2014.01.1.063949-3;TJDFT;37;;16;62;1006;f;0;;;777-011.900/2014;1167;;2014-08-19 17:28:45.2;2016-10-06 21:34:17.053922;;;;
3599;2013.01.1.060515-0;TJDFT;10;;7;62;1006;f;0;;;777-011.902/2014;1167;;2014-08-19 17:31:13.047;2016-10-06 21:34:17.105821;;;;
3601;2012.01.1.196477-8;TJDFT;37;;4;14;1006;f;0;;;777-011.904/2014;1167;3;2014-08-19 17:33:23.983;2016-10-06 21:34:17.166632;;;;
3602;0;CODHAB;37;;1;34;1375;t;0;;;392-040.181/2014;1375;2;2015-06-30 20:08:22.303;2016-10-06 21:34:17.176204;;;;
3603;2013.00.2.030988-2;TJDFT;38;;12;62;805;f;0;;;777-012.034/2014;1167;;2014-08-20 18:12:29.64;2016-10-06 21:34:17.187641;;;;
3604;2013.01.1.036691-7;TJDFT;1;;2;62;805;f;0;;;777-012.035/2014;1167;;2014-08-20 18:13:35.67;2016-10-06 21:34:17.220933;;;;
3605;2012.01.1.171564-9;TJDFT;1;;7;62;1006;f;0;;;777-012.036/2014;1167;;2014-08-20 18:14:53.967;2016-10-06 21:34:17.263492;;;;
3606;2013.01.1.104576-9;TJDFT;1;;4;62;805;f;0;;;777-012.190/2014;1070;;2014-08-22 12:50:42.4;2016-10-06 21:34:17.277029;;;;
3608;1999.01.1.037550-8;TJDFT;37;;8;62;805;f;0;;;777-012.194/2014;1070;;2014-08-22 13:11:18.187;2016-10-06 21:34:17.29797;;;;
3609;2013.01.1.126507-8;TJDFT;1;;2;62;805;f;0;;;777-012.195/2014;1070;;2014-08-22 13:12:11.923;2016-10-06 21:34:17.307342;;;;
3610;2012.01.1.183587-5;TJDFT;1;;8;62;1006;f;0;;;777-012.196/2014;1070;;2014-08-22 13:13:21.47;2016-10-06 21:34:17.316923;;;;
3611;2013.01.1.072576-3;TJDFT;1;;8;62;1006;f;0;;;777-012.197/2014;1070;;2014-08-22 13:14:18.313;2016-10-06 21:34:17.32683;;;;
3612;2011.01.1.230343-6;TJDFT;1;;7;62;1006;f;0;;;777-012.198/2014;1070;;2014-08-22 13:15:03.597;2016-10-06 21:34:17.336244;;;;
3613;2013.01.1.039223-4;TJDFT;1;;3;62;1006;f;0;;;777-012.256/2014;1167;;2014-08-22 17:29:57.89;2016-10-06 21:34:17.345978;;;;
3614;2013.01.1.039223-4;TJDFT;1;;3;62;1006;f;0;;;777-012.257/2014;1167;;2014-08-22 17:29:58.5;2016-10-06 21:34:17.356018;;;;
3615;2013.01.1.039223-4;TJDFT;1;;3;62;1006;f;0;;;777-012.258/2014;1167;;2014-08-22 17:29:59.013;2016-10-06 21:34:17.365416;;;;
3616;2013.01.1.039223-4;TJDFT;1;;3;62;1006;f;0;;;777-012.259/2014;1167;;2014-08-22 17:29:59.483;2016-10-06 21:34:17.374455;;;;
5857;0701655-47.2017.8.07.0018;TJDFT;9;100.0;5;;;t;1;;;;514;;2017-05-11 13:03:52.752059;2017-05-11 13:03:52.752059;f;;;
3598;2012.01.1.154994-5;TJDFT;1;150000.0;2;62;1006;f;0;;;777-011.901/2014;1167;;2014-08-19 17:30:11.843;2018-08-23 18:38:35.314491;;;;
3600;2013.01.1.132563-5;TJDFT;1;100000.0;6;62;1006;f;0;;;777-011.903/2014;1167;;2014-08-19 17:32:09.61;2018-08-23 18:39:27.681668;;;;
3607;2013.01.1.092105-0;TJDFT;1;80000.0;8;62;805;f;0;;;777-012.191/2014;1070;;2014-08-22 12:51:34.697;2018-08-23 18:41:45.040427;;;;
3617;2013.01.1.039223-4;TJDFT;1;;3;62;1006;f;0;;;777-012.260/2014;1167;;2014-08-22 17:29:59.78;2016-10-06 21:34:17.384306;;;;
3618;2013.01.1.039223-4;TJDFT;1;;3;62;1006;f;0;;;777-012.261/2014;1167;;2014-08-22 17:30:00.233;2016-10-06 21:34:17.39398;;;;
3619;2013.01.1.039223-4;TJDFT;1;;3;62;1006;f;0;;;777-012.262/2014;1167;;2014-08-22 17:30:00.607;2016-10-06 21:34:17.403094;;;;
3620;2013.01.1.039223-4;TJDFT;1;;3;62;1006;f;0;;;777-012.263/2014;1167;;2014-08-22 17:30:01.157;2016-10-06 21:34:17.412376;;;;
3621;3598/90;TJDFT;37;;4;62;1006;f;0;;;777-012.264/2014;1167;;2014-08-22 17:31:23.78;2016-10-06 21:34:17.422438;;;;
3622;2013.01.1.075159-5;TJDFT;10;;2;62;1006;f;0;;;777-012.265/2014;1167;;2014-08-22 17:32:36.017;2016-10-06 21:34:17.431546;;;;
3623;2013.01.1.075168-3;TJDFT;1;;3;62;1006;f;0;;;777-012.266/2014;1167;;2014-08-22 17:33:50.5;2016-10-06 21:34:17.440771;;;;
3625;2011.01.1.190074-7;TJDFT;37;;6;62;805;f;0;;;777-012.268/2014;1167;;2014-08-22 17:36:15.313;2016-10-06 21:34:17.683191;;;;
3626;2012.01.1.115944-3;TJDFT;1;;2;62;805;f;0;;;777-012.269/2014;1167;;2014-08-22 17:37:51.563;2016-10-06 21:34:17.692829;;;;
3627;2014.01.1.054235-5;TJDFT;37;;16;62;805;f;0;;;777-012.270/2014;1167;;2014-08-22 17:38:46.907;2016-10-06 21:34:17.701711;;;;
3628;2013.01.1.148436-4;TJDFT;1;;2;62;1006;f;0;;;777-012.483/2014;1167;;2014-08-26 20:13:33.297;2016-10-06 21:34:17.709987;;;;
3629;2012.01.1.190607-9;TJDFT;16;;8;62;1006;f;0;;;777-012.484/2014;1167;;2014-08-26 20:15:21.827;2016-10-06 21:34:17.719149;;;;
3630;2013.01.1.096386-4;TJDFT;37;;4;62;1006;f;0;;;777-012.485/2014;1167;;2014-08-26 20:16:28.247;2016-10-06 21:34:17.728239;;;;
3632;2013.01.1.133503-3;TJDFT;1;;3;62;1006;f;0;;;777-012.487/2014;1167;;2014-08-26 20:18:22.157;2016-10-06 21:34:17.7502;;;;
3633;2012.01.1.156141-9;TJDFT;1;;2;62;1006;f;0;;;777-012.488/2014;1167;;2014-08-26 20:19:19.39;2016-10-06 21:34:17.773593;;;;
3634;2013.01.1.1222263-6;TJDFT;14;;3;62;805;f;0;;;777-012.489/2014;1167;;2014-08-26 20:20:04.703;2016-10-06 21:34:17.815181;;;;
3635;2012.01.1.146374-7;TJDFT;14;;2;62;805;f;0;;;777-012.490/2014;1167;;2014-08-26 20:21:19.593;2016-10-06 21:34:17.885315;;;;
3636;2012.01.1.190827-7;TJDFT;16;;2;62;805;f;0;;;777-012.491/2014;1167;;2014-08-26 20:22:09.967;2016-10-06 21:34:17.909047;;;;
3637;2012.01.1.190934-3;TJDFT;16;;2;62;805;f;0;;;777-012.492/2014;1167;;2014-08-26 20:23:07.733;2016-10-06 21:34:17.916991;;;;
3638;2012.01.1.183587-5;TJDFT;1;;8;62;805;f;0;;;777-012.493/2014;1167;;2014-08-26 20:23:59.623;2016-10-06 21:34:17.925935;;;;
3640;2014.01.1.090028-7;TJDFT;37;;4;62;805;f;0;;;777-012.495/2014;1167;;2014-08-26 20:27:58.767;2016-10-06 21:34:17.949167;;;;
3641;2010.01.1.213831-9;TJDFT;1;;3;62;805;f;0;;;777-012.496/2014;1167;;26/08/2014 20:28;2016-10-06 21:34:17.958037;;;;
3643;2014.01.1.050476-7;TJDFT;12;;3;62;1006;f;0;;;777-012.533/2014;1070;;2014-08-27 14:11:56.593;2016-10-06 21:34:17.974058;;;;
3645;2014.01.1.063949-3;TJDFT;37;;16;62;1006;f;0;;;777-012.659/2014;1167;;2014-08-28 19:27:40.247;2016-10-06 21:34:17.990755;;;;
3646;2013.01.1.025253-7;TJDFT;1;;2;62;1006;f;0;;;777-012.660/2014;1167;;2014-08-28 19:28:50.307;2016-10-06 21:34:18.000109;;;;
3647;2011.01.1.230344-4;TJDFT;1;;3;62;1006;f;0;;;777-012.661/2014;1167;;2014-08-28 19:29:56.09;2016-10-06 21:34:18.008385;;;;
3648;2010.01.1.164033-7;TJDFT;37;;4;62;805;f;0;;;777-012.662/2014;1167;;2014-08-28 19:31:08.23;2016-10-06 21:34:18.018706;;;;
3649;2012.01.1.183587-5;TJDFT;1;;8;62;805;f;0;;;777-012.663/2014;1167;;2014-08-28 19:32:04.933;2016-10-06 21:34:18.027167;;;;
3650;2005.01.1.049607-6;TJDFT;37;;4;62;805;f;0;;;777-012.664/2014;1167;;2014-08-28 19:36:16.34;2016-10-06 21:34:18.035665;;;;
3631;2013.01.1.036690-9;TJDFT;1;70000.0;3;62;1006;f;0;;;777-012.486/2014;1167;;2014-08-26 20:17:21.39;2018-08-23 18:43:38.797609;;;;
3639;2010.01.1.040464-6;TJDFT;1;15000.0;7;62;805;f;0;;;777-012.494/2014;1167;;2014-08-26 20:25:01.657;2018-08-23 18:44:07.147184;;;;
3644;2013.01.1.035741-2;TJDFT;1;100000.0;2;62;805;f;0;;;777-012.534/2014;1070;;2014-08-27 14:13:12.127;2018-08-23 18:45:25.405665;;;;
3642;0000249-44.2014.5.10.0005;TRT;37;;16;20;521;f;0;;;777-012.497/2014;1167;1;2014-08-26 20:30:24.843;2018-10-02 13:37:57.283457;;;;
3651;2012.01.1.081642-8;TJDFT;14;;4;62;805;f;0;;;777-012.665/2014;1167;;2014-08-28 19:37:35.12;2016-10-06 21:34:18.04398;;;;
3652;1999.01.1.084378-6;TJDFT;37;;8;62;1006;f;0;;;777-012.737/2014;1167;;2014-08-29 19:24:08.387;2016-10-06 21:34:18.052938;;;;
3653;2011.01.1.093116-9;TJDFT;14;;3;62;1006;f;0;;;777-012.740/2014;1167;;2014-08-29 19:25:54.73;2016-10-06 21:34:18.062225;;;;
3654;2013.01.1.036698-2;TJDFT;1;;2;62;1006;f;0;;;777-012.741/2014;1167;;2014-08-29 19:27:01.357;2016-10-06 21:34:18.070942;;;;
3655;2012.09.1.026972-5;TJDFT;37;;16;62;1006;f;0;;;777-012.742/2014;1167;;2014-08-29 19:29:31.48;2016-10-06 21:34:18.079617;;;;
3657;2004.01.1.053835-8;TJDFT;11;;7;62;805;f;0;;;777-012.745/2014;1167;;2014-08-29 19:33:12.45;2016-10-06 21:34:18.097083;;;;
3658;2013.01.1.057333-8;TJDFT;39;;15;62;805;f;0;;;777-012.746/2014;1167;;2014-08-29 19:35:29.45;2016-10-06 21:34:18.107068;;;;
3659;2012.01.1.197934-0;TJDFT;39;;15;62;805;f;0;;;777-012.747/2014;1167;;2014-08-29 19:37:02.78;2016-10-06 21:34:18.332312;;;;
3660;2013.01.1.024722-8;TJDFT;37;;15;62;805;f;0;;;777-012.894/2014;1167;;2014-09-01 19:39:50.077;2016-10-06 21:34:18.342561;;;;
3661;2012.01.1.156128-3;TJDFT;37;;11;62;805;f;0;;;777-012.895/2014;1167;;2014-09-01 19:41:46.14;2016-10-06 21:34:18.351552;;;;
3662;2014.00.2.011643-2;TJDFT;37;;16;62;805;f;0;;;777-012.897/2014;1167;;2014-09-01 19:45:36.627;2016-10-06 21:34:18.365369;;;;
3663;2014.00.2.015313-9;TJDFT;37;;16;62;805;f;0;;;777-012.898/2014;1167;;2014-09-01 19:46:40.923;2016-10-06 21:34:18.375374;;;;
3664;2012.01.1.195991-8;TJDFT;1;;3;62;1006;f;0;;;777-012.899/2014;1167;;2014-09-01 19:49:16.017;2016-10-06 21:34:18.384445;;;;
3665;2013.00.2.030642-3;TJDFT;37;;16;62;1006;f;0;;;777-012.900/2014;1167;;2014-09-01 19:51:32.097;2016-10-06 21:34:18.394265;;;;
3666;2013.00.2.015468-2;TJDFT;37;;16;62;1006;f;0;;;777-012.901/2014;1167;;2014-09-01 19:53:22.363;2016-10-06 21:34:18.40526;;;;
3667;2012.01.1.120952-6;TJDFT;37;;11;62;1006;f;0;;;777-012.902/2014;1167;;2014-09-01 19:54:43.16;2016-10-06 21:34:18.415275;;;;
3668;2014.01.1.107763-8;TJDFT;9;;8;14;805;f;0;;;777-012.933/2014;1070;3;2014-09-02 12:48:59.443;2016-10-06 21:34:18.424746;;;;
3669;2012.01.1.174371-8;TJDFT;1;;5;62;1248;f;0;;;777-012.990/2014;1167;;2014-09-02 16:53:32.71;2016-10-06 21:34:18.43378;;;;
3670;2013.01.1.101102-3;TJDFT;29;;4;62;1006;f;0;;;777-012.991/2014;1167;;2014-09-02 16:54:47.383;2016-10-06 21:34:18.445557;;;;
3671;2000.01.1.071820-8;TJDFT;37;;3;62;1006;f;0;;;777-012.992/2014;1167;;2014-09-02 16:55:54.167;2016-10-06 21:34:18.456612;;;;
3672;2013.01.1.061330-7;TJDFT;1;;3;62;1006;f;0;;;777-012.993/2014;1167;;2014-09-02 16:57:02.197;2016-10-06 21:34:18.468578;;;;
3674;2000.01.1.030928-7;TJDFT;6;;2;62;1006;f;0;;;777-012.995/2014;1167;;2014-09-02 16:59:03.76;2016-10-06 21:34:18.486169;;;;
3675;2013.01.1.162391-6;TJDFT;35;;16;62;805;f;0;;;777-012.996/2014;1167;;2014-09-02 17:01:10.48;2016-10-06 21:34:18.495329;;;;
3676;2009.01.1.026422-2;TJDFT;9;;5;62;805;f;0;;;777-012.997/2014;1167;;2014-09-02 17:02:15.667;2016-10-06 21:34:18.505164;;;;
3677;2013.01.1.014571-3;TJDFT;1;;6;62;805;f;0;;;777-012.998/2014;1167;;2014-09-02 17:03:21.153;2016-10-06 21:34:18.514006;;;;
3678;2014.01.1.019918-0;TJDFT;37;;5;62;805;f;0;;;777-012.999/2014;1167;;2014-09-02 17:04:51.513;2016-10-06 21:34:18.523821;;;;
3679;2013.01.1.162387-7;TJDFT;35;;2;62;805;f;0;;;777-013.000/2014;1167;;2014-09-02 17:06:09.64;2016-10-06 21:34:18.533434;;;;
3681;2013.01.1.018632-6;TJDFT;10;;2;62;805;f;0;;;777-013.004/2014;1167;;2014-09-02 17:10:30.093;2016-10-06 21:34:18.566513;;;;
3682;2014.01.1.124648-7;TJDFT;37;;2;62;805;f;0;;;777-013.005/2014;1167;;2014-09-02 17:12:24.797;2016-10-06 21:34:18.576066;;;;
3683;2012.01.1.197934-0;TJDFT;37;;15;62;805;f;0;;;777-013.007/2014;1167;;2014-09-02 17:13:34.61;2016-10-06 21:34:18.58752;;;;
3684;2012.01.1.159315-4;TJDFT;37;;11;62;805;f;0;;;777-013.008/2014;1167;;2014-09-02 17:14:45.033;2016-10-06 21:34:18.600504;;;;
3673;2013.01.1.145857-3;TJDFT;1;100000.0;2;62;1006;f;0;;;777-012.994/2014;1167;;2014-09-02 16:58:05.947;2018-08-23 18:51:10.573002;;;;
3685;2013.01.1.175738-3;TJDFT;35;;4;62;805;f;0;;;777-013.009/2014;1167;;2014-09-02 17:15:54.69;2016-10-06 21:34:18.612668;;;;
3686;2013.01.1.020704-8;TJDFT;37;;6;62;805;f;0;;;777-013.141/2014;1167;;2014-09-03 21:00:51.48;2016-10-06 21:34:18.623911;;;;
3687;2012.01.1.184953-2;TJDFT;37;;6;62;805;f;0;;;777-013.142/2014;1167;;2014-09-03 21:02:15.37;2016-10-06 21:34:18.63537;;;;
3688;2011.01.1.047023-8;TJDFT;1;;5;62;805;f;0;;;777-013.143/2014;1167;;2014-09-03 21:03:13.34;2016-10-06 21:34:18.645609;;;;
3689;2014.01.1.019918-0;TJDFT;37;;5;62;805;f;0;;;777-013.144/2014;1167;;2014-09-03 21:04:25.777;2016-10-06 21:34:18.654502;;;;
3690;2014.01.1.037261-6;TJDFT;37;;4;62;805;f;0;;;777-013.145/2014;1167;;2014-09-03 21:05:22.687;2016-10-06 21:34:18.663809;;;;
3691;2014.01.1.011854-9;TJDFT;37;;3;62;805;f;0;;;777-013.146/2014;1167;;2014-09-03 21:06:19.763;2016-10-06 21:34:18.674086;;;;
3692;2014.01.1.029680-6;TJDFT;37;;2;62;805;f;0;;;777-013.147/2014;1167;;2014-09-03 21:07:17.657;2016-10-06 21:34:18.682868;;;;
3693;2013.01.1.140889-9;TJDFT;1;;8;62;1006;f;0;;;777-013.148/2014;1167;;2014-09-03 21:09:32.573;2016-10-06 21:34:18.691751;;;;
3695;2014.01.1.085687-9;TJDFT;37;;5;62;1006;f;0;;;777-013.150/2014;1167;;2014-09-03 21:13:03.073;2016-10-06 21:34:18.708536;;;;
3698;2014.00.2.009961-7;TJDFT;37;;11;62;1006;f;0;;;777-013.153/2014;1167;;2014-09-03 21:16:34.103;2016-10-06 21:34:18.735077;;;;
3699;2012.01.1.169603-2;TJDFT;1;;2;62;1006;f;0;;;777-013.154/2014;1167;;2014-09-03 21:17:44.323;2016-10-06 21:34:18.743707;;;;
3700;2011.01.1.099051-6;TJDFT;37;;6;62;805;f;0;;;777-013.273/2014;1070;;2014-09-05 14:03:58.55;2016-10-06 21:34:18.752813;;;;
3701;2010.01.1.015984-3;TJDFT;37;;3;62;805;f;0;;;777-013.275/2014;1070;;2014-09-05 14:14:35.4;2016-10-06 21:34:18.76104;;;;
3702;2014.01.1.035722-6;TJDFT;37;;3;62;805;f;0;;;777-013.277/2014;1070;;2014-09-05 14:15:57.743;2016-10-06 21:34:18.768987;;;;
3703;2014.01.1.084103-6;TJDFT;37;;2;62;805;f;0;;;777-013.278/2014;1070;;2014-09-05 14:17:18.48;2016-10-06 21:34:18.776978;;;;
3704;2012.01.1.152509-8;TJDFT;1;;1;62;805;f;0;;;777-013.279/2014;1070;;2014-09-05 14:19:50.153;2016-10-06 21:34:18.786044;;;;
3705;2012.01.1.196003-5;TJDFT;1;;1;62;805;f;0;;;777-013.280/2014;1070;;2014-09-05 14:20:59.277;2016-10-06 21:34:18.794175;;;;
3706;2014.01.1.080617-5;TJDFT;37;;16;62;805;f;0;;;777-013.282/2014;1070;;2014-09-05 14:22:04.67;2016-10-06 21:34:18.802547;;;;
3708;2008.01.1.139441-6;TJDFT;37;;8;62;1006;f;0;;;777-013.290/2014;1070;;2014-09-05 15:27:21.793;2016-10-06 21:34:18.819468;;;;
3710;2013.01.1.070906-5;TJDFT;1;;2;62;1006;f;0;;;777-013.292/2014;1070;;2014-09-05 15:31:36.557;2016-10-06 21:34:18.835378;;;;
3711;2013.01.1.096503-3;TJDFT;1;;13;62;1006;f;0;;;777-013.294/2014;1070;;2014-09-05 15:33:10.9;2016-10-06 21:34:18.844459;;;;
3712;2012.01.1.190504-3;TJDFT;16;;6;62;1006;f;0;;;777-013.295/2014;1070;;2014-09-05 15:36:56.353;2016-10-06 21:34:18.852995;;;;
3713;2000.01.1.022795-9;TJDFT;37;;5;62;805;f;0;;;777-013.296/2014;1070;;2014-09-05 15:37:54.073;2016-10-06 21:34:18.861032;;;;
3714;2014.01.1.091338-4;TJDFT;3;;3;62;1006;f;0;;;777-013.297/2014;1070;;2014-09-05 15:38:51.463;2016-10-06 21:34:18.868979;;;;
3716;2013.01.1.182142-7;TJDFT;1;;1;62;805;f;0;;;777-013.299/2014;1070;;2014-09-05 15:41:21.57;2016-10-06 21:34:18.885579;;;;
3717;2014.01.1.061212-6;TJDFT;37;;16;62;1006;f;0;;;777-013.300/2014;1070;;2014-09-05 15:43:03.43;2016-10-06 21:34:18.893333;;;;
3718;2014.01.1.132792-8;TJDFT;9;;3;14;1248;f;0;;;777-013.368/2014;1070;3;2014-09-08 15:03:21.733;2016-10-06 21:34:18.901765;;;;
3709;2008.01.1.060114-3;TJDFT;6;70000.0;1;62;1006;f;0;;;777-013.291/2014;1070;;2014-09-05 15:29:53.197;2018-08-23 18:56:17.856166;;;;
3696;2011.01.1.167555-2;TJDFT;1;16145.42;5;62;1006;f;0;;;777-013.151/2014;1167;;2014-09-03 21:14:19.713;2018-08-23 18:53:51.255524;;;;
3715;2013.01.1.175742-2;TJDFT;35;0.0;2;62;805;f;0;;;777-013.298/2014;1070;;2014-09-05 15:40:38.633;2018-08-23 18:58:39.619856;;;;
3719;2014.01.1.076918-0;TJDFT;9;;2;14;1248;f;0;;;777-013.369/2014;1070;3;2014-09-08 15:05:51.327;2016-10-06 21:34:18.910884;;;;
3720;2013.01.1.182135-5;TJDFT;9;;1;14;1248;f;0;;;777-013.370/2014;1070;3;2014-09-08 15:06:55.997;2016-10-06 21:34:18.919316;;;;
3721;2014.01.1.036867-2;TJDFT;9;;1;14;805;f;0;;;777-013.371/2014;1070;3;2014-09-08 15:08:16.483;2016-10-06 21:34:18.92824;;;;
3722;84103-6/14;TJDFT;1;;2;14;805;f;0;;;777-013.372/2014;1070;3;2014-09-08 15:09:15.703;2016-10-06 21:34:18.936592;;;;
3724;2014.01.1.115690-5;TJDFT;37;;17;14;805;f;0;;;777-013.375/2014;1070;3;2014-09-08 15:12:07.983;2016-10-06 21:34:18.95348;;;;
3725;2014.01.1.128110-6;TJDFT;9;;3;14;1248;f;0;;;777-013.377/2014;1070;3;2014-09-08 15:14:19.14;2016-10-06 21:34:18.962059;;;;
3726;2007.01.1.095544-7;TJDFT;1;;3;14;1006;f;0;;;777-013.378/2014;1070;3;2014-09-08 15:15:26.11;2016-10-06 21:34:18.970654;;;;
3727;2012.01.1.169603-2;TJDFT;37;;2;14;1006;f;0;;;777-013.379/2014;1070;3;2014-09-08 15:17:41.283;2016-10-06 21:34:18.981981;;;;
3728;2014.01.1.124648-7;TJDFT;37;;2;14;1006;f;0;;;777-013.380/2014;1070;3;2014-09-08 15:19:29.003;2016-10-06 21:34:18.992311;;;;
3729;2012.01.1.190931-9;TJDFT;37;;8;62;1252;f;0;;;777-013.381/2014;1070;;2014-09-08 15:20:50.707;2016-10-06 21:34:19.001701;;;;
3730;2014.01.1.109648-5;TJDFT;9;;5;14;1006;f;0;;;777-013.382/2014;1070;3;2014-09-08 15:22:10.457;2016-10-06 21:34:19.010285;;;;
3731;2003.01.1.075865-7;TJDFT;13;;3;14;514;f;0;;;777-013.383/2014;1070;3;2014-09-08 15:23:45.83;2016-10-06 21:34:19.018224;;;;
3732;2012.01.1.141180-9;TJDFT;1;;12;62;1006;f;0;;;777-013.384/2014;1070;;2014-09-08 15:29:58.693;2016-10-06 21:34:19.026926;;;;
3734;2013.01.1.036698-2;TJDFT;1;;2;62;805;f;0;;;777-013.387/2014;1070;;2014-09-08 15:34:46.317;2016-10-06 21:34:19.04373;;;;
3735;2013.01.1.142341-0;TJDFT;1;;2;62;805;f;0;;;777-013.389/2014;1070;;2014-09-08 15:36:39.477;2016-10-06 21:34:20.301968;;;;
3736;2012.01.1.163906-8;TJDFT;37;;2;62;805;f;0;;;777-013.390/2014;1070;;2014-09-08 15:39:17.273;2016-10-06 21:34:20.315142;;;;
3738;0000160-82 2014 5 10 0017;Tribunal Regional do Trabalho ;37;;17;62;805;f;0;;;777-013.466/2014;1070;;2014-09-09 15:53:39.403;2016-10-06 21:34:20.345951;;;;
3739;2014.01.1.052804-8;TJDFT;9;;7;62;805;f;0;;;777-013.467/2014;1070;;2014-09-09 15:54:31.48;2016-10-06 21:34:20.357036;;;;
3740;2011.01.1.230344-4;TJDFT;1;;3;62;805;f;0;;;777-013.468/2014;1070;;2014-09-09 15:55:20.98;2016-10-06 21:34:20.369659;;;;
3743;2012.01.1.189919-0;TJDFT;16;;1;62;1006;f;0;;;777-013.472/2014;1070;;2014-09-09 15:58:13.12;2016-10-06 21:34:20.406691;;;;
3744;2012.01.1.195987-9;TJDFT;1;;11;62;1006;f;0;;;777-013.473/2014;1070;;2014-09-09 15:59:07.417;2016-10-06 21:34:20.419534;;;;
3745;2013.01.1.171454-8;TJDFT;37;;17;14;1006;f;0;;;777-013.549/2014;1070;3;2014-09-10 15:32:42.097;2016-10-06 21:34:20.430935;;;;
3746;18922/1992;TJDFT;10;;3;62;1006;f;0;;;777-013.550/2014;1070;;2014-09-10 15:33:48.287;2016-10-06 21:34:20.442709;;;;
3748;2014.01.1.034027-0;TJDFT;9;;8;62;1248;f;0;;;777-013.552/2014;1070;;2014-09-10 15:35:25.02;2016-10-06 21:34:20.465933;;;;
3749;2010.01.1.216431-9;TJDFT;15;;8;62;1006;f;0;;;777-013.553/2014;1070;;2014-09-10 15:36:14.973;2016-10-06 21:34:20.478844;;;;
3750;2013.01.1.121655-8;TJDFT;37;;4;62;805;f;0;;;777-013.554/2014;1070;;2014-09-10 15:38:01.3;2016-10-06 21:34:20.492227;;;;
3751;2012.01.1.190775-6;TJDFT;37;;4;62;805;f;0;;;777-013.555/2014;1070;;2014-09-10 15:38:54.707;2016-10-06 21:34:20.50507;;;;
5858;0703254-21.2017.8.07.0018;TJDFT;1;100000.0;5;;;t;1;;;;514;;2017-05-11 13:05:26.880543;2017-05-11 13:05:26.880543;f;;;
3747;2013.01.1.079408-4;TJDFT;1;45000.0;6;62;1248;f;0;;;777-013.551/2014;1070;;2014-09-10 15:34:34.16;2018-06-19 13:19:28.428869;;;;
3733;2011.01.1.211030-0;TJDFT;41;127571.51;17;62;1006;f;0;;;777-013.386/2014;1070;;2014-09-08 15:33:11.91;2018-08-23 19:01:40.987306;;;;
3723;2014.01.1.087461-7;TJDFT;9;100000.0;7;14;1248;f;0;;;777-013.374/2014;1070;3;2014-09-08 15:10:31.14;2018-08-23 19:00:31.051536;;;;
3741;2012.01.1.197943-8;TJDFT;1;100000.0;3;62;805;f;0;;;777-013.469/2014;1070;;2014-09-09 15:56:10.81;2018-08-23 19:03:34.15917;;;;
3752;2013.01.1.121656-6;TJDFT;37;;4;62;805;f;0;;;777-013.556/2014;1070;;2014-09-10 15:43:25.427;2016-10-06 21:34:20.516074;;;;
3753;2012.01.1.035971-7;TJDFT;26;;12;62;805;f;0;;;777-013.557/2014;1070;;2014-09-10 15:46:43.757;2016-10-06 21:34:20.525779;;;;
3754;2014.01.1.066497-2;TJDFT;37;;2;14;1006;f;0;;;777-013.575/2014;1167;3;2014-09-10 18:26:01.527;2016-10-06 21:34:20.537575;;;;
3755;2013.01.1.056391-5;TJDFT;37;;2;14;805;f;0;;;777-013.576/2014;1167;3;2014-09-10 18:27:16.857;2016-10-06 21:34:20.547458;;;;
3756;2012.01.1.198497-2;TJDFT;16;;4;62;1006;f;0;;;777-013.625/2014;1167;;2014-09-11 16:00:19.367;2016-10-06 21:34:20.558575;;;;
3757;2012.01.1.198506-7;TJDFT;9;;2;62;1006;f;0;;;777-013.626/2014;1167;;2014-09-11 16:01:06.537;2016-10-06 21:34:20.569355;;;;
3758;2012.01.1.153974-3;TJDFT;1;;5;62;1006;f;0;;;777-013.627/2014;1167;;2014-09-11 16:01:55.99;2016-10-06 21:34:20.578103;;;;
3761;2013.01.1.083138-3;TJDFT;37;;2;62;805;f;0;;;777-013.630/2014;1167;;2014-09-11 16:08:36.25;2016-10-06 21:34:20.603787;;;;
3762;2011.01.1.198861-4;TJDFT;37;;16;62;805;f;0;;;777-013.631/2014;1167;;2014-09-11 16:10:57.437;2016-10-06 21:34:21.008675;;;;
3763;2014.01.1.103331-8;TJDFT;37;;7;62;805;f;0;;;777-013.632/2014;1167;;2014-09-11 16:17:30.88;2016-10-06 21:34:21.017361;;;;
3765;2012.01.1.194438-2;TJDFT;9;;8;62;805;f;0;;;777-013.636/2014;1167;;2014-09-11 16:57:04.587;2016-10-06 21:34:21.035041;;;;
3767;2012.01.1.194438-2;TJDFT;9;;8;62;805;f;0;;;777-013.720/2014;1167;;2014-09-12 18:39:04.52;2016-10-06 21:34:21.052272;;;;
3768;2011.01.1.038965-8;TJDFT;1;;3;62;1006;f;0;;;777-013.721/2014;1167;;2014-09-12 18:40:24.847;2016-10-06 21:34:21.060852;;;;
3769;2013.01.1.094840-9;TJDFT;1;;5;62;1006;f;0;;;777-013.722/2014;1167;;2014-09-12 18:41:21.94;2016-10-06 21:34:21.073342;;;;
3771;2011.01.1.223820-3;TJDFT;37;;4;14;1006;f;0;;;777-013.776/2014;1070;3;2014-09-15 14:37:38.417;2016-10-06 21:34:21.090874;;;;
3773;2014.00.2.014716-5;TJDFT;37;;13;62;1006;f;0;;;777-013.821/2014;1167;;2014-09-15 21:11:31.52;2016-10-06 21:34:21.109282;;;;
3774;2012.01.1.141180-9;TJDFT;37;;12;62;1006;f;0;;;777-013.822/2014;1167;;2014-09-15 21:12:50.537;2016-10-06 21:34:21.120413;;;;
3775;2012.01.1.086514-9;TJDFT;37;;12;8;1006;f;0;;;777-013.823/2014;1167;;2014-09-15 21:16:03.837;2016-10-06 21:34:21.129018;;;;
3776;2014.00.2.009621-5;TJDFT;37;;13;62;805;f;0;;;777-013.824/2014;1167;;2014-09-15 21:17:55.71;2016-10-06 21:34:21.138077;;;;
3777;0701671-12 2014.8.07.0016;TJDFT;37;;16;62;805;f;0;;;777-013.825/2014;1167;;2014-09-15 21:19:18.71;2016-10-06 21:34:21.146467;;;;
3778;2008.01.1.139441-6;TJDFT;37;;16;62;805;f;0;;;777-013.826/2014;1167;;2014-09-15 21:20:43.477;2016-10-06 21:34:21.155022;;;;
3780;2014.01.1.081531-7;TJDFT;9;;3;62;805;f;0;;;777-013.902/2014;831;;2014-09-17 12:00:30.437;2016-10-06 21:34:21.172689;;;;
3781;2012.01.1.191937-7;TJDFT;1;;3;62;805;f;0;;;777-013.904/2014;831;;2014-09-17 12:06:54.63;2016-10-06 21:34:21.181372;;;;
3782;2014.01.1.081531-7;TJDFT;37;;3;62;805;f;0;;;777-013.951/2014;1167;;2014-09-17 21:30:19.777;2016-10-06 21:34:21.190756;;;;
3783;2012.01.1.191937-7;TJDFT;1;;3;62;805;f;0;;;777-013.952/2014;1167;;2014-09-17 21:32:22.92;2016-10-06 21:34:21.199322;;;;
5859;0704116-89.2017.8.07.0018;TJDFT;1;100000.0;6;;;t;1;;;;514;;2017-05-11 13:07:25.484224;2017-05-11 13:07:25.484224;f;;;
5860;0703366-87.2017.8.07.0018;TJDFT;1;100000.0;1;;;t;1;;;;514;;2017-05-11 13:09:19.69041;2017-05-11 13:09:19.69041;f;;;
6074;0713339-66.2017.8.07.0018;VARA DA FAZENDA PUBLICA;1;100000.0;2;;;t;1;;;;1436;;2017-12-14 20:26:35.828867;2017-12-14 20:26:35.828867;t;;;
6168;0702513-44.2018.8.07.0018;TJDFT;1;100000.0;2;;;t;1;;;;514;;2018-04-05 18:00:23.931592;2018-04-05 18:00:23.931592;;;;
6169;0702286-54.2018.8.07.0018;TJDFT;1;80000.0;1;;;t;1;;;;514;;2018-04-10 12:58:19.14715;2018-04-10 12:58:19.14715;;;;
6171;0701174-50.2018.8.07.0018;TJDFT;10;75000.0;2;;;t;;;;;514;;2018-04-10 13:11:01.470536;2018-04-10 13:11:01.470536;;;;
6172;0712651-07.2017.8.07.0018;TJDFT;10;100000.0;1;;;t;1;;;;514;;2018-04-12 14:25:00.845464;2018-04-12 14:25:00.845464;;;;
6173;0702570-62.2018.8.07.0018;TJDFT;1;140000.0;1;;;t;1;;;;514;;2018-04-12 14:27:36.773568;2018-04-12 14:27:36.773568;;;;
6174;0701478-49.2018.8.07.0018;TJDFT;1;300000.0;5;;;t;1;;;;514;;2018-04-12 14:30:53.470702;2018-04-12 14:30:53.470702;;;;
6185;0702693-60.2018.8.07.0018;TJDFT;10;500.0;9;;;t;;;;;514;;2018-04-16 18:17:21.471646;2018-04-16 18:17:21.471646;;;;
3770;2014.01.1.132797-7;TJDFT;37;100000.0;6;14;1006;f;0;;;777-013.723/2014;1167;3;2014-09-12 18:42:24.707;2018-08-23 19:09:44.36685;;;;
3784;2012.01.1.189856-7;TJDFT;1;678.0;1;62;805;f;0;;;777-013.953/2014;1167;;2014-09-17 21:33:24.357;2018-08-23 19:10:20.217432;;;;
6279;0704720-16.2018.8.07.0018;TJDFT;15;300000.0;1;;;t;1;;;;514;;2018-09-05 14:22:29.302442;2018-09-05 14:22:29.302442;;;;
6340;0711409-76.2018.8.07.0018;TJDFT;15;1000.0;2;;;t;1;;;;514;;2018-12-06 13:22:27.710046;2018-12-06 13:22:27.710046;;;;
3786;2013.01.1.003821-5;TJDFT;1;;1;62;805;f;0;;;777-013.955/2014;1167;;2014-09-17 21:35:13.983;2016-10-06 21:34:21.225432;;;;
3787;2008.01.1.151726-3;TJDFT;10;;6;62;805;f;0;;;777-013.956/2014;1167;;2014-09-17 21:36:06.39;2016-10-06 21:34:21.233823;;;;
3788;2011.01.1.211842-8;TJDFT;15;;7;62;1006;f;0;;;777-013.957/2014;1167;;2014-09-17 21:37:41.847;2016-10-06 21:34:21.242016;;;;
3789;2014.01.1.071693-0;TJDFT;37;;7;62;1006;f;0;;;777-013.958/2014;1167;;2014-09-17 21:39:39.347;2016-10-06 21:34:21.251565;;;;
3790;21747/92;TJDFT;37;;3;62;1006;f;0;;;777-013.959/2014;1167;;2014-09-17 21:40:56.303;2016-10-06 21:34:21.260271;;;;
3792;2011.01.1.143891-0;TJDFT;37;;16;62;1006;f;0;;;777-013.961/2014;1167;;2014-09-17 21:42:58.163;2016-10-06 21:34:21.276202;;;;
3793;2014.00.2.014716-5;TJDFT;37;;13;62;1006;f;0;;;777-013.962/2014;1167;;2014-09-17 21:44:10.023;2016-10-06 21:34:21.284728;;;;
3794;2012.01.1.198521-9;TJDFT;16;;2;62;1006;f;0;;;777-013.963/2014;1167;;2014-09-17 21:45:12.667;2016-10-06 21:34:21.293044;;;;
3795;2013.05.1.006069-5;TJDFT;37;;16;14;514;f;0;;;777-014.036/2014;1167;3;2014-09-18 21:11:10.357;2016-10-06 21:34:21.300874;;;;
3798;2014.01.1.011854-9;TJDFT;37;;3;62;805;f;0;;;777-014.039/2014;1167;;2014-09-18 21:15:21.717;2016-10-06 21:34:21.32536;;;;
3799;2012.01.1.183573-8;TJDFT;1;;4;62;805;f;0;;;777-014.087/2014;1167;;2014-09-19 19:04:27.243;2016-10-06 21:34:21.33338;;;;
3800;2012.01.1.198497-2;TJDFT;16;;4;62;805;f;0;;;777-014.088/2014;1167;;2014-09-19 19:05:43.683;2016-10-06 21:34:21.341863;;;;
3801;2014.00.2.005549-0;TJDFT;37;;10;62;805;f;0;;;777-014.089/2014;1167;;2014-09-19 19:10:53.763;2016-10-06 21:34:21.350228;;;;
3802;2014.01.1.093386-8;TJDFT;37;;3;62;1006;f;0;;;777-014.090/2014;1167;;2014-09-19 19:12:05.667;2016-10-06 21:34:21.358379;;;;
3803;2000.01.1.065798-2;TJDFT;37;;4;62;1006;f;0;;;777-014.091/2014;1167;;2014-09-19 19:19:50.217;2016-10-06 21:34:21.368811;;;;
3805;2014.01.1.135508-2;TJDFT;37;;3;14;1252;f;0;;;777-014.094/2014;1167;3;2014-09-19 19:24:08.407;2016-10-06 21:34:21.385783;;;;
3806;2012.01.1.143996-0;TJDFT;37;;14;62;1248;f;0;;;777-014.095/2014;1167;;2014-09-19 19:26:20.767;2016-10-06 21:34:21.393722;;;;
3808;2005.01.1.147485-3;TJDFT;37;;17;14;514;f;0;;;777-014.114/2014;1070;3;2014-09-22 13:57:54.483;2016-10-06 21:34:21.41064;;;;
3809;2014.01.1.070576-8;TJDFT;37;;5;62;1006;f;0;;;777-014.151/2014;1167;;2014-09-22 18:54:34.183;2016-10-06 21:34:21.41891;;;;
3811;2013.01.1.026307-5;TJDFT;9;;2;62;1006;f;0;;;777-014.155/2014;1167;;2014-09-22 18:57:03.307;2016-10-06 21:34:21.43512;;;;
3812;2011.01.1.054169-6;TJDFT;37;;16;62;805;f;0;;;777-014.156/2014;1167;;2014-09-22 18:58:43.667;2016-10-06 21:34:21.444192;;;;
3816;2014.01.1.058743-6;TJDFT;37;;4;62;1252;f;0;;;777-014.163/2014;1167;;2014-09-22 19:06:52.623;2016-10-06 21:34:21.478371;;;;
3817;2014.01.1.058743-6;TJDFT;37;;4;62;1252;f;0;;;777-014.164/2014;1167;;2014-09-22 19:06:53.61;2016-10-06 21:34:21.486735;;;;
3818;2014.01.1.058743-6;TJDFT;37;;4;62;1252;f;0;;;777-014.165/2014;1167;;2014-09-22 19:06:54.733;2016-10-06 21:34:21.494951;;;;
3785;2013.01.1.084789-9;TJDFT;1;678.0;1;62;805;f;0;;;777-013.954/2014;1167;;2014-09-17 21:34:19.547;2018-08-23 19:10:55.067433;;;;
3797;2014.01.1.138346-5;TJDFT;37;50000.0;2;14;1248;f;0;;;777-014.038/2014;1167;3;2014-09-18 21:13:55.967;2018-08-23 19:16:11.813529;;;;
3804;2012.01.1.188924-7;TJDFT;16;1629.28;2;62;1252;f;0;;;777-014.093/2014;1167;;2014-09-19 19:22:46.64;2018-08-23 19:17:03.39904;;;;
3814;2012.01.1.180144-3;TJDFT;37;25000.0;5;62;805;f;0;;;777-014.161/2014;1167;;2014-09-22 19:02:38.593;2018-08-23 19:19:46.587447;;;;
3815;2013.01.1.053032-6;TJDFT;1;100000.0;1;62;1252;f;0;;;777-014.162/2014;1167;;2014-09-22 19:04:16.983;2018-08-23 19:20:34.300561;;;;
3791;2013.01.1.120649-3;TJDFT;1;100000.0;6;62;1006;t;0;;;777-013.960/2014;1167;;2014-09-17 21:41:45.663;2018-09-28 13:15:44.735667;;;;
3819;2014.01.1.058743-6;TJDFT;37;;4;62;1252;f;0;;;777-014.166/2014;1167;;2014-09-22 19:06:55.67;2016-10-06 21:34:21.503658;;;;
3820;2014.01.1.058743-6;TJDFT;37;;4;62;1252;f;0;;;777-014.167/2014;1167;;2014-09-22 19:06:56.217;2016-10-06 21:34:21.512559;;;;
3821;2014.01.1.058743-6;TJDFT;37;;4;62;1252;f;0;;;777-014.168/2014;1167;;2014-09-22 19:06:56.703;2016-10-06 21:34:21.521036;;;;
3822;2014.01.1.058743-6;TJDFT;37;;4;62;1252;f;0;;;777-014.169/2014;1167;;2014-09-22 19:06:57.267;2016-10-06 21:34:21.529383;;;;
3823;2014.01.1.058743-6;TJDFT;37;;4;62;1252;f;0;;;777-014.170/2014;1167;;2014-09-22 19:06:57.78;2016-10-06 21:34:21.538725;;;;
3824;2014.01.1.058743-6;TJDFT;37;;4;62;1252;f;0;;;777-014.171/2014;1167;;2014-09-22 19:07:53.953;2016-10-06 21:34:21.546931;;;;
3825;2014.01.1.090028-7;TJDFT;37;;4;62;1252;f;0;;;777-014.174/2014;1167;;2014-09-22 19:08:43.687;2016-10-06 21:34:21.556589;;;;
3826;2012.01.1.197098-5;TJDFT;1;;1;62;1248;f;0;;;777-014.175/2014;1167;;2014-09-22 19:09:43.517;2016-10-06 21:34:21.565896;;;;
3827;2012.01.1.198513-9;TJDFT;16;;1;62;1248;f;0;;;777-014.176/2014;1167;;2014-09-22 19:10:50.143;2016-10-06 21:34:21.574323;;;;
3829;2012.01.1.035971-7;TJDFT;43;;12;62;805;f;0;;;777-014.235/2014;1167;;2014-09-23 16:25:04.673;2016-10-06 21:34:21.590639;;;;
3830;2013.01.1.039233-9;TJDFT;1;;2;62;1252;f;0;;;777-014.236/2014;1167;;2014-09-23 16:25:57.907;2016-10-06 21:34:21.599872;;;;
3831;2013.01.1.059713-3;TJDFT;10;;7;62;805;f;0;;;777-014.345/2014;1167;;2014-09-24 21:25:13.31;2016-10-06 21:34:21.608092;;;;
3832;2011.01.1.093116-9;TJDFT;14;;3;62;1006;f;0;;;777-014.346/2014;1167;;2014-09-24 21:26:07.89;2016-10-06 21:34:21.616744;;;;
3833;2010.01.1.175784-6;TJDFT;37;;3;62;1248;f;0;;;777-014.347/2014;1167;;2014-09-24 21:27:19.39;2016-10-06 21:34:21.625512;;;;
3834;2014.00.2.0096215;TJDFT;37;;13;62;1006;f;0;;;777-014.348/2014;1167;;2014-09-24 21:28:31.483;2016-10-06 21:34:21.634594;;;;
3835;2014.01.1.138374-6;TJDFT;37;;16;14;1252;f;0;;;777-014.349/2014;1167;3;2014-09-24 21:30:12.547;2016-10-06 21:34:21.642789;;;;
3836;2000.01.1.046495-2;TJDFT;37;;6;62;1006;f;0;;;777-014.436/2014;1167;;2014-09-25 19:50:57.053;2016-10-06 21:34:21.651695;;;;
3837;2014.12.1.005238-7;TJDFT;37;;16;62;1006;f;0;;;777-014.437/2014;1167;;2014-09-25 19:52:02.677;2016-10-06 21:34:21.660948;;;;
3838;2012.01.1.194373-2;TJDFT;1;;2;62;805;f;0;;;777-014.438/2014;1167;;2014-09-25 19:56:25.18;2016-10-06 21:34:21.668978;;;;
3839;777.002.563/2014;PROMAI;11;;4;3;1006;f;0;;;777-014.514/2014;1167;1;2014-09-26 20:01:43.75;2016-10-06 21:34:21.67465;;;;
3840;777.002.753/2014;PROMAI;11;;7;3;1248;f;0;;;777-014.515/2014;1167;1;2014-09-26 20:04:53.937;2016-10-06 21:34:21.680376;;;;
3841;777.000.011/2014;TJDFT;37;;8;14;805;f;0;;;777-014.516/2014;1167;3;2014-09-26 20:07:10.953;2016-10-06 21:34:21.689739;;;;
3842;2009.01.1.147405-9;TJDFT;37;;7;62;1252;f;0;;;777-014.603/2014;1167;;2014-09-29 18:20:52.17;2016-10-06 21:34:21.698077;;;;
3843;13524/91;TJDFT;6;;4;62;1248;f;0;;;777-014.605/2014;1167;;2014-09-29 18:23:31.42;2016-10-06 21:34:21.706296;;;;
3844;1998.01.1.051603-6;TJDFT;11;;3;62;1248;f;0;;;777-014.606/2014;1167;;2014-09-29 18:25:09.123;2016-10-06 21:34:21.714324;;;;
3845;2012.01.1.168390-7;TJDFT;37;;14;62;1006;f;0;;;777-014.608/2014;1167;;2014-09-29 18:27:12.657;2016-10-06 21:34:21.723148;;;;
3846;2011.01.1.180365-0;TJDFT;37;;13;62;1006;f;0;;;777-014.609/2014;1167;;2014-09-29 18:28:14.907;2016-10-06 21:34:21.731849;;;;
3847;2014.01.1.098466-6;TJDFT;37;;3;62;805;f;0;;;777-014.610/2014;1167;;2014-09-29 18:30:00.283;2016-10-06 21:34:21.740003;;;;
3848;1999.01.1.037550-8;TJDFT;37;;8;62;805;f;0;;;777-014.613/2014;1167;;2014-09-29 18:31:02.423;2016-10-06 21:34:21.748182;;;;
3849;ACO - 8311 ;TJDFT;37;;16;62;805;f;0;;;777-014.615/2014;1167;;2014-09-29 18:37:00.16;2016-10-06 21:34:21.756759;;;;
3851;2012.01.1.176817-0;TJDFT;1;;1;62;1252;f;0;;;777-014.626/2014;1167;;2014-09-29 19:48:55.88;2016-10-06 21:34:21.773877;;;;
3852;2013.01.1.114823-7;TJDFT;37;;3;62;805;f;0;;;777-014.627/2014;1167;;2014-09-29 19:52:49.49;2016-10-06 21:34:21.782695;;;;
3828;2013.01.1.056848-8;TJDFT;1;100000.0;1;62;1248;f;0;;;777-014.177/2014;1167;;2014-09-22 19:11:44.283;2018-08-23 19:21:22.640058;;;;
3853;2013.01.1.162349-0;TJDFT;1;;3;62;805;f;0;;;777-014.628/2014;1167;;2014-09-29 19:53:42.523;2016-10-06 21:34:21.791201;;;;
3854;2004.01.1.053835-8;TJDFT;11;;7;62;805;f;0;;;777-014.629/2014;1167;;2014-09-29 19:54:48.897;2016-10-06 21:34:21.799558;;;;
3855;2011.01.1.226367-6;TJDFT;1;;5;62;1248;f;0;;;777-014.630/2014;1167;;2014-09-29 20:01:04.29;2016-10-06 21:34:21.807804;;;;
3857;2010.01.1.225957-2;TJDFT;3;;7;62;1006;f;0;;;777-014.634/2014;1167;;2014-09-29 20:15:18.593;2016-10-06 21:34:21.824596;;;;
3858;2014.01.1.096171-0;TJDFT;37;;3;62;1006;f;0;;;777-014.635/2014;1167;;2014-09-29 20:16:28.377;2016-10-06 21:34:21.832882;;;;
3861;2012.01.1.136715-6;TJDFT;1;;3;62;1252;f;0;;;777-014.674/2014;1167;;2014-09-30 18:24:08.88;2016-10-06 21:34:21.857862;;;;
3862;2014.01.1.050476-7;TJDFT;37;;3;62;1252;f;0;;;777-014.675/2014;1167;;2014-09-30 18:26:02.023;2016-10-06 21:34:21.865803;;;;
3863;2012.01.1.174371-8;TJDFT;1;;5;62;1252;f;0;;;777-014.676/2014;1167;;2014-09-30 18:27:31.773;2016-10-06 21:34:21.874096;;;;
3864;2012.01.1.128568-4;TJDFT;9;;1;62;805;f;0;;;777-014.677/2014;1167;;2014-09-30 18:28:32.117;2016-10-06 21:34:21.882743;;;;
3865;2013.01.1.088276-8;TJDFT;37;;10;62;805;f;0;;;777-014.678/2014;1167;;2014-09-30 18:29:29.21;2016-10-06 21:34:21.891029;;;;
3866;2013.01.1.010763-5;TJDFT;1;;3;62;1006;f;0;;;777-014.679/2014;1167;;2014-09-30 18:32:40.32;2016-10-06 21:34:21.898806;;;;
3867;2008.01.1.146013-7;TJDFT;37;;3;8;1006;f;0;;;777-014.680/2014;1167;;2014-09-30 18:34:50.523;2016-10-06 21:34:21.907543;;;;
3868;2011.01.1.153329-6;TJDFT;37;;16;14;1248;f;0;;;777-014.681/2014;1167;3;2014-09-30 18:40:05.883;2016-10-06 21:34:21.915867;;;;
3869;2012.01.1.080005-8;TJDFT;37;;3;62;805;f;0;;;777-014.737/2014;1167;;2014-10-01 20:57:56.557;2016-10-06 21:34:21.924132;;;;
3870;2014.01.1.134078-3;TJDFT;37;;4;62;805;f;0;;;777-014.738/2014;1167;;2014-10-01 21:00:27.48;2016-10-06 21:34:21.932306;;;;
3871;2012.01.1.168390-7;TJDFT;37;;14;62;1006;f;0;;;777-014.739/2014;1167;;2014-10-01 21:06:23.793;2016-10-06 21:34:21.94103;;;;
3872;1999.01.1.007395-3;TJDFT;37;;10;62;1006;f;0;;;777-014.740/2014;1167;;2014-10-01 21:08:37.717;2016-10-06 21:34:21.949372;;;;
3873;2012.01.1.190504-3;TJDFT;16;;6;62;1006;f;0;;;777-014.741/2014;1167;;2014-10-01 21:09:40.247;2016-10-06 21:34:21.957656;;;;
3875;2012.01.1.189598-5;TJDFT;16;;6;62;1248;f;0;;;777-014.743/2014;1167;;2014-10-01 21:19:22.263;2016-10-06 21:34:21.974785;;;;
3877;2013.01.1.165367-9;TJDFT;1;;6;62;1252;f;0;;;777-014.745/2014;1167;;2014-10-01 21:21:23.167;2016-10-06 21:34:21.994847;;;;
3878;2014.01.1.140935-2;TJDFT;37;;1;14;1252;f;0;;;777-014.746/2014;1167;3;2014-10-01 21:22:33.497;2016-10-06 21:34:22.004077;;;;
3880;2012.01.1.080005-8;TJDFT;37;;3;62;805;f;0;;;777-014.798/2014;1167;;2014-10-02 20:20:37.873;2016-10-06 21:34:22.022009;;;;
3882;2010.01.1.216840-0;TJDFT;37;;6;62;1248;f;0;;;777-014.800/2014;1167;;2014-10-02 20:24:22.86;2016-10-06 21:34:22.040337;;;;
3885;2013.01.1.028131-0;TJDFT;1;;8;62;805;f;0;;;777-014.886/2014;1167;;2014-10-06 17:42:02.683;2016-10-06 21:34:22.068863;;;;
3886;2014.01.1.057935-2;TJDFT;37;50000.0;8;62;805;f;0;;;777-014.887/2014;1167;;2014-10-06 17:42:59.153;2018-06-20 12:49:29.475919;;;;
3856;2012.01.1.086514-9;TJDFT;37;150000.0;12;62;1248;f;0;;;777-014.631/2014;1167;;2014-09-29 20:02:43.587;2018-08-23 19:21:57.536761;;;;
3859;2012.01.1.190821-0;TJDFT;10;10809.94;1;62;1006;f;0;;;777-014.636/2014;1167;;2014-09-29 20:17:33.28;2018-08-23 19:22:23.397202;;;;
3860;2014.01.1.128164-5;TJDFT;27;1000.0;1;62;1006;f;0;;;777-014.637/2014;1167;;2014-09-29 20:18:33.61;2018-08-23 19:23:22.694228;;;;
3874;2012.01.1.106455-2;TJDFT;37;40000.0;6;62;1248;f;0;;;777-014.742/2014;1167;;2014-10-01 21:18:25.763;2018-08-23 19:25:08.200677;;;;
3879;2009.01.1.001719-7;TJDFT;37;100.0;16;62;805;t;0;;;777-014.797/2014;1167;;2014-10-02 20:19:15.953;2018-08-23 19:25:35.914196;;;;
3883;2013.01.1.029360-7;TJDFT;1;100000.0;5;62;1252;f;0;;;777-014.801/2014;1167;;2014-10-02 20:26:45.203;2018-08-23 19:26:24.197487;;;;
3884;2014.01.1.085011-4;TJDFT;37;31185.95;6;14;1252;f;0;;;777-014.877/2014;1167;3;2014-10-06 17:01:16.33;2018-08-23 19:27:22.698035;;;;
3876;2014.01.1.064619-7;TJDFT;37;30000.0;4;62;1252;t;0;;;777-014.744/2014;1167;;2014-10-01 21:20:28.247;2018-09-28 13:17:09.497827;;;;
3887;2013.01.1.056851-9;TJDFT;37;;6;62;1252;f;0;;;777-014.888/2014;1167;;2014-10-06 17:43:56.887;2016-10-06 21:34:22.088578;;;;
3890;2014.02.1.001440-3;TJDFT;37;;16;14;514;f;0;;;777-014.993/2014;1167;3;2014-10-07 20:19:02.29;2016-10-06 21:34:22.120778;;;;
3891;2013.01.1.154075-9;TJDFT;37;;16;62;1006;f;0;;;777-014.994/2014;1167;;2014-10-07 20:20:08.337;2016-10-06 21:34:22.135176;;;;
3893;2014.01.1.068940-8;TJDFT;27;;4;62;1252;f;0;;;777-014.996/2014;1167;;2014-10-07 20:22:57.75;2016-10-06 21:34:22.153871;;;;
3894;2014.01.1.085687-9;TJDFT;37;;5;62;1252;f;0;;;777-014.997/2014;1167;;2014-10-07 20:23:58.53;2016-10-06 21:34:22.162818;;;;
3895;2013.01.1.067931-2;TJDFT;37;;4;62;1252;f;0;;;777-014.998/2014;1167;;2014-10-07 20:24:50.86;2016-10-06 21:34:22.171612;;;;
3896;2006.01.1.054994-4;TJDFT;37;;3;14;1252;f;0;;;777-015.000/2014;1167;3;07/10/2014 20:25;2016-10-06 21:34:22.180703;;;;
3898;2012.01.1.198622-0;TJDFT;37;;8;62;1248;f;0;;;777-015.002/2014;1167;;2014-10-07 20:29:55.393;2016-10-06 21:34:22.200134;;;;
3899;2010.01.1.087065-4;TJDFT;10;;8;62;1248;f;0;;;777-015.003/2014;1167;;2014-10-07 20:30:55.893;2016-10-06 21:34:22.209115;;;;
3900;2014.01.1.146861-0;TJDFT;37;;1;14;1248;f;0;;;777-015.004/2014;1167;3;2014-10-07 20:31:48.677;2016-10-06 21:34:22.219457;;;;
3901;0;CODHAB;37;;1;34;1375;t;0;;;392-053.066/2014;1375;2;2015-04-29 12:03:28.8;2016-10-06 21:34:22.228569;;;;
3902;0;CODHAB;37;;1;34;1375;t;0;;;392-053.066/2014;1375;2;2015-04-29 12:03:44.37;2016-10-06 21:34:22.237016;;;;
3903;2013.01.1.096503-3;TJDFT;1;;8;62;1252;f;0;;;777-015.046/2014;1167;;2014-10-08 19:25:35.257;2016-10-06 21:34:22.245504;;;;
3904;2009.01.1.152506-4;TJDFT;1;;4;62;805;f;0;;;777-015.047/2014;1167;;2014-10-08 19:26:42.507;2016-10-06 21:34:22.254123;;;;
3907;2014.01.1.104217-2;TJDFT;20;;8;62;1248;f;0;;;777-015.159/2014;1070;;2014-10-10 13:55:15.203;2016-10-06 21:34:22.280164;;;;
3908;2013.01.1.019800-2;TJDFT;9;;5;14;1248;f;0;;;777-015.160/2014;1070;3;2014-10-10 13:56:14.5;2016-10-06 21:34:22.289133;;;;
3909;2012.01.1.194438-2;TJDFT;9;;8;62;1252;f;0;;;777-015.161/2014;1070;;2014-10-10 13:57:20.937;2016-10-06 21:34:22.298342;;;;
3911;2011.01.1.226367-6;TJDFT;1;;5;62;1252;f;0;;;777-015.229/2014;1167;;2014-10-10 19:56:35.737;2016-10-06 21:34:22.316499;;;;
3913;1999.01.1.053428-4;TJDFT;37;;6;62;1252;f;0;;;777-015.231/2014;1167;;2014-10-10 19:58:45.877;2016-10-06 21:34:22.333511;;;;
3915;2014.13.1.001737-4;TJDFT;37;;16;14;1248;f;0;;;777-015.233/2014;1167;3;2014-10-10 20:11:32.077;2016-10-06 21:34:22.350798;;;;
3916;10833/93;TJDFT;37;;1;62;1006;f;0;;;777-015.235/2014;1167;;2014-10-10 20:12:34.28;2016-10-06 21:34:22.35879;;;;
3917;2011.01.1.054169-6;TJDFT;37;;16;62;1006;f;0;;;777-015.236/2014;1167;;2014-10-10 20:13:22.623;2016-10-06 21:34:22.366866;;;;
3918;0;AUDIN;37;;1;34;1373;t;0;;;392-054.219/2014;1375;2;2015-10-01 21:10:28.757;2016-10-06 21:34:22.37595;;;;
3919;2012.01.1.055700-2;TJDFT;1;;4;62;1252;f;0;;;777-015.366/2014;1167;;2014-10-13 21:12:32.64;2016-10-06 21:34:22.384153;;;;
5861;2017.15.1.000394-7;TJDFT;10;15102.28;17;;;t;0;;;;514;;2017-05-15 15:12:47.291899;2017-05-15 15:12:47.291899;f;;;
3888;2012.01.1.153974-3;TJDFT;1;80000.0;5;62;1248;f;0;;;777-014.889/2014;1167;;2014-10-06 17:44:51.077;2018-06-20 12:51:23.430378;;;;
3889;2013.01.1.068847-2;TJDFT;37;100000.0;6;62;1006;f;0;;;777-014.890/2014;1167;;2014-10-06 17:45:45.703;2018-06-20 12:59:31.483288;;;;
3892;2013.01.1.161878-5;TJDFT;35;0.0;2;62;805;t;0;;;777-014.995/2014;1167;;2014-10-07 20:21:11.993;2018-06-20 13:10:56.983856;;;;
3897;2012.01.1.170745-2;TJDFT;1;100000.0;8;62;1248;f;0;;;777-015.001/2014;1167;;2014-10-07 20:28:59.207;2018-06-20 13:35:44.412971;;;;
3905;2013.01.1.098566-2;TJDFT;26;100.0;6;62;1006;f;0;;;777-015.157/2014;1070;;2014-10-10 13:53:21.86;2018-06-20 13:37:09.701692;;;;
3906;2014.01.1.074989-5;TJDFT;9;80000.0;4;62;805;f;0;;;777-015.158/2014;1070;;2014-10-10 13:54:15.877;2018-06-20 13:38:18.611849;;;;
3910;2014.01.1.066507-5;TJDFT;9;80000.0;6;14;1252;f;0;;;777-015.162/2014;1070;3;2014-10-10 13:58:21.11;2018-06-20 13:39:29.397141;;;;
3920;2013.01.1.154284-4;TJDFT;1;;3;62;1252;f;0;;;777-015.367/2014;1167;;2014-10-13 21:13:35.017;2016-10-06 21:34:22.392211;;;;
3922;48591-61 2010.4.01.3400;TJDFT;37;;16;62;1248;f;0;;;777-015.369/2014;1167;;2014-10-13 21:16:05.67;2016-10-06 21:34:22.410458;;;;
3923;2014.12.1.005267-6;TJDFT;37;;16;62;1248;f;0;;;777-015.370/2014;1167;;2014-10-13 21:17:04.81;2016-10-06 21:34:22.418953;;;;
3924;1999.01.1.053428-4;TJDFT;37;;6;62;1006;f;0;;;777-015.371/2014;1167;;2014-10-13 21:18:21.95;2016-10-06 21:34:22.427786;;;;
3925;2012.01.1.152492-0;TJDFT;37;;6;62;1006;f;0;;;777-015.603/2014;1167;;2014-10-15 19:02:29.817;2016-10-06 21:34:22.436456;;;;
3927;2014.00.2.025646-8;TJDFT;38;;10;62;1252;f;0;;;777-015.607/2014;1167;;2014-10-15 19:06:04.317;2016-10-06 21:34:22.454021;;;;
3928;2010.01.1.216431-9;TJDFT;15;;8;62;1248;f;0;;;777-015.608/2014;1167;;2014-10-15 19:07:11.787;2016-10-06 21:34:22.462244;;;;
3931;1999.01.1.062045-0;TJDFT;37;;2;14;1252;f;0;;;777-015.640/2014;1070;3;2014-10-16 12:26:25.92;2016-10-06 21:34:22.488094;;;;
3932;0;DIMOB;37;;1;4;521;f;0;;;392-055.530/2014;1375;2;2015-11-13 19:42:22.3;2016-10-06 21:34:22.496463;;;;
3933;2012.01.1.171564-9;TJDFT;37;;11;62;1006;f;0;;;777-015.759/2014;1167;;2014-10-16 19:47:07.643;2016-10-06 21:34:22.505314;;;;
3934;2012.01.1.156141-9;TJDFT;37;;11;62;1006;f;0;;;777-015.760/2014;1167;;2014-10-16 19:48:03.207;2016-10-06 21:34:22.513386;;;;
3935;2013.01.1.022622-3;TJDFT;37;;14;62;1006;f;0;;;777-015.762/2014;1167;;2014-10-16 19:59:39.07;2016-10-06 21:34:22.521407;;;;
3936;2011.01.1.082793-0;TJDFT;30;;3;62;1006;f;0;;;777-015.763/2014;1167;;2014-10-16 20:00:49.307;2016-10-06 21:34:22.53038;;;;
3938;RT-0001426-44 2013.5.10.0016;TJDFT;37;;16;62;1006;f;0;;;777-015.766/2014;1167;;2014-10-16 20:06:01.51;2016-10-06 21:34:22.548054;;;;
3939;2013.01.1.124947-2;TJDFT;1;;6;62;1248;f;0;;;777-015.767/2014;1167;;2014-10-16 20:07:51.293;2016-10-06 21:34:22.556254;;;;
3941;2012.01.1.174371-8;TJDFT;37;;13;62;1252;f;0;;;777-015.769/2014;1167;;2014-10-16 20:10:38.857;2016-10-06 21:34:22.573251;;;;
3942;1999.01.1.034269-5;TJDFT;37;;6;62;1252;f;0;;;777-015.770/2014;1167;;2014-10-16 20:12:01.827;2016-10-06 21:34:22.581451;;;;
3945;2014.01.1.149895-2;TJDFT;37;;3;14;805;f;0;;;777-015.868/2014;1167;3;2014-10-17 18:38:39.473;2016-10-06 21:34:22.606939;;;;
3946;21054/95;TJDFT;37;;4;14;1248;f;0;;;777-015.870/2014;1167;3;2014-10-17 18:39:35.88;2016-10-06 21:34:22.615282;;;;
3947;0001426-44 2013 5 10 0016;Tribunal Regional do Trabalho ;37;;17;62;1006;f;0;;;777-015.909/2014;1070;;2014-10-20 11:35:11.297;2016-10-06 21:34:22.62421;;;;
3949;2011.01.1.072474-8;TJDFT;9;;9;62;1006;f;0;;;777-015.911/2014;1070;;2014-10-20 11:37:14.86;2016-10-06 21:34:22.641708;;;;
3950;2014.01.1.158677-7;TJDFT;9;;3;62;1006;f;0;;;777-015.912/2014;1070;;2014-10-20 11:38:09.187;2016-10-06 21:34:22.649996;;;;
3951;2012.01.1.073090-4;TJDFT;1;;15;62;1006;f;0;;;777-015.913/2014;1070;;2014-10-20 11:39:14.467;2016-10-06 21:34:22.659402;;;;
3952;2012.09.1.019151-4;TJDFT;21;;17;62;1252;f;0;;;777-015.914/2014;1070;;2014-10-20 11:40:29.407;2016-10-06 21:34:22.673734;;;;
3937;2013.01.1.060515-0;TJDFT;37;678.0;11;62;1006;f;0;;;777-015.764/2014;1167;;2014-10-16 20:01:49.447;2018-06-20 14:08:38.900721;;;;
3944;2014.01.1.121187-2;TJDFT;37;1000.0;5;14;1006;f;0;;;777-015.864/2014;1167;3;2014-10-17 18:36:36.847;2018-06-20 14:09:38.484847;;;;
3953;2013.08.1.001809-9;TJDFT;37;;17;62;1252;f;0;;;777-015.915/2014;1070;;2014-10-20 11:41:54.56;2016-10-06 21:34:22.688008;;;;
3954;2013.01.1.029837-2;TJDFT;42;;16;62;1252;f;0;;;777-015.918/2014;1070;;2014-10-20 11:43:16.407;2016-10-06 21:34:22.696931;;;;
3955;2014.00.2.026356-5;TJDFT;38;;11;62;1252;f;0;;;777-015.919/2014;1070;;2014-10-20 11:44:41.247;2016-10-06 21:34:22.705855;;;;
3956;2014.09.1.022010-7;TJDFT;37;;17;62;1248;f;0;;;777-015.921/2014;1070;;2014-10-20 11:46:58.483;2016-10-06 21:34:22.714555;;;;
3957;28099-09 2014 4 01 3400;JUSTI脟A FEDERAL;9;;17;62;1248;f;0;;;777-015.923/2014;1070;;2014-10-20 11:50:40.153;2016-10-06 21:34:22.724255;;;;
3959;2010.01.1.039737-4;TJDFT;41;;16;62;1248;f;0;;;777-015.925/2014;1070;;2014-10-20 11:53:26.31;2016-10-06 21:34:22.741583;;;;
3960;2012.01.1.190607-9;TJDFT;16;;8;62;1248;f;0;;;777-015.926/2014;1070;;2014-10-20 11:54:49.357;2016-10-06 21:34:22.75061;;;;
3961;0001541.2014.5.10.0002;Tribunal Regional do Trabalho ;37;;17;17;1006;t;0;;;777-015.986/2014;1070;;2014-10-21 11:14:19.887;2016-10-06 21:34:22.75913;;;;
3962;2013.01.1.139490-3;TJDFT;1;;12;62;1006;f;0;;;777-015.999/2014;1070;;2014-10-21 13:05:07.983;2016-10-06 21:34:22.767842;;;;
3963;2014.01.1.093386-8;TJDFT;9;;3;62;1006;f;0;;;777-016.000/2014;1070;;2014-10-21 13:06:04.653;2016-10-06 21:34:22.776818;;;;
3964;51053/96;TJDFT;37;;3;62;1006;f;0;;;777-016.001/2014;1070;;2014-10-21 13:07:10.153;2016-10-06 21:34:22.785984;;;;
3967;2012.13.004780-5;TJDFT;37;;17;62;1252;f;0;;;777-016.005/2014;1070;;2014-10-21 13:12:10.907;2016-10-06 21:34:22.813709;;;;
3968;2012.01.125555-2;TJDFT;11;;17;62;1252;f;0;;;777-016.006/2014;1070;;2014-10-21 13:13:34.5;2016-10-06 21:34:22.822344;;;;
3969;2012.01.125555-2;TJDFT;11;;17;62;1252;f;0;;;777-016.007/2014;1070;;2014-10-21 13:13:39.547;2016-10-06 21:34:22.830681;;;;
3970;2014.01.1.120298-7;TJDFT;27;;8;62;1252;f;0;;;777-016.009/2014;1070;;2014-10-21 13:21:54.883;2016-10-06 21:34:22.839985;;;;
3971;2013.01.1.058777-0;TJDFT;9;;7;62;1252;f;0;;;777-016.010/2014;1070;;2014-10-21 13:25:00.147;2016-10-06 21:34:22.848948;;;;
3972;2013.01.1.046797-6;TJDFT;1;;2;62;1252;f;0;;;777-016.011/2014;1070;;2014-10-21 13:26:50.93;2016-10-06 21:34:22.85728;;;;
3973;2011.01.1.206390-0;TJDFT;39;;10;62;1252;f;0;;;777-016.013/2014;1070;;2014-10-21 13:28:07.96;2016-10-06 21:34:22.86542;;;;
3974;2013.01.1.142111-7;TJDFT;39;;10;62;1248;f;0;;;777-016.014/2014;1070;;2014-10-21 13:29:38.99;2016-10-06 21:34:22.874532;;;;
3975;2002.01.1.043544-2;TJDFT;6;;9;62;1248;f;0;;;777-016.017/2014;1070;;2014-10-21 13:30:33.663;2016-10-06 21:34:22.882789;;;;
3976;2014.01.1.157501-7;TJDFT;3;;4;62;1248;f;0;;;777-016.019/2014;1070;;2014-10-21 13:31:31.367;2016-10-06 21:34:22.890975;;;;
3977;2012.06.1.001489-8;TJDFT;37;;17;62;1248;f;0;;;777-016.020/2014;1070;;2014-10-21 13:32:34.973;2016-10-06 21:34:22.900432;;;;
3978;2014.00.2.014075-7;TJDFT;38;;13;62;1248;f;0;;;777-016.022/2014;1070;;2014-10-21 13:33:45.66;2016-10-06 21:34:22.909441;;;;
3979;2012.01.1.149889-2;TJDFT;1;;12;62;1248;f;0;;;777-016.023/2014;1070;;2014-10-21 13:35:42.237;2016-10-06 21:34:22.917884;;;;
3980;2012.01.1.190636-8;TJDFT;16;;4;62;1006;f;0;;;777-016.041/2014;1167;;2014-10-21 16:28:14.587;2016-10-06 21:34:22.926529;;;;
3981;3743/91;TJDFT;13;;3;62;1006;f;0;;;777-016.044/2014;1167;;2014-10-21 16:30:07.493;2016-10-06 21:34:22.935381;;;;
3982;2012.01.1.080005-8;TJDFT;37;;3;62;1006;f;0;;;777-016.045/2014;1167;;2014-10-21 16:32:33.697;2016-10-06 21:34:22.944197;;;;
3984;2011.01.1.214338-6;TJDFT;37;;16;62;1006;f;0;;;777-016.047/2014;1167;;2014-10-21 16:34:19.087;2016-10-06 21:34:22.965971;;;;
3985;2012.01.1.178358-6;TJDFT;1;;4;62;1248;f;0;;;777-016.048/2014;1167;;2014-10-21 16:35:11.527;2016-10-06 21:34:22.981837;;;;
3986;2012.01.1.158610-4;TJDFT;1;;2;62;1252;f;0;;;777-016.049/2014;1167;;2014-10-21 16:36:00.997;2016-10-06 21:34:22.995354;;;;
5862;0703569-49.2017.8.07.0018;TJDFT;1;129999.0;6;;;t;1;;;;514;;2017-05-15 15:16:45.116126;2017-05-15 15:16:45.116126;f;;;
6170;0700144-77.2018.8.07.0018;TJDFT;14;100000.0;1;;;t;1;;;;514;;2018-04-10 13:03:18.369455;2018-04-10 13:03:18.369455;;;;
3983;2011.01.1.143891-0;TJDFT;1;100000.0;2;62;1006;f;0;;;777-016.046/2014;1167;;2014-10-21 16:33:23.777;2018-06-20 14:30:05.496966;;;;
3966;2012.01.1.053618-4;TJDFT;37;;17;62;1006;f;0;;;777-016.003/2014;1070;;2014-10-21 13:09:51.717;2018-09-28 13:21:24.991659;;;;
3987;1999.01.1.037548-4;TJDFT;37;;15;62;1252;f;0;;;777-016.050/2014;1167;;2014-10-21 16:36:56.823;2016-10-06 21:34:23.010627;;;;
3988;2012.01.1.198519-6;TJDFT;37;;4;62;1252;f;0;;;777-016.051/2014;1167;;2014-10-21 16:38:37.48;2016-10-06 21:34:23.025124;;;;
3989;2014.01.1.116642-4;TJDFT;37;;16;14;1248;f;0;;;777-016.076/2014;1070;3;2014-10-22 11:02:44.567;2016-10-06 21:34:23.034544;;;;
3991;2014.00.2.025169-6;TJDFT;38;;12;14;1248;f;0;;;777-016.151/2014;1167;3;2014-10-22 19:09:30.563;2016-10-06 21:34:23.052939;;;;
3992;2013.01.1.162391-6;TJDFT;35;;16;62;1248;f;0;;;777-016.153/2014;1167;;2014-10-22 20:25:35.677;2016-10-06 21:34:23.06274;;;;
3994;2012.01.1.194929-0;TJDFT;37;;12;62;1248;f;0;;;777-016.155/2014;1167;;2014-10-22 20:27:18.597;2016-10-06 21:34:23.081151;;;;
3996;21747/92;TJDFT;37;;3;62;1252;f;0;;;777-016.157/2014;1167;;2014-10-22 20:29:10.237;2016-10-06 21:34:23.100175;;;;
3997;2013.01.1.138452-5;TJDFT;1;;2;62;1252;f;0;;;777-016.158/2014;1167;;2014-10-22 20:30:04.223;2016-10-06 21:34:23.109074;;;;
3998;2012.01.1.194713-2;TJDFT;16;;4;62;1006;f;0;;;777-016.159/2014;1167;;2014-10-22 20:31:03.02;2016-10-06 21:34:23.118026;;;;
3999;2012.01.1.198497-2;TJDFT;16;;4;62;1006;f;0;;;777-016.160/2014;1167;;2014-10-22 20:32:34.91;2016-10-06 21:34:23.127579;;;;
4001;2012.01.1.189586-4;TJDFT;16;;4;62;1006;f;0;;;777-016.162/2014;1167;;2014-10-22 20:34:43.287;2016-10-06 21:34:23.144959;;;;
4002;2011.01.1.180365-0;TJDFT;37;;13;62;1006;f;0;;;777-016.163/2014;1167;;2014-10-22 20:35:39.19;2016-10-06 21:34:23.154676;;;;
4003;2014.01.1.163270-3;TJDFT;9;;3;14;1006;f;0;;;777-016.175/2014;1070;3;2014-10-23 12:02:02.757;2016-10-06 21:34:23.163953;;;;
4004;2014.01.1.154898-8;TJDFT;9;;7;14;1252;f;0;;;777-016.176/2014;1070;3;2014-10-23 12:03:27.9;2016-10-06 21:34:23.172597;;;;
4005;2014.01.1.158677-7;TJDFT;9;;3;14;1248;f;0;;;777-016.177/2014;1070;3;2014-10-23 12:06:21.447;2016-10-06 21:34:23.181289;;;;
4006;2012.01.1.163928-5;TJDFT;1;;5;62;1006;f;0;;;777-016.241/2014;1167;;2014-10-23 20:25:07.11;2016-10-06 21:34:23.19073;;;;
4007;2011.01.1.198861-4;TJDFT;1;;4;62;1006;f;0;;;777-016.242/2014;1167;;2014-10-23 20:27:46.58;2016-10-06 21:34:23.199395;;;;
4008;2012.01.1.141180-9;TJDFT;1;;3;62;1006;f;0;;;777-016.243/2014;1167;;2014-10-23 20:29:43.253;2016-10-06 21:34:23.208366;;;;
4009;2014.01.1.161342-3;TJDFT;37;;2;62;1006;f;0;;;777-016.244/2014;1167;;2014-10-23 20:30:58.907;2016-10-06 21:34:23.218021;;;;
4010;2012.01.1.115944-3;TJDFT;1;;2;62;1006;f;0;;;777-016.245/2014;1167;;2014-10-23 20:31:48.643;2016-10-06 21:34:23.229591;;;;
4011;2012.01.1.187885-4;TJDFT;1;;2;62;1006;f;0;;;777-016.246/2014;1167;;2014-10-23 20:32:42.177;2016-10-06 21:34:23.243659;;;;
4012;2013.01.1.066536-6;TJDFT;1;;5;62;1248;f;0;;;777-016.247/2014;1167;;2014-10-23 20:33:55.287;2016-10-06 21:34:23.253657;;;;
4013;2012.01.1.175390-3;TJDFT;37;;4;62;1248;f;0;;;777-016.248/2014;1167;;2014-10-23 20:35:21.613;2016-10-06 21:34:23.262525;;;;
4014;2012.01.1.127115-8;TJDFT;9;;2;62;1248;f;0;;;777-016.249/2014;1167;;2014-10-23 20:36:57.1;2016-10-06 21:34:23.270973;;;;
4015;2013.01.1.148436-4;TJDFT;1;;2;62;1248;f;0;;;777-016.250/2014;1167;;2014-10-23 20:37:44.303;2016-10-06 21:34:23.280388;;;;
4016;2012.01.1.198506-7;TJDFT;37;;2;62;1248;f;0;;;777-016.251/2014;1167;;2014-10-23 20:38:39.24;2016-10-06 21:34:23.289675;;;;
4017;2014.01.1.029657-4;TJDFT;37;;2;62;1248;f;0;;;777-016.252/2014;1167;;2014-10-23 20:40:15.24;2016-10-06 21:34:23.29906;;;;
4018;2011.01.1.226367-6;TJDFT;37;;16;62;1248;f;0;;;777-016.253/2014;1167;;2014-10-23 20:41:16.443;2016-10-06 21:34:23.308917;;;;
4019;2012.01.1.190605-4;TJDFT;37;;5;62;1252;f;0;;;777-016.254/2014;1167;;2014-10-23 20:44:13.103;2016-10-06 21:34:23.318852;;;;
5863;0702857-59.2017.8.07.0018;TJDFT;3;1000.0;8;;;t;1;;;;514;;2017-05-15 15:19:43.426392;2017-05-15 15:19:43.426392;f;;;
6075;0713209-76.2017.8.07.0018;VARA DA FAZENDA PUBLICA;1;80000.0;1;;;t;1;;;;1436;;2017-12-14 20:30:06.823825;2017-12-14 20:30:06.823825;t;;;
3993;2013.01.1.188373-5;TJDFT;1;100000.0;1;62;1248;f;0;;;777-016.154/2014;1167;;2014-10-22 20:26:21.893;2018-06-20 14:31:05.750806;;;;
3995;2014.01.1.116813-2;TJDFT;37;120000.0;5;62;1252;f;0;;;777-016.156/2014;1167;;2014-10-22 20:28:16.3;2018-06-20 14:32:58.240687;;;;
4020;2012.01.1.196477-8;TJDFT;30;;4;62;1252;f;0;;;777-016.255/2014;1167;;2014-10-23 20:45:12.197;2016-10-06 21:34:23.328705;;;;
4021;2014.01.1.154867-4;TJDFT;37;;3;62;1252;f;0;;;777-016.256/2014;1167;;2014-10-23 20:46:06.68;2016-10-06 21:34:23.338599;;;;
4022;1998.01.1.051603-6;TJDFT;11;;3;62;1252;f;0;;;777-016.257/2014;1167;;2014-10-23 20:47:38.12;2016-10-06 21:34:23.348891;;;;
4023;2013.01.1.018632-6;TJDFT;10;;2;62;1252;f;0;;;777-016.258/2014;1167;;2014-10-23 20:49:34.667;2016-10-06 21:34:23.358324;;;;
4024;2013.01.1.126507-8;TJDFT;1;;2;62;1252;f;0;;;777-016.259/2014;1167;;2014-10-23 20:50:25.323;2016-10-06 21:34:23.367141;;;;
4025;2013.01.1.171102-5;TJDFT;1;;2;62;1252;f;0;;;777-016.260/2014;1167;;2014-10-23 20:51:16.84;2016-10-06 21:34:23.376589;;;;
4026;2014.01.1.154867-4;TJDFT;9;;3;14;1252;f;0;;;777-016.299/2014;1070;3;2014-10-24 14:56:38.01;2016-10-06 21:34:23.386809;;;;
4027;2008.01.1.151726-3;TJDFT;10;;6;62;1248;f;0;;;777-016.337/2014;1167;;2014-10-24 19:51:13.607;2016-10-06 21:34:23.396417;;;;
4028;2014.01.1.164010-4;TJDFT;37;;3;62;1248;f;0;;;777-016.338/2014;1167;;2014-10-24 19:52:12.653;2016-10-06 21:34:23.405494;;;;
4029;2006.01.1.054994-4;TJDFT;37;;3;62;1248;f;0;;;777-016.339/2014;1167;;2014-10-24 19:53:03.433;2016-10-06 21:34:23.414321;;;;
4030;2012.01.1.163922-8;TJDFT;1;;2;62;1248;f;0;;;777-016.340/2014;1167;;2014-10-24 19:53:51.887;2016-10-06 21:34:23.422261;;;;
4031;2013.01.1.172176-6;TJDFT;1;;1;62;1248;f;0;;;777-016.341/2014;1167;;2014-10-24 19:56:30.12;2016-10-06 21:34:23.430437;;;;
4032;2013.01.1.184913-7;TJDFT;1;;1;62;1252;f;0;;;777-016.342/2014;1167;;2014-10-24 19:57:34.84;2016-10-06 21:34:23.439186;;;;
4034;2014.01.1.081531-7;TJDFT;37;;3;62;1252;f;0;;;777-016.344/2014;1167;;2014-10-24 19:59:07.34;2016-10-06 21:34:23.455643;;;;
4036;2009.01.1.026422-2;TJDFT;9;;5;62;1252;f;0;;;777-016.346/2014;1167;;2014-10-24 20:00:39.497;2016-10-06 21:34:23.473136;;;;
4037;2012.01.1.081642-8;TJDFT;14;;4;62;1006;f;0;;;777-016.347/2014;1167;;2014-10-24 20:01:35.793;2016-10-06 21:34:23.481517;;;;
4040;2014.01.1.163270-3;TJDFT;37;;3;62;1006;f;0;;;777-016.350/2014;1167;;2014-10-24 20:05:01.56;2016-10-06 21:34:23.507984;;;;
4041;2013.01.1.148982-7;TJDFT;1;;2;62;1006;f;0;;;777-016.351/2014;1167;;2014-10-24 20:05:42.31;2016-10-06 21:34:23.516186;;;;
4042;21939/92;TJDFT;37;;1;62;1006;t;0;;;777-016.352/2014;1167;;2014-10-24 20:06:26.56;2016-10-06 21:34:23.52447;;;;
4044;0001644-80.2014.5.10.0002;TJDFT;37;;17;17;521;f;0;;;777-016.391/2014;1167;;2014-10-28 15:23:13.46;2016-10-06 21:34:23.541698;;;;
4045;2000.01.1.051175-4;TJDFT;11;;4;62;1248;f;0;;;777-016.410/2014;1248;;2014-10-28 17:54:04.083;2016-10-06 21:34:23.550069;;;;
4046;2014.01.1.055808-3;TJDFT;37;;16;62;1252;f;0;;;777-016.510/2014;1167;;2014-10-29 19:27:28.24;2016-10-06 21:34:23.559064;;;;
4047;2013.01.1.184972-3;TJDFT;1;;8;62;1252;f;0;;;777-016.511/2014;1167;;2014-10-29 19:30:14.507;2016-10-06 21:34:23.57007;;;;
4048;2012.01.1.130617-2;TJDFT;1;;5;62;1252;f;0;;;777-016.513/2014;1167;;2014-10-29 19:36:03.167;2016-10-06 21:34:23.581775;;;;
4050;2014.01.1.104590-2;TJDFT;37;;1;14;1252;f;0;;;777-016.515/2014;1167;3;2014-10-29 19:38:06.29;2016-10-06 21:34:23.604607;;;;
4051;2010.01.1.175784-6;TJDFT;37;;3;62;1248;f;0;;;777-016.516/2014;1167;;2014-10-29 19:39:27.51;2016-10-06 21:34:23.615765;;;;
4052;32048/94;TJDFT;6;;3;62;1248;f;0;;;777-016.517/2014;1167;;2014-10-29 19:40:37.573;2016-10-06 21:34:23.626766;;;;
4049;2013.01.1.088203-6;TJDFT;1;80000.0;1;62;1252;f;0;;;777-016.514/2014;1167;;2014-10-29 19:37:01.213;2018-06-20 14:53:48.888475;;;;
4035;2013.01.1.148435-6;TJDFT;1;80000.0;4;62;1252;f;0;;;777-016.345/2014;1167;;2014-10-24 19:59:51.59;2018-06-20 14:47:00.580362;;;;
4039;2012.01.1.190827-7;TJDFT;16;1629.74;2;62;1006;f;0;;;777-016.349/2014;1167;;2014-10-24 20:04:13.45;2018-06-20 14:49:49.164302;;;;
4053;2011.01.1.199945-8;TJDFT;1;89323.83;16;62;1248;f;0;;;777-016.518/2014;1167;;2014-10-29 19:41:30.217;2018-06-20 14:55:15.582267;;;;
4043;0006726-55.2013.8.07.0004;TJDFT;37;100830.0;5;62;1006;t;0;;;777-016.353/2014;1167;;2014-10-24 20:07:19.81;2019-02-14 12:05:24.603789;;;;
4054;2014.01.1.137679-4;TJDFT;37;;5;14;1248;f;0;;;777-016.519/2014;1167;3;2014-10-29 19:42:35.167;2016-10-06 21:34:23.648157;;;;
4055;2013.01.1.121656-6;TJDFT;37;;4;62;805;f;0;;;777-016.524/2014;1167;;2014-10-29 20:10:15.977;2016-10-06 21:34:23.659964;;;;
4056;2010.01.1.164033-7;TJDFT;37;;4;62;805;f;0;;;777-016.525/2014;1167;;2014-10-29 20:11:02.667;2016-10-06 21:34:23.670453;;;;
4057;2013.01.1.121655-8;TJDFT;37;;4;62;805;f;0;;;777-016.526/2014;1167;;2014-10-29 20:11:43.603;2016-10-06 21:34:23.680958;;;;
4059;0704548-22 2014 8 07 0016;TJDFT;37;;16;62;805;f;0;;;777-016.528/2014;1167;;2014-10-29 20:13:28.997;2016-10-06 21:34:23.703035;;;;
4060;34540/92;TJDFT;9;;4;62;805;f;0;;;777-016.529/2014;1167;;2014-10-29 20:14:10.463;2016-10-06 21:34:23.71402;;;;
4061;2013.01.1.103124-2;TJDFT;1;;8;62;805;f;0;;;777-016.530/2014;1167;;2014-10-29 20:14:54.463;2016-10-06 21:34:23.725105;;;;
4064;2011.01.1.025368-9;TJDFT;6;;16;62;1006;f;0;;;777-016.533/2014;1167;;2014-10-29 20:18:32.73;2016-10-06 21:34:23.757228;;;;
4065;2011.01.1.211842-8;TJDFT;15;;7;62;1006;f;0;;;777-016.534/2014;1167;;2014-10-29 20:19:47.17;2016-10-06 21:34:23.767743;;;;
4066;2008.01.1.146013-7;TJDFT;1;;7;62;1006;f;0;;;777-016.535/2014;1167;;2014-10-29 20:20:29.59;2016-10-06 21:34:23.778253;;;;
4067;2013.01.1.177264-4;TJDFT;1;;3;62;1006;f;0;;;777-016.536/2014;1167;;2014-10-29 20:21:53.937;2016-10-06 21:34:23.789147;;;;
4068;2011.01.1.215685-2;TJDFT;1;;3;62;1006;f;0;;;777-016.537/2014;1167;;2014-10-29 20:22:35.187;2016-10-06 21:34:23.799577;;;;
4070;2012.01.1.149889-2;TJDFT;37;;12;62;1006;f;0;;;777-016.539/2014;1167;;2014-10-29 20:24:12.267;2016-10-06 21:34:23.821437;;;;
4071;2013.01.1.154075-9;TJDFT;37;;16;62;1006;f;0;;;777-016.540/2014;1167;;2014-10-29 20:25:09.89;2016-10-06 21:34:23.831941;;;;
4072;2010.09.1.012953-3;TJDFT;10;;16;62;1006;f;0;;;777-016.541/2014;1167;;2014-10-29 20:26:01.717;2016-10-06 21:34:23.843925;;;;
4074;2014.01.1.161342-3;TJDFT;37;;2;14;1006;f;0;;;777-016.543/2014;1167;3;2014-10-29 20:28:01.487;2016-10-06 21:34:23.866117;;;;
4075;2001.01.1.024596-0;TJDFT;37;;4;62;1248;f;0;;;777-016.602/2014;1167;;2014-10-30 17:10:09.58;2016-10-06 21:34:23.87878;;;;
4076;2014.01.1.055887-9;TJDFT;37;;16;62;1252;f;0;;;777-016.603/2014;1167;;2014-10-30 17:11:35.127;2016-10-06 21:34:23.890147;;;;
4077;2014.01.1.080617-5;TJDFT;37;;16;62;1006;f;0;;;777-016.604/2014;1167;;2014-10-30 17:12:33.22;2016-10-06 21:34:23.900902;;;;
4078;2013.01.1.066536-6;TJDFT;1;;5;62;805;f;0;;;777-016.605/2014;1167;;2014-10-30 17:13:30.817;2016-10-06 21:34:23.912406;;;;
4079;2013.01.1.047856-0;TJDFT;1;;5;62;805;f;0;;;777-016.606/2014;1167;;2014-10-30 17:14:23.287;2016-10-06 21:34:23.923052;;;;
4080;2014.01.1.132807-0;TJDFT;9;;1;14;1248;f;0;;;777-016.672/2014;514;3;2014-10-31 15:23:31.523;2016-10-06 21:34:23.934195;;;;
4082;35022/93;TJDFT;12;;4;14;805;f;0;;;777-016.674/2014;514;3;2014-10-31 15:26:07.307;2016-10-06 21:34:23.955944;;;;
4084;2014.01.1.044028-7;TJDFT;37;;16;8;1252;f;0;;;777-016.718/2014;1167;;2014-10-31 19:07:51.063;2016-10-06 21:34:23.977851;;;;
4085;2013.01.1.052005-2;TJDFT;1;;1;62;1248;f;0;;;777-016.719/2014;1167;;2014-10-31 19:09:35.813;2016-10-06 21:34:23.988159;;;;
4086;128362/74;TJDFT;6;;1;62;805;t;0;;;777-016.720/2014;1167;;2014-10-31 19:10:38.907;2016-10-06 21:34:23.999743;;;;
5864;0703946-20.2017.8.07.0018;TJDFT;1;100000.0;1;;;t;1;;;;514;;2017-05-15 15:23:30.074688;2017-05-15 15:23:30.074688;f;;;
6076;0713639-28.2017.8.07.0018;VARA DA FAZENDA PUBLICA;1;100000.0;7;;;t;1;;;;1436;;2017-12-14 20:37:36.143157;2017-12-14 20:37:36.143157;t;;;
6078;0705784-25.2017.8.07.0009;VARA C脥VEL DE SAMAMBAIA;14;47272.72;17;;;t;1;;;;1436;;2017-12-18 19:14:09.772;2017-12-18 19:14:09.772;t;;;
6175;0711838-77.2017.8.07.0018;TJDFT;1;1000.0;6;;;t;1;;;;514;;2018-04-12 14:32:46.911118;2018-04-12 14:32:46.911118;;;;
4062;2014.01.1.161336-8;TJDFT;37;100000.0;7;14;805;f;0;;;777-016.531/2014;1167;3;2014-10-29 20:15:52.557;2018-06-20 14:56:32.024599;;;;
4083;2012.01.1.176817-0;TJDFT;1;10000.0;1;62;1252;f;0;;;777-016.716/2014;1167;;2014-10-31 19:00:50.557;2018-06-20 15:05:45.376048;;;;
4087;2013.01.1.187492-0;TJDFT;1;27120.0;1;62;805;f;0;;;777-016.721/2014;1167;;2014-10-31 19:11:28.55;2018-06-20 15:09:48.420143;;;;
6280;"1011272-61.2018.4.01,3400";JUSTI脟A FEDERAL;4;200000.0;17;;;t;1;;;;514;;2018-09-06 13:33:40.291703;2018-09-06 13:33:40.291703;;;;
6281;2017.09.1.007108-8;TJDFT;37;170000.0;17;;;t;1;;;;514;;2018-09-06 13:43:56.794979;2018-09-06 13:43:56.794979;;;;
6284;0703363-98.2018.8.07.0018;TJDFT;10;15000.0;7;;;t;1;;;;514;;2018-09-06 14:05:46.202136;2018-09-06 14:05:46.202136;;;;
49;0010569-15.2015.8.07.0018;TJDFT;1;47985.0;1;;;t;0;;;;1375;;2015-05-29 18:05:41.95;2018-09-28 19:03:59.120734;;;;
6335;0711410-61.2018.8.07.0018;TJDFT;15;1000.0;5;;;t;;;;;514;;2018-11-28 13:50:01.460351;2018-11-28 13:50:01.460351;;;;
6341;0711445-21.2018.8.07.0018;TJDFT;1;100000.0;7;;;t;1;;;;514;;2018-12-06 13:24:10.613812;2018-12-06 13:24:10.613812;;;;
4088;2013.01.1.088276-8;TJDFT;37;;10;62;805;f;0;;;777-016.722/2014;1167;;2014-10-31 19:12:39.05;2016-10-06 21:34:24.021183;;;;
4090;2012.01.1.195987-9;TJDFT;1;;3;62;1006;f;0;;;777-016.724/2014;1167;;2014-10-31 19:14:39.313;2016-10-06 21:34:24.047291;;;;
4091;2013.01.1.075168-3;TJDFT;37;;10;62;1006;f;0;;;777-016.725/2014;1167;;2014-10-31 19:15:56.097;2016-10-06 21:34:24.058217;;;;
4092;18922/92;TJDFT;10;;3;62;1006;f;0;;;777-016.785/2014;1167;;2014-11-03 17:03:02.927;2016-10-06 21:34:24.06991;;;;
4094;2013.01.1.070906-5;TJDFT;1;;2;62;1252;f;0;;;777-016.788/2014;1167;;2014-11-03 17:04:57.333;2016-10-06 21:34:24.090901;;;;
4097;2014.01.1.072813-4;TJDFT;37;;16;62;1248;f;0;;;777-016.791/2014;1167;;2014-11-03 17:08:05.897;2016-10-06 21:34:24.126448;;;;
4098;2014.01.1.072813-4;TJDFT;37;;16;62;1248;f;0;;;777-016.792/2014;1167;;2014-11-03 17:08:06.49;2016-10-06 21:34:24.137569;;;;
4099;2014.01.1.107365-0;TJDFT;37;;4;62;805;f;0;;;777-016.793/2014;1167;;2014-11-03 17:09:05.503;2016-10-06 21:34:24.149187;;;;
4101;2012.01.1.080005-8;TJDFT;37;;3;62;805;f;0;;;777-016.797/2014;1167;;2014-11-03 17:11:06.193;2016-10-06 21:34:24.173269;;;;
4102;2007.09.1.005426-6;TJDFT;37;;16;14;1252;f;0;;;777-016.818/2014;1167;3;2014-11-03 19:42:00.143;2016-10-06 21:34:24.18221;;;;
4105;2014.01.1.052031-5;TJDFT;37;;16;14;1248;f;0;;;777-016.886/2014;1167;3;2014-11-04 16:53:16.503;2016-10-06 21:34:24.20723;;;;
4106;599 573-DF;SUPERIOR TRIBUNAL DE JUSTI脟A;37;;16;62;805;f;0;;;777-016.888/2014;1167;;2014-11-04 16:55:56.003;2016-10-06 21:34:24.215447;;;;
4107;2014.01.1.157501-7;TJDFT;37;;4;14;805;f;0;;;777-016.890/2014;1167;3;2014-11-04 17:02:27.337;2016-10-06 21:34:24.224037;;;;
4108;2011.07.1.037167-9;TJDFT;30;;16;62;1006;f;0;;;777-016.906/2014;1167;;2014-11-04 18:48:20.633;2016-10-06 21:34:24.23214;;;;
4109;2012.01.1.168390-7;TJDFT;37;;14;62;1006;f;0;;;777-016.907/2014;1167;;2014-11-04 18:49:16.757;2016-10-06 21:34:24.240442;;;;
4110;1999.01.1.007395-3;TJDFT;37;;10;62;1006;f;0;;;777-016.908/2014;1167;;2014-11-04 18:50:12.757;2016-10-06 21:34:24.249011;;;;
4111;2012.01.1.196394-3;TJDFT;37;;13;62;805;f;0;;;777-016.909/2014;1167;;2014-11-04 18:53:00.21;2016-10-06 21:34:24.257618;;;;
4112;2014.00.2.024747-8;TJDFT;37;;10;62;805;f;0;;;777-016.910/2014;1167;;2014-11-04 18:54:06.867;2016-10-06 21:34:24.265837;;;;
4113;2013.01.1.088276-8;TJDFT;37;;10;62;805;f;0;;;777-016.911/2014;1167;;2014-11-04 18:54:55.787;2016-10-06 21:34:24.274075;;;;
4114;2012.01.1.194699-9;TJDFT;37;;15;62;805;f;0;;;777-016.912/2014;1167;;2014-11-04 18:55:57.18;2016-10-06 21:34:24.282886;;;;
4115;2013.01.1.083138-3;TJDFT;37;;2;62;805;f;0;;;777-016.913/2014;1167;;2014-11-04 18:57:19.397;2016-10-06 21:34:24.291122;;;;
4117;2013.01.1.172176-6;TJDFT;1;;1;62;1252;f;0;;;777-016.915/2014;1167;;2014-11-04 18:59:15.023;2016-10-06 21:34:24.307219;;;;
4118;2010.03.1.022123-5;TJDFT;37;;13;62;1252;f;0;;;777-016.916/2014;1167;;2014-11-04 19:00:34.507;2016-10-06 21:34:24.315768;;;;
4119;2013.01.1.075168-3;TJDFT;37;;10;62;1252;f;0;;;777-016.917/2014;1167;;2014-11-04 19:01:33.413;2016-10-06 21:34:24.323934;;;;
4121;2013.01.1.061330-7;TJDFT;1;;3;62;1248;f;0;;;777-016.919/2014;1167;;2014-11-04 19:05:23.99;2016-10-06 21:34:24.340594;;;;
4093;2010.01.1.216840-0;TJDFT;37;510.0;6;62;1252;f;0;;;777-016.786/2014;1167;;2014-11-03 17:03:57.723;2018-06-20 15:11:51.743099;;;;
4095;2013.01.1.120644-4;TJDFT;1;100000.0;5;62;1248;f;0;;;777-016.789/2014;1167;;2014-11-03 17:06:09.66;2018-06-20 15:15:38.701728;;;;
4100;2012.01.1.053855-9;TJDFT;1;125340.0;1;62;805;f;0;;;777-016.794/2014;1167;;2014-11-03 17:10:03.257;2018-06-20 15:18:17.033448;;;;
4103;2014.01.1.127468-5;TJDFT;37;1000.0;6;14;805;f;0;;;777-016.819/2014;1167;3;2014-11-03 19:43:06.503;2018-06-20 15:22:12.864272;;;;
4104;2014.01.1.073457-5;TJDFT;37;500000.0;4;62;1252;f;0;;;777-016.885/2014;1167;;2014-11-04 16:52:04.393;2018-06-20 15:24:13.98482;;;;
4116;2013.01.1.099490-9;TJDFT;1;150304.99;5;62;1252;f;0;;;777-016.914/2014;1167;;2014-11-04 18:58:32.553;2018-06-20 15:26:33.359648;;;;
4124;2013.01.1.111566-9;TJDFT;37;;16;62;1248;f;0;;;777-016.922/2014;1167;;2014-11-04 19:08:54.1;2016-10-06 21:34:24.366937;;;;
4125;RT-0001426-44 2013.5.10.0016;Tribunal Regional do Trabalho ;37;;16;62;1006;f;0;;;777-016.968/2014;1167;;2014-11-05 16:16:33.983;2016-10-06 21:34:24.375978;;;;
4126;2012.01.1.168390-7;TJDFT;37;;14;62;1006;f;0;;;777-016.990/2014;1167;;2014-11-05 19:31:54.777;2016-10-06 21:34:24.384251;;;;
4127;2013.01.1.045329-8;TJDFT;1;;1;62;1248;f;0;;;777-016.991/2014;1167;;2014-11-05 19:32:46.607;2016-10-06 21:34:24.392292;;;;
4129;2010.03.1.022123-5;TJDFT;37;;13;62;1252;f;0;;;777-016.993/2014;1167;;2014-11-05 19:34:47.247;2016-10-06 21:34:24.410353;;;;
4130;2014.01.1.110026-7;TJDFT;37;;1;62;805;f;0;;;777-016.994/2014;1167;;2014-11-05 19:36:06.12;2016-10-06 21:34:24.419828;;;;
4132;2004.01.1.119129-8;TJDFT;37;;4;14;1006;f;0;;;777-017.050/2014;514;3;2014-11-06 16:52:00.453;2016-10-06 21:34:24.4377;;;;
4133;2014.01.1.109648-5;TJDFT;37;;5;62;1252;f;0;;;777-017.134/2014;1167;;2014-11-07 18:23:16.843;2016-10-06 21:34:24.446851;;;;
4134;2013.01.1.094853-8;TJDFT;1;;2;62;1252;f;0;;;777-017.139/2014;1167;;2014-11-07 18:31:21.117;2016-10-06 21:34:24.456267;;;;
4135;2013.01.1.033132-2;TJDFT;1;;8;62;805;f;0;;;777-017.140/2014;1167;;2014-11-07 18:33:46.34;2016-10-06 21:34:24.464632;;;;
4136;2013.00.2.030988-2;TJDFT;37;;12;62;805;f;0;;;777-017.141/2014;1167;;2014-11-07 18:34:56.697;2016-10-06 21:34:24.473592;;;;
4137;2012.01.1.190775-6;TJDFT;37;;4;62;805;f;0;;;777-017.142/2014;1167;;2014-11-07 18:35:56.443;2016-10-06 21:34:24.481632;;;;
4139;2013.01.1.060658-9;TJDFT;35;;16;62;805;f;0;;;777-017.181/2014;1167;;2014-11-10 17:14:27.943;2016-10-06 21:34:24.500245;;;;
4140;2013.01.1.162391-6;TJDFT;35;;16;62;805;f;0;;;777-017.182/2014;1167;;2014-11-10 17:15:31.683;2016-10-06 21:34:24.509998;;;;
4141;2013.01.1.162391-6;TJDFT;35;;16;62;805;f;0;;;777-017.183/2014;1167;;2014-11-10 17:15:33.463;2016-10-06 21:34:24.518432;;;;
4144;2014.01.1.080617-5;TJDFT;37;;16;62;805;f;0;;;777-017.186/2014;1167;;2014-11-10 17:18:16.42;2016-10-06 21:34:24.545878;;;;
4145;"2,014E+13";TJDFT;38;;10;8;805;f;0;;;777-017.187/2014;1167;;2014-11-10 17:20:12.597;2016-10-06 21:34:24.553858;;;;
4146;2012.01.1.058427-0;TJDFT;1;;2;62;1006;f;0;;;777-017.188/2014;1167;;2014-11-10 17:21:14.37;2016-10-06 21:34:24.562599;;;;
4148;2012.01.1.080005-8;TJDFT;37;;3;62;1006;f;0;;;777-017.190/2014;1167;;2014-11-10 17:23:00.17;2016-10-06 21:34:24.579866;;;;
4149;2014.00.2.014075-7;TJDFT;37;;13;62;1248;f;0;;;777-017.191/2014;1167;;2014-11-10 17:24:05.503;2016-10-06 21:34:24.589046;;;;
4150;2013.00.2.030988-2;TJDFT;37;;12;62;805;f;0;;;777-017.252/2014;1167;;2014-11-11 17:47:26.343;2016-10-06 21:34:24.598709;;;;
4151;21747/92;TJDFT;37;;3;8;805;f;0;;;777-017.254/2014;1167;;2014-11-11 17:49:22.753;2016-10-06 21:34:24.60826;;;;
4152;2013.01.1.175738-3;TJDFT;35;;4;62;805;f;0;;;777-017.255/2014;1167;;2014-11-11 17:50:14.187;2016-10-06 21:34:24.617507;;;;
4153;2012.01.1.194699-9;TJDFT;37;;15;62;805;f;0;;;777-017.256/2014;1167;;2014-11-11 17:51:19.13;2016-10-06 21:34:24.628453;;;;
5865;0703335-67.2017.8.07.0018;TJDFT;1;1000.0;7;;;t;1;;;;514;;2017-05-15 15:25:54.464608;2017-05-15 15:25:54.464608;f;;;
6081;0711803-20.2017.8.07.0018;VARA DA FAZENDA PUBLICA;14;250000.0;4;;;t;1;;;;1436;;2017-12-19 19:20:03.056002;2017-12-19 19:20:03.056002;t;;;
6082;0713406-31.2017.8.07.0018;VARA DA FAZENDA PUBLICA;1;100000.0;6;;;t;1;;;;1436;;2017-12-19 19:26:40.845776;2017-12-19 19:26:40.845776;t;;;
6084;0713894-83.2017.8.07.0018;VARA DA FAZENDA PUBLICA;11;10750.38;7;;;t;1;;;;1436;;2017-12-21 13:26:11.317724;2017-12-21 13:26:11.317724;t;;;
6085;0713961-48.2017.8.07.0018;VARA DA FAZENDA PUBLICA;14;70000.0;5;;;t;1;;;;1436;;2017-12-21 18:38:39.496057;2017-12-21 18:38:39.496057;f;;;
6086;0713747-57.2017.8.07.0018;TJDFT;10;13500.0;4;;;t;1;;;;514;;2018-01-10 17:09:03.485941;2018-01-10 17:09:03.485941;;;;
6088;0713594-24.2017.8.07.0018;TJDFT;1;30000.0;9;;;t;1;;;;514;;2018-01-15 12:16:04.938301;2018-01-15 12:16:04.938301;;;;
6089;0714110-44.2017.8.07.0018;TJDFT;36;500.0;9;;;t;1;;;;514;;2018-01-15 12:24:15.779479;2018-01-15 12:24:15.779479;;;;
4154;2011.01.1.190074-7;TJDFT;37;20000.0;6;62;805;f;0;;;777-017.257/2014;1167;;2014-11-11 17:52:21.75;2018-06-20 15:32:53.860785;;;;
6083;0014958-36.2011.8.07.0001;VARA DA FAZENDA PUBLICA;6;34000.0;5;;;t;0;;;;1436;;2017-12-21 13:03:27.358462;2019-03-22 14:12:34.441538;t;;;
6080;0737240-17.2017.8.07.0001;VARA DA FAZENDA PUBLICA;1;1000.0;6;;;t;1;;;;1436;;2017-12-19 13:40:56.458583;2018-09-28 14:40:59.036699;t;;;
6079;0002130-86.2013.8.07.0017;VARA DA FAZENDA PUBLICA;21;100000.0;6;;;t;0;;;;1436;;2017-12-19 13:34:58.463212;2019-01-22 12:50:06.013968;;;;
4155;2000.01.1.028944-7;TJDFT;37;;3;14;805;f;0;;;777-017.259/2014;1167;3;2014-11-11 17:53:35.477;2016-10-06 21:34:24.645672;;;;
4156;2000.01.1.028944-7;TJDFT;37;;3;14;805;f;0;;;777-017.260/2014;1167;3;2014-11-11 17:53:35.803;2016-10-06 21:34:24.656289;;;;
4157;2013.01.1.058207-0;TJDFT;37;;7;14;805;f;0;;;777-017.263/2014;1167;3;2014-11-11 17:55:20.277;2016-10-06 21:34:24.66562;;;;
4158;2014.01.1.066497-2;TJDFT;37;;2;62;1248;f;0;;;777-017.264/2014;1167;;2014-11-11 17:56:58.793;2016-10-06 21:34:24.673741;;;;
4159;2000.01.1.054895-2;TJDFT;37;;7;62;1248;f;0;;;777-017.265/2014;1167;;2014-11-11 17:58:02.533;2016-10-06 21:34:24.681919;;;;
4162;2011.01.1.093116-9;TJDFT;37;;3;62;1006;f;0;;;777-017.268/2014;1167;;2014-11-11 18:00:44.23;2016-10-06 21:34:24.709542;;;;
4164;2011.01.1.215685-2;TJDFT;37;;3;14;1006;f;0;;;777-017.271/2014;1167;3;2014-11-11 18:02:42.073;2016-10-06 21:34:24.727723;;;;
4165;1999.01.1.037548-4;TJDFT;37;;15;62;1252;f;0;;;777-017.272/2014;1167;;2014-11-11 18:03:47.307;2016-10-06 21:34:24.737237;;;;
4166;2013.01.1.104518-2;TJDFT;37;;14;62;1252;f;0;;;777-017.273/2014;1167;;2014-11-11 18:04:38.573;2016-10-06 21:34:24.746318;;;;
4169;2014.01.1.050811-8;TJDFT;37;;6;62;805;f;0;;;777-017.345/2014;1167;;2014-11-12 18:01:59.743;2016-10-06 21:34:24.775066;;;;
4170;2008.01.1.139441-6;TJDFT;37;;16;62;805;f;0;;;777-017.346/2014;1167;;2014-11-12 18:03:10.007;2016-10-06 21:34:24.785035;;;;
4172;2012.01.1.198524-3;TJDFT;37;;7;14;805;f;0;;;777-017.348/2014;1167;3;2014-11-12 18:05:42.963;2016-10-06 21:34:24.803244;;;;
4175;2013.01.1.022622-3;TJDFT;37;;14;62;1006;f;0;;;777-017.431/2014;1167;;2014-11-13 20:59:55.983;2016-10-06 21:34:24.830863;;;;
4176;2011.01.1.214338-6;TJDFT;37;;16;62;1006;f;0;;;777-017.432/2014;1167;;2014-11-13 21:01:01.66;2016-10-06 21:34:24.840338;;;;
4177;2012.01.1.187890-0;TJDFT;1;;5;62;1252;f;0;;;777-017.433/2014;1167;;2014-11-13 21:02:00.753;2016-10-06 21:34:24.84968;;;;
4178;2013.01.1.045329-8;TJDFT;1;;1;62;1248;f;0;;;777-017.434/2014;1167;;2014-11-13 21:02:59.613;2016-10-06 21:34:24.859493;;;;
4179;2014/0218605-3;TJDFT;37;;16;62;1248;f;0;;;777-017.435/2014;1167;;2014-11-13 21:04:07.647;2016-10-06 21:34:24.868663;;;;
4180;2013.01.1.057333-8;TJDFT;1;;2;62;805;f;0;;;777-017.436/2014;1167;;2014-11-13 21:05:54.46;2016-10-06 21:34:24.879687;;;;
4181;2012.01.1.196394-3;TJDFT;37;;13;62;805;f;0;;;777-017.437/2014;1167;;2014-11-13 21:07:24.273;2016-10-06 21:34:24.888812;;;;
4183;8263/93;TJDFT;37;;1;62;1252;t;0;;;777-017.544/2014;1167;;2014-11-14 20:40:25.457;2016-10-06 21:34:24.909235;;;;
4184;2012.01.1.198519-6;TJDFT;37;;4;62;1248;f;0;;;777-017.545/2014;1167;;2014-11-14 20:41:24.64;2016-10-06 21:34:24.918541;;;;
4185;1999.01.1.037548-4;TJDFT;37;;15;62;1006;f;0;;;777-017.546/2014;1167;;2014-11-14 20:43:14.887;2016-10-06 21:34:24.928299;;;;
4186;2013.01.1.107111-7;TJDFT;37;;12;62;1006;f;0;;;777-017.547/2014;1167;;2014-11-14 20:44:42.607;2016-10-06 21:34:24.938513;;;;
4187;2012.01.1.191937-7;TJDFT;1;;3;62;805;f;0;;;777-017.548/2014;1167;;2014-11-14 20:45:35.927;2016-10-06 21:34:24.948414;;;;
4188;2011.01.1.232623-7;TJDFT;37;;13;62;805;f;0;;;777-017.549/2014;1167;;2014-11-14 20:46:36.907;2016-10-06 21:34:24.958185;;;;
4161;2012.01.1.138179-3;TJDFT;1;50000.0;1;62;1006;f;0;;;777-017.267/2014;1167;;2014-11-11 17:59:51.533;2018-06-20 15:38:06.548848;;;;
4163;2013.01.1.025379-8;TJDFT;37;80000.0;14;62;1006;f;0;;;777-017.270/2014;1167;;2014-11-11 18:01:51.683;2018-06-20 15:39:20.296164;;;;
4168;2009.01.1.173260-9;TJDFT;37;5000.0;1;62;805;f;0;;;777-017.344/2014;1167;;2014-11-12 18:01:04.16;2018-06-20 15:40:40.006632;;;;
4171;2012.01.1.145830-9;TJDFT;1;150000.0;1;62;805;f;0;;;777-017.347/2014;1167;;2014-11-12 18:04:09.02;2018-06-20 15:45:01.618361;;;;
4174;2014.01.1.137702-4;TJDFT;37;1000.0;7;14;1006;f;0;;;777-017.350/2014;1167;3;2014-11-12 18:08:13.177;2018-06-20 15:46:53.987343;;;;
4160;0040824-87.2017.8.07.0018;TJDFT;37;100000.0;6;14;1248;t;0;;;777-017.266/2014;1167;3;2014-11-11 17:59:05.183;2018-11-27 13:06:54.244838;;;;
4189;8928/2014-GAB/PROMAI;TJDFT;37;;1;3;805;f;0;;;777-017.550/2014;1167;1;2014-11-14 20:49:44.297;2016-10-06 21:34:24.968819;;;;
4190;2012.01.1.125571-2;TJDFT;37;;1;62;1006;f;0;;;777-017.573/2014;1167;;2014-11-17 16:51:23.683;2016-10-06 21:34:24.979241;;;;
4192;2013.01.1.081802-0;TJDFT;1;;6;62;805;f;0;;;777-017.577/2014;1167;;2014-11-17 16:58:21.72;2016-10-06 21:34:24.998223;;;;
4193;2012.01.1.197098-5;TJDFT;1;;1;62;805;f;0;;;777-017.578/2014;1167;;2014-11-17 16:59:41.203;2016-10-06 21:34:25.00936;;;;
4194;2014.01.1.164908-0;TJDFT;37;;8;14;1248;f;0;;;777-017.700/2014;1167;3;2014-11-18 16:37:50.617;2016-10-06 21:34:25.019363;;;;
4196;0001532-84.2014.5.10.0011;Tribunal Regional do Trabalho ;37;;16;14;805;f;0;;;777-017.702/2014;1167;3;2014-11-18 16:40:20.19;2016-10-06 21:34:25.039886;;;;
4200;2014.01.1.171150-5;TJDFT;37;;7;14;1248;f;0;;;777-017.798/2014;1167;3;2014-11-19 17:01:27.297;2016-10-06 21:34:25.082859;;;;
4201;2010.09.1.012953-3;TJDFT;37;;16;14;514;f;0;;;777-017.799/2014;1167;3;2014-11-19 17:03:06.68;2016-10-06 21:34:25.091633;;;;
4202;2013.01.1.162387-7;TJDFT;35;;16;62;805;f;0;;;777-017.832/2014;1167;;2014-11-19 21:05:08.81;2016-10-06 21:34:25.100816;;;;
4206;2010.01.1.175784-6;TJDFT;37;;3;62;1248;f;0;;;777-017.836/2014;1167;;2014-11-19 21:08:23.03;2016-10-06 21:34:25.138718;;;;
4208;2013.01.1.175738-3;TJDFT;35;;9;62;805;f;0;;;777-018.003/2014;1070;;21/11/2014 12:55;2016-10-06 21:34:25.158714;;;;
4209;2000.01.1.065784-5;TJDFT;37;;3;62;805;f;0;;;777-018.004/2014;1070;;2014-11-21 12:56:07.713;2016-10-06 21:34:25.167305;;;;
4210;2012.01.1.194731-2;TJDFT;16;;4;62;1252;f;0;;;777-018.005/2014;1070;;2014-11-21 12:58:58.3;2016-10-06 21:34:25.175327;;;;
4211;2012.01.1.169267-3;TJDFT;14;;3;62;1252;f;0;;;777-018.006/2014;1070;;2014-11-21 13:01:00.183;2016-10-06 21:34:25.184946;;;;
4213;2010.01.1.039737-4;TJDFT;37;;16;62;1248;f;0;;;777-018.009/2014;1070;;2014-11-21 13:05:48.117;2016-10-06 21:34:25.204465;;;;
4214;2014.00.2.009902-2;TJDFT;37;;13;62;1248;f;0;;;777-018.010/2014;1070;;2014-11-21 13:07:56.503;2016-10-06 21:34:25.21446;;;;
4216;2013.01.1.025253-7;TJDFT;37;;12;62;1248;f;0;;;777-018.035/2014;1167;;2014-11-21 17:20:34.937;2016-10-06 21:34:25.233428;;;;
4217;RO-0000160-82 2014 5 10 0017;Tribunal Regional do Trabalho ;37;;16;62;805;f;0;;;777-018.038/2014;1167;;2014-11-21 17:23:30.267;2016-10-06 21:34:25.242257;;;;
4218;2010.01.1.164033-7;TJDFT;37;;4;62;805;f;0;;;777-018.039/2014;1167;;2014-11-21 17:24:36.397;2016-10-06 21:34:25.252044;;;;
4219;1999.01.1.007395-3;TJDFT;37;;10;62;805;f;0;;;777-018.040/2014;1167;;2014-11-21 17:28:27.543;2016-10-06 21:34:25.262063;;;;
4220;2012.01.1.195991-8;TJDFT;37;;14;62;805;f;0;;;777-018.041/2014;1167;;2014-11-21 17:29:38.007;2016-10-06 21:34:25.272194;;;;
4221;2013.01.1.122263-6;TJDFT;37;;12;62;805;f;0;;;777-018.042/2014;1167;;2014-11-21 17:30:36.213;2016-10-06 21:34:25.282463;;;;
5671;0036748-49.2016.8.07.0018;TJDFT;1;100000.0;59;;;t;0;;;;514;;2016-10-27 11:23:22.264261;2017-05-17 13:46:26.081964;f;;;
6090;0009126-58.2017.8.07.0018;TJDFT;44;145000.0;7;;;t;0;;;;514;;2018-01-15 13:49:31.437223;2018-12-12 19:13:02.221882;;;;
4204;2012.01.1.192961-8;TJDFT;1;100000.0;7;62;1252;t;0;;;777-017.834/2014;1167;;2014-11-19 21:06:47.293;2018-09-28 13:25:59.289689;;;;
6087;0713762-26.2017.8.07.0018;TJDFT;15;200000.0;1;;;t;1;;;;514;;2018-01-10 17:12:36.115933;2018-01-10 17:12:36.115933;;;;
4195;2014.01.1.140121-8;TJDFT;37;100.0;16;14;1006;f;0;;;777-017.701/2014;1167;3;2014-11-18 16:38:53.89;2018-06-20 15:52:29.226283;;;;
4197;2011.01.1.099051-6;TJDFT;37;1000.0;6;62;805;f;0;;;777-017.707/2014;1167;;2014-11-18 16:59:54.113;2018-06-20 15:54:02.13105;;;;
4198;2014.01.1.084316-2;TJDFT;27;1000.0;4;62;1006;t;0;;;777-017.709/2014;1167;;2014-11-18 17:01:02.143;2018-06-20 15:57:04.371157;;;;
4199;2013.01.1.001678-8;TJDFT;37;100000.0;15;62;1006;f;0;;;777-017.710/2014;1167;;2014-11-18 17:02:12.407;2018-06-20 15:59:07.38536;;;;
4212;2014.01.1.176924-2;TJDFT;9;724.0;2;14;1252;f;0;;;777-018.007/2014;1070;3;2014-11-21 13:02:27.95;2018-08-23 20:00:55.727457;;;;
5908;2016.01.1.091080-5;TJDFT;38;54000.0;14;;;t;1;;;;514;;2017-06-29 12:00:03.880373;2018-08-27 19:20:06.843512;f;;;
4205;0702802-11.2017.8.07.0018;TJDFT;30;;4;62;1248;f;0;;;777-017.835/2014;1167;;2014-11-19 21:07:33.907;2018-10-02 14:03:04.469471;f;;;
4223;2012.01.1.198521-9;TJDFT;16;;2;62;1252;f;0;;;777-018.044/2014;1167;;2014-11-21 17:33:58.843;2016-10-06 21:34:25.301711;;;;
4227;2011.01.1.107350-3;TJDFT;14;;1;62;1248;f;0;;;777-018.131/2014;1167;;2014-11-24 18:48:47.237;2016-10-06 21:34:25.33767;;;;
4228;2014.01.1.180880-3;TJDFT;37;;2;14;1248;f;0;;;777-018.132/2014;1167;3;2014-11-24 18:49:51.29;2016-10-06 21:34:25.347689;;;;
4229;2012.01.1.189595-2;TJDFT;37;;3;62;805;f;0;;;777-018.210/2014;1167;;2014-11-25 18:11:40.343;2016-10-06 21:34:25.358766;;;;
4230;2013.01.1.047856-0;TJDFT;1;;5;62;805;f;0;;;777-018.211/2014;1167;;2014-11-25 18:12:42.337;2016-10-06 21:34:25.368663;;;;
4231;11133/89;TJDFT;37;;4;14;805;f;0;;;777-018.213/2014;1167;3;2014-11-25 18:17:06.883;2016-10-06 21:34:25.378223;;;;
4232;2014.01.1.070576-8;TJDFT;37;;5;62;1252;f;0;;;777-018.214/2014;1167;;2014-11-25 18:18:29.877;2016-10-06 21:34:25.389311;;;;
4233;2014.01.1.029657-4;TJDFT;37;;2;62;1252;f;0;;;777-018.215/2014;1167;;2014-11-25 18:19:44.413;2016-10-06 21:34:25.398218;;;;
4234;2012.01.1.145827-8;TJDFT;9;;6;62;1252;f;0;;;777-018.217/2014;1167;;2014-11-25 18:20:31.307;2016-10-06 21:34:25.408043;;;;
4236;2013.01.1.107111-7;TJDFT;37;;12;62;1248;f;0;;;777-018.220/2014;1167;;2014-11-25 18:22:53.5;2016-10-06 21:34:25.427626;;;;
4237;2014.01.1.154825-6;TJDFT;37;;4;14;1248;f;0;;;777-018.221/2014;1167;3;2014-11-25 18:23:53.107;2016-10-06 21:34:25.438367;;;;
4239;2013.01.1.162391-6;TJDFT;35;;16;62;805;f;0;;;777-018.379/2014;1167;;2014-11-26 18:36:44.4;2016-10-06 21:34:25.459737;;;;
4242;2014.01.1.178443-0;TJDFT;37;;6;14;805;f;0;;;777-018.382/2014;1167;3;2014-11-26 18:39:49.137;2016-10-06 21:34:25.488094;;;;
4243;2014.01.1.135508-2;TJDFT;37;;3;62;1252;f;0;;;777-018.383/2014;1167;;2014-11-26 18:40:49.617;2016-10-06 21:34:25.497539;;;;
4244;2012.01.1.141180-9;TJDFT;1;;3;62;1252;f;0;;;777-018.384/2014;1167;;2014-11-26 18:41:56.967;2016-10-06 21:34:25.506769;;;;
4247;2013.01.1.096503-3;TJDFT;1;;8;62;1248;f;0;;;777-018.387/2014;1167;;2014-11-26 18:44:45.713;2016-10-06 21:34:25.536424;;;;
4248;2013.01.1.096503-3;TJDFT;1;;8;62;1248;f;0;;;777-018.388/2014;1167;;2014-11-26 18:44:46.523;2016-10-06 21:34:25.546054;;;;
4249;2013.01.1.096503-3;TJDFT;1;;8;62;1248;f;0;;;777-018.389/2014;1167;;2014-11-26 18:44:50.22;2016-10-06 21:34:25.554219;;;;
4250;2013.01.1.096503-3;TJDFT;1;;8;62;1248;f;0;;;777-018.390/2014;1167;;2014-11-26 18:44:51.28;2016-10-06 21:34:25.563853;;;;
4251;2014.01.1.066497-2;TJDFT;37;;2;14;1248;f;0;;;777-018.391/2014;1167;3;2014-11-26 18:45:41.12;2016-10-06 21:34:25.573333;;;;
4254;2014.01.1.093386-8;TJDFT;37;;3;62;805;f;0;;;777-018.543/2014;1167;;2014-11-27 19:56:35.463;2016-10-06 21:34:25.600947;;;;
5953;0708677-59.2017.8.07.0018;TJDFT;1;100000.0;7;;;t;1;;;;514;;2017-08-21 13:10:42.117869;2017-08-21 13:10:42.117869;f;;;
4240;2012.03.1.026101-8;TJDFT;30;100000.0;16;62;805;f;0;;;777-018.380/2014;1167;;2014-11-26 18:37:37.863;2018-08-23 20:07:10.786392;;;;
6091;0700029-56.2018.8.07.0018;TJDFT;3;180400.0;5;;;t;1;;;;514;;2018-01-16 12:07:04.178999;2018-01-16 12:07:04.178999;;;;
6176;0713848-94.2017.8.07.0018;TJDFT;10;5000.0;2;;;t;1;;;;514;;2018-04-16 14:13:13.312818;2018-04-16 14:13:13.312818;;;;
6178;0701537-37.2018.8.07.0018;TJDFT;1;600000.0;5;;;t;1;;;;514;;2018-04-16 17:59:30.990467;2018-04-16 17:59:30.990467;;;;
6187;0702310-82.2018.8.07.0018;TJDFT;6;729.89;9;;;t;1;;;;514;;2018-04-17 13:12:48.057042;2018-04-17 13:12:48.057042;;;;
6188;0707598-62.2018.8.07.0001;TJDFT;8;310010.35;17;;;t;1;;;;514;;2018-04-18 12:46:35.39982;2018-04-18 12:46:35.39982;;;;
6189;0703429-78.2018.8.07.0018;TJDFT;35;1000000.0;59;;;t;1;;;;514;;2018-04-19 18:44:03.637818;2018-04-19 18:44:03.637818;;;;
6190;2016.01.1.081144-8;TJDFT;1;100000.0;8;;;t;1;;;;514;;2018-04-24 12:40:16.431078;2018-04-24 12:40:16.431078;;;;
6251;0716101-72.2018.8.07.0001;TJDFT;8;7294.41;32;;;t;1;;;;514;;2018-07-11 13:53:51.048509;2018-07-11 13:53:51.048509;;;;
4222;2014.01.1.084321-8;TJDFT;37;1000.0;6;14;805;t;0;;;777-018.043/2014;1167;3;2014-11-21 17:31:49.783;2018-08-23 20:02:19.071841;;;;
6193;2016.13.1.002847-9;TJDFT;6;2865.27;51;;;f;0;;;;514;;2018-04-24 19:31:33.083967;2018-08-27 18:48:21.461976;;;;
6192;2017.03.1.006886-6;TJDFT;9;117089.0;17;;;t;0;;;;514;;2018-04-24 19:15:56.281857;2018-08-27 18:56:51.358727;;;;
6282;0708108-24.2018.8.07.0018;TJDFT;1;120000.0;1;;;t;1;;;;514;;2018-09-06 13:56:52.020089;2018-09-06 13:56:52.020089;;;;
6177;0060927-11.2010.8.07.0001;TJDFT;30;65000.0;1;;;t;0;;;;514;;2018-04-16 14:48:31.402957;2018-09-05 13:35:03.200892;;;;
6191;0701884-10.2017.8.07.0017;TJDFT;27;1000.0;1;;;t;1;;;;514;;2018-04-24 19:06:55.7008;2018-09-28 20:03:19.718485;;;;
6336;0710783-57.2018.8.07.0018;TJDFT;1;71143.0;8;;;t;1;;;;514;;2018-11-29 19:12:14.327221;2018-11-29 19:12:14.327221;;;;
4235;2012.01.1.190605-4;TJDFT;37;;5;14;1252;t;0;;;777-018.218/2014;1167;3;2014-11-25 18:21:43.127;2019-03-26 13:05:49.337599;;;;
9;0000530-54.2015.5.10.0008;TRT10;32;30000.0;23;;;f;0;;;392-005.175/2015;1375;;2015-04-22 11:30:35.377;2019-03-27 14:20:17.702118;;;;
4255;2013.01.1.148436-4;TJDFT;1;;2;62;1248;f;0;;;777-018.544/2014;1167;;2014-11-27 19:58:17.16;2016-10-06 21:34:25.610475;;;;
4256;2011.01.1.180365-0;TJDFT;37;;16;62;1252;f;0;;;777-018.545/2014;1167;;2014-11-27 19:59:16.003;2016-10-06 21:34:25.619213;;;;
4258;2013.01.1.051283-6;TJDFT;37;;16;62;805;f;0;;;777-018.645/2014;1167;;2014-11-28 16:28:35.76;2016-10-06 21:34:25.636791;;;;
4259;2014.01.1.012373-7;TJDFT;37;;12;62;1252;f;0;;;777-018.650/2014;1167;;2014-11-28 16:41:22.483;2016-10-06 21:34:25.646139;;;;
4260;2014.01.1.154867-4;TJDFT;37;;3;62;1252;f;0;;;777-018.652/2014;1167;;2014-11-28 16:42:41.953;2016-10-06 21:34:25.655101;;;;
4261;RT-0099500-24 2008 5 10 0012;Tribunal Regional do Trabalho ;37;;16;62;1006;f;0;;;777-018.654/2014;1167;;2014-11-28 16:44:57.907;2016-10-06 21:34:25.664704;;;;
4262;2012.01.1.195987-9;TJDFT;1;;3;62;1006;f;0;;;777-018.655/2014;1167;;2014-11-28 16:45:50.153;2016-10-06 21:34:25.67381;;;;
4264;2011.01.1.038965-8;TJDFT;1;;3;62;1006;f;0;;;777-018.771/2014;1167;;2014-12-01 19:46:49.973;2016-10-06 21:34:25.692826;;;;
4267;2014.01.1.096171-0;TJDFT;37;;3;62;1252;f;0;;;777-018.774/2014;1167;;2014-12-01 19:50:16.473;2016-10-06 21:34:25.717574;;;;
4268;2010.01.1.175784-6;TJDFT;37;;3;62;1248;f;0;;;777-018.775/2014;1167;;2014-12-01 19:51:23.29;2016-10-06 21:34:25.72773;;;;
4269;2013.01.1.096494-7;TJDFT;37;;15;62;1248;f;0;;;777-018.776/2014;1167;;2014-12-01 19:52:23.227;2016-10-06 21:34:25.736558;;;;
4270;2013.01.1.025253-7;TJDFT;37;;12;62;1248;f;0;;;777-018.777/2014;1167;;2014-12-01 19:53:17.623;2016-10-06 21:34:25.745729;;;;
4271;2013.01.1.121655-8;TJDFT;37;;4;62;805;f;0;;;777-018.778/2014;1167;;2014-12-01 19:54:09.807;2016-10-06 21:34:25.755515;;;;
4272;2014.01.1.035722-6;TJDFT;37;;3;62;805;f;0;;;777-018.779/2014;1167;;2014-12-01 19:54:53.75;2016-10-06 21:34:25.765677;;;;
4273;2012.01.1.195991-8;TJDFT;37;;14;62;805;f;0;;;777-018.780/2014;1167;;2014-12-01 19:55:42.797;2016-10-06 21:34:25.77536;;;;
4274;2013.01.1.122263-6;TJDFT;37;;12;62;805;f;0;;;777-018.781/2014;1167;;2014-12-01 19:56:29.943;2016-10-06 21:34:25.785694;;;;
4279;2012.01.1.176819-6;TJDFT;37;;16;62;1248;f;0;;;777-018.811/2014;1167;;2014-12-02 18:42:24.85;2016-10-06 21:34:25.83563;;;;
4281;2011.01.1.233579-9;TJDFT;14;;2;62;1006;f;0;;;777-018.813/2014;1167;;2014-12-02 18:44:27.903;2016-10-06 21:34:25.853636;;;;
4282;2014.01.1.113337-4;TJDFT;37;;8;14;1006;f;0;;;777-018.814/2014;1167;3;2014-12-02 18:45:20.023;2016-10-06 21:34:25.862843;;;;
4283;2014.01.1.182930-0;TJDFT;37;;4;62;805;f;0;;;777-018.836/2014;1167;;2014-12-03 20:24:31.63;2016-10-06 21:34:25.873188;;;;
4284;2013.01.1.148426-8;TJDFT;1;;1;62;805;f;0;;;777-018.837/2014;1167;;2014-12-03 20:25:22.41;2016-10-06 21:34:25.881842;;;;
4285;2012.01.1.194699-9;TJDFT;16;;7;62;1252;f;0;;;777-018.838/2014;1167;;2014-12-03 20:26:28.243;2016-10-06 21:34:25.890487;;;;
4286;2013.01.1.188372-7;TJDFT;37;;12;62;1252;f;0;;;777-018.839/2014;1167;;2014-12-03 20:27:43.17;2016-10-06 21:34:25.899181;;;;
5954;0707165-41.2017.8.07.0018;TJDFT;10;56000.0;6;;;t;1;;;;514;;2017-08-21 13:13:44.781819;2017-08-21 13:13:44.781819;f;;;
4266;2012.01.1.120952-6;TJDFT;37;120559.12;16;62;1006;f;0;;;777-018.773/2014;1167;;2014-12-01 19:49:14.213;2018-08-23 20:11:37.923217;;;;
4276;2013.01.1.096494-7;TJDFT;37;100230.83;16;62;805;f;0;;;777-018.808/2014;1167;;2014-12-02 18:39:17.65;2018-08-23 20:12:53.170815;;;;
4287;2013.01.1.188388-9;TJDFT;1;100000.0;6;62;1248;f;0;;;777-018.840/2014;1167;;2014-12-03 20:30:44.41;2018-08-24 16:50:31.64202;;;;
5955;2017.03.1.003333-5;TJDFT;30;200000.0;17;;;t;0;;;;514;;2017-08-21 13:19:16.286159;2018-08-27 18:52:39.645197;f;;;
5956;2016.13.1.001453-9;TJDFT;37;33600.0;51;;;f;0;;;;514;;2017-08-21 13:21:36.163769;2018-08-27 18:53:54.964002;f;;;
4263;2000.01.1.046495-2;TJDFT;37;12379.95;6;62;1006;t;0;;;777-018.770/2014;1167;;2014-12-01 19:45:59.523;2018-09-28 13:28:50.36324;;;;
4275;2012.01.1.198524-3;TJDFT;16;1886.64;7;62;805;t;0;;;777-018.782/2014;1167;;2014-12-01 19:57:20.113;2018-09-28 13:35:24.09789;;;;
4278;2014.01.1.080442-6;TJDFT;37;100000.0;5;62;1248;t;0;;;777-018.810/2014;1167;;2014-12-02 18:41:27.083;2018-09-28 13:36:44.864254;;;;
4265;0009281-03.2013.8.07.0018;TJDFT;16;84708.14;1;62;1006;t;0;;;777-018.772/2014;1167;;2014-12-01 19:48:17.49;2018-10-02 14:13:49.330454;;;;
4288;2014.01.1.052804-8;TJDFT;37;;7;62;1006;f;0;;;777-018.841/2014;1167;;2014-12-03 20:32:05.39;2016-10-06 21:34:25.919409;;;;
4291;2014.01.1.062536-9;TJDFT;37;;3;62;805;f;0;;;777-018.898/2014;1167;;2014-12-05 20:49:18.057;2016-10-06 21:34:25.948144;;;;
4293;2013.01.1.182142-7;TJDFT;1;;1;62;805;f;0;;;777-018.900/2014;1167;;2014-12-05 20:51:48.223;2016-10-06 21:34:25.966882;;;;
4294;2014.05.1.003941-6;TJDFT;37;;2;14;514;f;0;;;777-018.901/2014;1167;3;2014-12-05 20:53:24.897;2016-10-06 21:34:25.976362;;;;
4297;2014.01.1.132792-8;TJDFT;37;;3;62;1248;f;0;;;777-018.904/2014;1167;;2014-12-05 20:56:48.85;2016-10-06 21:34:26.004394;;;;
4298;2013.01.1.039223-4;TJDFT;37;;12;62;1248;f;0;;;777-018.905/2014;1167;;2014-12-05 20:57:53.187;2016-10-06 21:34:26.013079;;;;
4299;2014.01.1.012373-7;TJDFT;37;;12;62;1252;f;0;;;777-018.906/2014;1167;;2014-12-05 20:59:14.3;2016-10-06 21:34:26.022832;;;;
4300;2007.01.1.052082-8;TJDFT;37;;16;62;1252;f;0;;;777-018.907/2014;1167;;2014-12-05 21:00:15.623;2016-10-06 21:34:26.033266;;;;
4303;13518/91;TJDFT;37;;4;62;1006;f;0;;;777-018.910/2014;1167;;2014-12-05 21:03:40.717;2016-10-06 21:34:26.064661;;;;
4304;2000.01.1.030928-7;TJDFT;6;;2;62;1006;f;0;;;777-018.911/2014;1167;;2014-12-05 21:04:41.897;2016-10-06 21:34:26.074367;;;;
4305;2014.01.1.111810-3;TJDFT;37;;2;62;1006;f;0;;;777-018.912/2014;1167;;2014-12-05 21:05:36.467;2016-10-06 21:34:26.086371;;;;
4307;599 254;SUPERIOR TRIBUNAL DE JUSTI脟A;37;;16;62;1006;f;0;;;777-018.914/2014;1167;;2014-12-05 21:08:40.097;2016-10-06 21:34:26.106265;;;;
4311;2014.01.1.035722-6;TJDFT;37;;3;62;805;f;0;;;777-019.011/2014;1167;;2014-12-09 21:17:09.197;2016-10-06 21:34:26.144056;;;;
4313;2012.01.1.149889-2;TJDFT;1;;3;62;1006;f;0;;;777-019.013/2014;1167;;2014-12-09 21:19:43.827;2016-10-06 21:34:26.164149;;;;
4314;2014.01.1.073483-0;TJDFT;37;;4;62;1006;f;0;;;777-019.014/2014;1167;;2014-12-09 21:20:46.803;2016-10-06 21:34:26.173481;;;;
4315;2012.01.1.199207-6;TJDFT;1;;5;62;1252;f;0;;;777-019.015/2014;1167;;2014-12-09 21:22:22.68;2016-10-06 21:34:26.183288;;;;
4316;2014.01.1.019925-3;TJDFT;37;;3;62;1252;f;0;;;777-019.016/2014;1167;;2014-12-09 21:23:58.107;2016-10-06 21:34:26.19371;;;;
4317;2013.01.1.154075-9;TJDFT;37;;16;62;1252;f;0;;;777-019.017/2014;1167;;2014-12-09 21:25:21.74;2016-10-06 21:34:26.202166;;;;
4318;2000.01.1.054895-2;TJDFT;37;;7;62;1248;f;0;;;777-019.018/2014;1167;;2014-12-09 21:27:04.513;2016-10-06 21:34:26.211114;;;;
4319;2011.01.1.107350-3;TJDFT;37;;1;62;1248;f;0;;;777-019.019/2014;1167;;2014-12-09 21:28:10.813;2016-10-06 21:34:26.221572;;;;
4320;0;CODHAB;37;;1;4;1375;t;0;;;392-069.866/2014;521;2;2015-05-08 10:38:18.137;2016-10-06 21:34:26.231961;;;;
4312;0705539-50.2018.8.07.0018;TJDFT;37;;4;62;1006;f;0;;;777-019.012/2014;1167;;2014-12-09 21:18:36.167;2018-10-02 14:18:44.156609;;;;
4289;2003.01.1.048186-9;TJDFT;9;11000.0;1;62;1006;f;0;;;777-018.842/2014;1167;;2014-12-03 20:33:36.48;2018-08-24 16:52:54.596582;;;;
4292;2013.01.1.062260-2;TJDFT;10;1000.0;3;62;805;f;0;;;777-018.899/2014;1167;;2014-12-05 20:50:20.83;2018-08-24 16:53:19.472453;;;;
4295;2010.01.1.087065-4;TJDFT;10;30000.0;8;62;1248;t;0;;;777-018.902/2014;1167;;2014-12-05 20:54:48.277;2018-08-24 16:54:44.548609;;;;
4306;2014.01.1.180883-6;TJDFT;37;100000.0;7;14;1006;f;0;;;777-018.913/2014;1167;3;2014-12-05 21:07:08.087;2018-08-24 16:55:28.362412;;;;
4310;2013.01.1.036710-8;TJDFT;1;70000.0;4;62;805;f;0;;;777-019.010/2014;1167;;2014-12-09 21:16:06.877;2018-08-24 16:55:57.40642;;;;
4457;3483/2014;PCDF;37;;16;3;514;f;0;;;777-000.560/2015;514;1;2015-01-15 10:37:24.987;2018-09-28 13:20:27.793506;;;;
4308;0700894-79.2018.8.07.0018;TJDFT;9;0.0;3;14;805;t;0;;;777-018.985/2014;1167;3;2014-12-09 15:51:18.927;2018-10-02 14:18:16.371604;;;;
4321;0;CODHAB;37;;1;4;521;f;0;;;392-069.866/2014;1375;2;2015-04-24 19:56:39.72;2016-10-06 21:34:26.240652;;;;
4322;0;CODHAB;37;;1;4;1375;t;0;;;392-069.866/2014;1375;2;2015-05-11 12:35:32.573;2016-10-06 21:34:26.251039;;;;
4323;2013.01.1.162387-7;TJDFT;35;;16;62;805;f;0;;;777-019.223/2014;1167;;2014-12-10 20:57:52.77;2016-10-06 21:34:26.260406;;;;
4326;2011.01.1.230343-6;TJDFT;37;;12;62;1006;f;0;;;777-019.226/2014;1167;;2014-12-10 21:01:03.62;2016-10-06 21:34:26.289;;;;
4327;2011.01.1.230344-4;TJDFT;1;;3;62;1252;f;0;;;777-019.227/2014;1167;;2014-12-10 21:02:03.633;2016-10-06 21:34:26.297972;;;;
4328;2014.01.1.135508-2;TJDFT;37;;3;62;1252;f;0;;;777-019.228/2014;1167;;2014-12-10 21:02:55.957;2016-10-06 21:34:26.30883;;;;
4329;2001.01.1.024596-0;TJDFT;37;;4;62;1248;f;0;;;777-019.232/2014;1167;;2014-12-11 16:36:59.473;2016-10-06 21:34:26.320132;;;;
4330;2012.01.1.184953-2;TJDFT;37;;6;62;805;f;0;;;777-019.233/2014;1167;;2014-12-11 16:38:18.333;2016-10-06 21:34:26.33037;;;;
4331;2013.01.1.020704-8;TJDFT;37;;6;62;805;f;0;;;777-019.234/2014;1167;;2014-12-11 16:39:34.337;2016-10-06 21:34:26.339914;;;;
4332;2013.01.1.162349-0;TJDFT;1;;3;62;805;f;0;;;777-019.235/2014;1167;;2014-12-11 16:40:48.907;2016-10-06 21:34:26.350483;;;;
4333;2012.01.1.190643-0;TJDFT;16;;7;62;1006;f;0;;;777-019.236/2014;1167;;2014-12-11 16:42:12.24;2016-10-06 21:34:26.360628;;;;
4335;2012.01.1.190484-4;TJDFT;37;;16;62;1252;f;0;;;777-019.238/2014;1167;;2014-12-11 16:45:15.823;2016-10-06 21:34:26.380478;;;;
4336;2013.01.1.039223-4;TJDFT;37;;12;62;1248;f;0;;;777-019.278/2014;1167;;2014-12-15 16:22:49.663;2016-10-06 21:34:26.389537;;;;
4339;2014.01.1.180122-2;TJDFT;37;;4;14;1006;f;0;;;777-019.282/2014;1167;3;2014-12-15 16:26:43.603;2016-10-06 21:34:26.416189;;;;
4340;1999.01.1.053428-4;TJDFT;11;;6;62;1252;f;0;;;777-019.283/2014;1167;;2014-12-15 16:28:40.337;2016-10-06 21:34:26.425399;;;;
4341;2013.01.1.139490-3;TJDFT;1;;8;62;1252;f;0;;;777-019.284/2014;1167;;2014-12-15 16:29:45.28;2016-10-06 21:34:26.434574;;;;
4344;2014.01.1.149895-2;TJDFT;36;;3;62;805;f;0;;;777-019.287/2014;1167;;2014-12-15 16:35:57.593;2016-10-06 21:34:26.460243;;;;
4345;2013.01.1.162312-9;TJDFT;1;;1;62;805;f;0;;;777-019.288/2014;1167;;2014-12-15 16:36:52.707;2016-10-06 21:34:26.469522;;;;
4346;2014.01.1.170259-7;TJDFT;37;;1;14;805;f;0;;;777-019.289/2014;1167;3;2014-12-15 16:38:03.377;2016-10-06 21:34:26.479187;;;;
4349;2013.01.1.142111-7;TJDFT;1;;8;62;1006;f;0;;;777-019.304/2014;1167;;2014-12-15 18:43:18.597;2016-10-06 21:34:26.506066;;;;
4351;2012.01.1.189595-2;TJDFT;37;;3;62;805;f;0;;;777-019.306/2014;1167;;2014-12-15 18:45:19.027;2016-10-06 21:34:26.523344;;;;
4337;2014.01.1.180120-6;TJDFT;37;322053.0;1;14;1248;f;0;;;777-019.279/2014;1167;3;2014-12-15 16:24:08.427;2018-08-24 16:58:04.14198;;;;
6092;0700037-33.2018.8.07.0018;TJDFT;3;175600.0;6;;;t;1;;;;514;;2018-01-16 12:16:04.558654;2018-01-16 12:16:04.558654;;;;
6093;0713865-33.2017.8.07.0018;TJDFT;1;100000.0;4;;;t;;;;;514;;2018-01-16 16:33:08.420872;2018-01-16 16:36:26.670326;;;;
6095;0702893-43.2017.8.07.0005;TJDFT;9;20000.0;6;;;t;1;;;;514;;2018-01-16 16:41:06.730748;2018-01-16 16:41:06.730748;;;;
6195;0702539-42.2018.8.07.0018;TJDFT;10;167671.19;7;;;t;1;;;;514;;2018-04-26 14:36:02.322635;2018-04-26 14:36:02.322635;;;;
4353;2013.01.1.031913-3;TJDFT;1;80000.0;1;62;1252;f;0;;;777-019.309/2014;1167;;2014-12-15 18:47:49.49;2018-06-21 12:38:05.810837;;;;
6252;0705516-07.2018.8.07.0018;TJDFT;13;130000.0;9;;;t;1;;;;514;;2018-07-11 14:30:42.094878;2018-07-11 14:30:42.094878;;;;
6337;0710363-52.2018.8.07.0018;TJDFT;10;90000.0;8;;;t;1;;;;514;;2018-11-29 19:18:02.920442;2018-11-29 19:18:02.920442;;;;
4347;0706375-23.2018.8.07.0018;TJDFT;37;2200.0;1;14;805;t;0;;;777-019.290/2014;1167;3;2014-12-15 16:39:07.587;2018-10-02 14:20:58.886363;;;;
4342;2014.01.1.180110-0;TJDFT;37;80000.0;8;14;1252;f;0;;;777-019.285/2014;1167;3;2014-12-15 16:33:41.967;2018-08-24 16:59:27.413332;;;;
4348;2014.01.1.011854-9;TJDFT;37;30000.0;3;62;1006;f;0;;;777-019.303/2014;1167;;2014-12-15 18:42:10.547;2018-08-24 17:01:38.380762;;;;
4350;2013.01.1.149820-6;TJDFT;37;80000.0;4;62;1006;f;0;;;777-019.305/2014;1167;;2014-12-15 18:44:09.763;2018-08-24 17:02:07.896389;;;;
5957;2007.01.1.145281-8;TJDFT;12;2000.0;7;;;f;0;;;;514;;2017-08-21 13:24:33.089747;2018-08-27 18:54:48.012697;f;;;
6283;0708288-40.2018.8.07.0018;TJDFT;1;100000.0;2;;;t;;;;;514;;2018-09-06 14:01:23.624631;2018-09-06 14:01:23.624631;;;;
4338;0706370-98.2018.8.07.0018;TJDFT;37;100000.0;8;62;1006;t;0;;;777-019.280/2014;1167;;2014-12-15 16:25:20.563;2018-10-02 14:19:53.998808;;;;
6401;0000177-11.2018.8.07.0018;TJDFT;43;70000.0;7;;;t;1;;;;514;;2019-03-22 19:50:37.136425;2019-03-22 19:50:37.136425;;;;
6405;0720145-40.2018.8.07.0000;TJDFT;4;1175.24;16;;;t;1;;;;514;;2019-04-04 12:26:47.883676;2019-04-04 12:26:47.883676;;;;
4355;0706852-91.2014.8.07.0016;TJDFT;37;;16;14;1006;f;0;;;777-019.328/2014;1070;3;2014-12-17 13:18:24.863;2016-10-06 21:34:26.558229;;;;
4356;2014.01.1.052804-8;TJDFT;9;;7;14;1252;f;0;;;777-019.329/2014;1070;3;2014-12-17 13:20:02.363;2016-10-06 21:34:26.567487;;;;
4359;2012.01.1.194438-2;TJDFT;9;;15;62;805;f;0;;;777-019.332/2014;1070;;2014-12-17 13:28:57.867;2016-10-06 21:34:26.595289;;;;
4360;2014.01.1.087451-2;TJDFT;9;;3;62;1252;f;0;;;777-019.333/2014;1070;;2014-12-17 13:33:00.53;2016-10-06 21:34:26.605279;;;;
4361;2013.01.1.025253-7;TJDFT;1;;12;62;1248;f;0;;;777-019.334/2014;1070;;2014-12-17 13:37:06.827;2016-10-06 21:34:26.614901;;;;
4362;2012.01.1.194929-0;TJDFT;1;;12;62;1248;f;0;;;777-019.335/2014;1070;;2014-12-17 13:39:08.96;2016-10-06 21:34:26.625348;;;;
4364;2012.01.1.196394-3;TJDFT;36;;7;62;805;f;0;;;777-019.352/2014;1070;;2014-12-18 11:49:40.807;2016-10-06 21:34:26.644111;;;;
4365;2013.01.1.008723-3;TJDFT;41;;16;62;805;f;0;;;777-019.353/2014;1070;;2014-12-18 11:52:41.377;2016-10-06 21:34:26.652885;;;;
4368;2014.01.1.188496-0;TJDFT;37;;8;14;805;f;0;;;777-019.366/2014;1167;3;2014-12-18 17:14:03.187;2016-10-06 21:34:26.683065;;;;
4373;2013.01.1.024722-8;TJDFT;37;;15;62;1248;f;0;;;777-019.386/2014;1167;;2014-12-19 17:39:54.253;2016-10-06 21:34:26.732356;;;;
4376;2012.01.1.194438-2;TJDFT;37;;15;62;805;f;0;;;777-019.389/2014;1167;;2014-12-19 17:43:25.917;2016-10-06 21:34:26.758894;;;;
4377;2014.01.1.193471-4;TJDFT;9;;3;14;514;f;0;;;777-019.390/2014;1070;3;2014-12-22 11:59:00.313;2016-10-06 21:34:26.768486;;;;
4378;2014.01.1.194056-9;TJDFT;9;;3;14;805;f;0;;;777-019.391/2014;1070;3;2014-12-22 12:00:49.967;2016-10-06 21:34:26.777062;;;;
4379;2014.01.1.178943-7;TJDFT;9;;2;14;1006;f;0;;;777-019.392/2014;1070;3;2014-12-22 12:02:03.877;2016-10-06 21:34:26.786019;;;;
4380;2014.01.1.191190-5;TJDFT;9;;3;14;1252;f;0;;;777-019.393/2014;1070;3;2014-12-22 12:03:27.34;2016-10-06 21:34:26.794582;;;;
4382;13518/91;TJDFT;9;;4;14;1248;f;0;;;777-019.395/2014;1070;3;2014-12-22 12:06:15.213;2016-10-06 21:34:26.813935;;;;
4383;2011.01.1.169938-9;TJDFT;39;;14;62;1006;f;0;;;777-019.397/2014;1070;;2014-12-22 18:42:08.43;2016-10-06 21:34:26.822941;;;;
4384;2013.01.1.083315-5;TJDFT;39;;14;62;1006;f;0;;;777-019.398/2014;1070;;2014-12-22 18:43:03.997;2016-10-06 21:34:26.832516;;;;
4385;2013.01.1.144560-3;TJDFT;39;;14;62;1006;f;0;;;777-019.399/2014;1070;;2014-12-22 18:44:39.687;2016-10-06 21:34:26.841928;;;;
4357;2013.13.1.002284-5;TJDFT;37;14184.41;17;23;514;t;0;;;777-019.330/2014;1070;;2014-12-17 13:22:36.9;2018-06-21 12:41:48.021829;;;;
4354;2013.01.1.093562-5;TJDFT;1;70000.0;2;62;1252;t;0;;;777-019.311/2014;1167;;2014-12-15 18:49:05.51;2018-06-21 12:39:55.367882;;;;
4358;2014.01.1.096171-0;TJDFT;9;1000.0;3;62;805;f;0;;;777-019.331/2014;1070;;2014-12-17 13:23:40.657;2018-06-21 12:46:19.758533;;;;
4363;1998.01.1.051603-6;TJDFT;11;66899.66;3;62;1006;f;0;;;777-019.351/2014;1070;;2014-12-18 11:47:19.673;2018-06-21 12:59:53.979385;;;;
4370;2012.01.1.156128-3;TJDFT;37;70000.0;16;62;805;f;0;;;777-019.376/2014;1167;;2014-12-18 19:35:14.78;2018-06-21 16:02:19.748862;;;;
4371;2012.01.1.159315-4;TJDFT;37;80000.0;16;62;805;f;0;;;777-019.378/2014;1167;;2014-12-18 19:36:53.297;2018-06-21 16:03:24.540266;;;;
4374;2014.01.1.030809-7;TJDFT;37;100000.0;3;62;1252;f;0;;;777-019.387/2014;1167;;2014-12-19 17:40:51.6;2018-06-21 16:05:22.541032;;;;
4386;2008.01.1.139441-6;TJDFT;37;100000.0;16;62;1248;f;0;;;777-000.257/2015;1167;;2015-01-08 14:29:09.357;2018-06-21 16:08:17.825377;;;;
4367;2014.01.1.130754-9 ;TJDFT;37;60000.0;2;14;514;t;0;;;777-019.364/2014;1167;3;2014-12-18 17:12:20.823;2018-09-28 13:41:14.048307;;;;
4372;2013.01.1.184913-7;TJDFT;1;100000.0;1;62;1248;t;0;;;777-019.385/2014;1167;;2014-12-19 17:38:57.14;2018-09-28 13:42:35.288468;;;;
4387;2000.01.1.065798-2;TJDFT;37;4579.69;4;14;1006;t;0;;;777-000.431/2015;1167;3;2015-01-13 17:35:16.81;2018-09-28 13:45:21.603749;;;;
4375;2013.01.1.105326-6;TJDFT;1;100000.0;1;62;1252;t;0;;;777-019.388/2014;1167;;2014-12-19 17:41:42.847;2018-09-28 13:46:43.189142;;;;
4388;2014.01.1.198091-7;TJDFT;37;;3;14;1248;f;0;;;777-000.433/2015;1167;3;2015-01-13 17:36:31.473;2016-10-06 21:34:26.871301;;;;
4389;2014.01.1.182930-0;TJDFT;37;;4;14;805;f;0;;;777-000.435/2015;1167;3;2015-01-13 17:38:44.167;2016-10-06 21:34:26.881574;;;;
4390;2013.03.1.026993-8;TJDFT;37;;17;14;514;f;0;;;777-000.436/2015;1167;3;2015-01-13 17:40:03.993;2016-10-06 21:34:26.891062;;;;
4391;300.000.039/2015;DIMOB;37;;16;4;521;f;0;;;777-000.456/2015;514;;2015-01-14 12:17:57.577;2016-10-06 21:34:26.900446;;;;
4392;1249/2012;TJDFT;37;;17;3;514;t;0;;;777-000.459/2015;1070;1;2015-01-14 12:45:39.75;2016-10-06 21:34:26.907712;;;;
4395;370/2014;TJDFT;37;;17;3;514;f;0;;;777-000.467/2015;1070;1;2015-01-14 13:06:21.097;2016-10-06 21:34:26.927748;;;;
4397;392.012.466/2014;DIRAD;37;;16;1;521;f;0;;;777-000.480/2015;514;;2015-01-14 15:33:43.66;2016-10-06 21:34:26.944537;;;;
4399;1293/2014;TJDFT;37;;17;3;514;f;0;;;777-000.487/2015;1070;1;2015-01-14 16:47:54.767;2016-10-06 21:34:26.957984;;;;
4401;363/2014;TJDFT;37;;17;3;514;f;0;;;777-000.492/2015;1070;1;2015-01-14 16:53:25.537;2016-10-06 21:34:26.970767;;;;
4406;687/2014;TJDFT;37;;16;3;514;f;0;;;777-000.499/2015;1070;1;2015-01-14 17:07:52.433;2016-10-06 21:34:27.004009;;;;
4411;918/2014;TJDFT;37;;17;3;514;t;0;;;777-000.505/2015;1070;1;2015-01-14 17:17:34.473;2016-10-06 21:34:27.036731;;;;
4412;669/2014;TJDFT;37;;17;3;514;t;0;;;777-000.506/2015;1070;1;2015-01-14 17:19:27.417;2016-10-06 21:34:27.043681;;;;
4416;1019/2014;TJDFT;37;;17;3;514;t;0;;;777-000.513/2015;1070;1;2015-01-14 17:39:31.227;2016-10-06 21:34:27.069488;;;;
4417;739/2014;TJDFT;37;;17;3;514;t;0;;;777-000.515/2015;1070;1;2015-01-14 17:46:49.76;2016-10-06 21:34:27.075931;;;;
4418;856/2014;TJDFT;37;;17;3;514;t;0;;;777-000.517/2015;1070;1;2015-01-14 17:51:21.953;2016-10-06 21:34:27.081721;;;;
4419;322/2014;TJDFT;37;;17;3;514;t;0;;;777-000.518/2015;1070;1;2015-01-14 17:53:51.15;2016-10-06 21:34:27.090848;;;;
4420;1271/2014;Tribunal Regional do Trabalho;37;;17;3;514;t;0;;;777-000.519/2015;1070;1;2015-01-14 17:57:37.57;2016-10-06 21:34:27.098073;;;;
4421;941/2014;TJDFT;37;;17;3;514;t;0;;;777-000.520/2015;1070;1;2015-01-14 17:59:36.507;2016-10-06 21:34:27.104744;;;;
4394;944/2014;TJDFT;37;;17;3;514;f;0;;;777-000.464/2015;1070;1;2015-01-14 13:03:03.473;2018-09-28 13:50:43.100016;;;;
4396;1086;TJDFT;37;;17;3;514;f;0;;;777-000.468/2015;1070;1;2015-01-14 13:12:15.327;2018-09-28 13:51:07.667774;;;;
4398;1300/2014;TJDFT;37;;17;3;514;f;0;;;777-000.485/2015;1070;1;2015-01-14 16:45:28.877;2018-09-28 13:51:29.969232;;;;
4400;423/2014;TJDFT;37;;17;3;514;f;0;;;777-000.489/2015;1070;1;2015-01-14 16:51:04.59;2018-09-28 13:51:50.617648;;;;
4402;1183/2014;TJDFT;37;;17;3;514;f;0;;;777-000.494/2015;1070;1;2015-01-14 16:55:16.903;2018-09-28 13:52:14.359027;;;;
4403;1185/2014;TJDFT;37;;16;3;514;f;0;;;777-000.495/2015;1070;1;2015-01-14 16:57:23.81;2018-09-28 13:52:38.852992;;;;
4404;1764/2014;TJDFT;37;;16;3;514;f;0;;;777-000.497/2015;1070;1;2015-01-14 16:59:49.907;2018-09-28 13:53:02.958058;;;;
4405;897/2014;TJDFT;37;;16;3;514;f;0;;;777-000.498/2015;1070;1;2015-01-14 17:03:13.987;2018-09-28 13:53:29.108134;;;;
4407;245/2014;TJDFT;37;;16;3;514;f;0;;;777-000.500/2015;1070;1;2015-01-14 17:09:33.6;2018-09-28 13:53:53.275027;;;;
4408;1259/2014;TJDFT;37;;17;3;514;f;0;;;777-000.502/2015;1070;1;2015-01-14 17:11:43.5;2018-09-28 13:54:21.221979;;;;
4409;1758/2014;TJDFT;37;;16;3;514;f;0;;;777-000.503/2015;1070;1;2015-01-14 17:13:34.293;2018-09-28 13:54:47.442017;;;;
4410;907/2014;TJDFT;37;;17;3;514;f;0;;;777-000.504/2015;1070;1;2015-01-14 17:15:27.3;2018-09-28 13:55:40.634857;;;;
4413;791/2014;TJDFT;37;;17;3;514;f;0;;;777-000.507/2015;1070;1;2015-01-14 17:21:15.54;2018-09-28 13:56:06.777826;;;;
4414;1172/2014;TJDFT;37;;17;3;514;f;0;;;777-000.510/2015;1070;1;2015-01-14 17:23:11.823;2018-09-28 13:56:36.059194;;;;
4415;1180/2014;TJDFT;37;;17;3;514;f;0;;;777-000.511/2015;1070;1;2015-01-14 17:28:15.01;2018-09-28 13:57:31.161678;;;;
4425;468/2014;TJDFT;37;;17;3;514;t;0;;;777-000.525/2015;1070;1;2015-01-14 18:21:23.573;2016-10-06 21:34:27.132394;;;;
4426;782/2014;TJDFT;37;;17;3;514;t;0;;;777-000.526/2015;1070;1;2015-01-14 18:22:40.653;2016-10-06 21:34:27.138611;;;;
4427;1650/2014;TJDFT;37;;17;3;514;f;0;;;777-000.527/2015;1070;1;2015-01-14 18:24:29.933;2016-10-06 21:34:27.144366;;;;
4429;548/2014;TJDFT;37;;17;3;514;t;0;;;777-000.529/2015;1070;1;2015-01-14 18:29:32.217;2016-10-06 21:34:27.158751;;;;
4431;845/2014;TJDFT;37;;17;3;514;f;0;;;777-000.531/2015;1070;1;2015-01-14 18:42:05.247;2016-10-06 21:34:27.172618;;;;
4432;256/2014;TJDFT;37;;17;3;514;f;0;;;777-000.532/2015;1070;1;2015-01-14 18:45:03.417;2016-10-06 21:34:27.179518;;;;
4437;608/2014;TJDFT;37;;17;3;514;t;0;;;777-000.537/2015;1070;1;2015-01-14 19:01:45.77;2016-10-06 21:34:27.213281;;;;
4453;454/2014;TJDFT;37;;17;3;514;f;0;;;777-000.553/2015;1070;1;2015-01-15 09:57:24.633;2016-10-06 21:34:27.318053;;;;
4456;702/2014;MPDFT;37;;16;3;514;f;0;;;777-000.559/2015;514;1;2015-01-15 10:33:26.087;2018-09-28 13:19:54.053846;;;;
4422;842/2014;TJDFT;37;;17;3;514;f;0;;;777-000.522/2015;1070;1;2015-01-14 18:13:12.327;2018-09-28 13:59:16.624323;;;;
4423;830/2014;TJDFT;37;;17;3;514;f;0;;;777-000.523/2015;1070;1;2015-01-14 18:15:15.46;2018-09-28 13:59:50.784068;;;;
4424;598/2014;TJDFT;37;;17;3;514;f;0;;;777-000.524/2015;1070;1;2015-01-14 18:19:06.387;2018-09-28 14:00:18.356327;;;;
4428;564/2014;TJDFT;37;;17;3;514;f;0;;;777-000.528/2015;1070;1;2015-01-14 18:26:40.1;2018-09-28 14:00:57.498971;;;;
4434;64/2014;MPDFT;37;;17;3;514;f;0;;;777-000.534/2015;514;1;2015-01-14 18:56:45.45;2018-09-28 14:02:33.875581;;;;
4430;263/2014;TJDFT;37;;17;3;514;t;0;;;777-000.530/2015;1070;1;2015-01-14 18:39:39.247;2018-09-28 14:01:50.307576;;;;
4454;23/2014;TJDFT;37;;17;3;514;f;0;;;777-000.554/2015;1070;1;2015-01-15 10:02:12.533;2018-09-28 14:03:28.685078;;;;
4452;708/2014;TJDFT;37;;17;3;514;f;0;;;777-000.552/2015;1070;1;2015-01-15 09:55:01.377;2018-09-28 14:03:58.035484;;;;
4451;16/2014;TJDFT;37;;17;3;514;f;0;;;777-000.551/2015;1070;1;2015-01-14 19:51:08.583;2018-09-28 14:04:18.319903;;;;
4450;154/2014;TJDFT;37;;17;3;514;f;0;;;777-000.550/2015;1070;1;2015-01-14 19:46:47.143;2018-09-28 14:04:37.08187;;;;
4449;Jan-14;TJDFT;37;;17;3;514;f;0;;;777-000.549/2015;1070;1;2015-01-14 19:34:31.113;2018-09-28 14:05:02.361842;;;;
4448;1177/2013;TJDFT;37;;17;3;514;f;0;;;777-000.548/2015;1070;1;2015-01-14 19:28:31.05;2018-09-28 14:05:30.690318;;;;
4447;1846/2014;MPDFT;37;;16;3;514;f;0;;;777-000.547/2015;514;1;2015-01-14 19:19:29.727;2018-09-28 14:05:51.944543;;;;
4446;171/2014;TJDFT;37;;17;3;514;f;0;;;777-000.546/2015;1070;1;2015-01-14 19:16:04.617;2018-09-28 14:06:14.715884;;;;
4445;475/2014;DECAP;37;;16;3;514;f;0;;;777-000.545/2015;514;1;2015-01-14 19:14:05.57;2018-09-28 14:06:37.150809;;;;
4444;363/2014;MPDFT;37;;16;3;514;f;0;;;777-000.544/2015;514;1;2015-01-14 19:11:54.157;2018-09-28 14:06:58.331968;;;;
4443;428/2014;TJDFT;37;;17;3;514;f;0;;;777-000.543/2015;1070;1;2015-01-14 19:11:44.953;2018-09-28 14:07:22.373539;;;;
4442;3125/2014;PCDF;37;;16;3;514;f;0;;;777-000.542/2015;514;1;2015-01-14 19:08:57.457;2018-09-28 14:07:39.738929;;;;
4441;1646/2014;TJDFT;37;;17;3;514;f;0;;;777-000.541/2015;1070;1;2015-01-14 19:07:27.41;2018-09-28 14:08:03.467725;;;;
4440;2619/2014;PCDF;37;;16;3;514;f;0;;;777-000.540/2015;514;1;2015-01-14 19:06:51.873;2018-09-28 14:08:30.729079;;;;
4439;760/2014;TJDFT;37;;17;3;514;f;0;;;777-000.539/2015;1070;1;2015-01-14 19:04:54.42;2018-09-28 14:08:57.277015;;;;
4438;dez/14;STC/DF;37;;16;3;514;f;0;;;777-000.538/2015;514;1;2015-01-14 19:04:49.037;2018-09-28 14:09:38.572193;;;;
4436;1389/2014;MPDFT;37;;16;3;514;f;0;;;777-000.536/2015;514;1;2015-01-14 18:59:17.507;2018-09-28 14:10:09.856983;;;;
4435;726/2014;TJDFT;37;;17;3;514;f;0;;;777-000.535/2015;1070;1;2015-01-14 18:57:36.01;2018-09-28 14:10:53.835838;;;;
4460;399/2014;DECAP;37;;16;3;514;t;0;;;777-000.564/2015;514;1;2015-01-15 10:42:46.457;2016-10-06 21:34:27.362792;;;;
4469;731/2014;PCDF;37;;16;3;514;f;0;;;777-000.578/2015;514;1;2015-01-15 11:24:11.877;2016-10-06 21:34:27.418139;;;;
4471;409/2014;MPDFT;37;;16;3;514;f;0;;;777-000.580/2015;514;1;2015-01-15 11:27:13.587;2016-10-06 21:34:27.43025;;;;
4474;10.522/2014;GAB/PROMAI;9;;5;3;514;f;0;;;777-000.583/2015;514;1;2015-01-15 11:38:00.893;2016-10-06 21:34:27.450812;;;;
4479;10.118/2014;GAB/PROMAI;26;;4;3;514;f;0;;;777-000.591/2015;514;1;2015-01-15 11:48:39.357;2016-10-06 21:34:27.486625;;;;
4459;1738/2014;MPDFT;37;;16;3;514;f;0;;;777-000.563/2015;514;1;2015-01-15 10:40:43.7;2018-09-28 13:21:20.847503;;;;
4461;306/2014;MPDFT;37;;16;3;514;f;0;;;777-000.565/2015;514;1;2015-01-15 10:44:24.643;2018-09-28 13:22:18.467263;;;;
4462;147/2014;MPDFT;37;;16;3;514;f;0;;;777-000.567/2015;514;1;2015-01-15 10:46:28.367;2018-09-28 13:22:35.606943;;;;
4463;1066/2014;MPDFT;37;;16;3;514;f;0;;;777-000.568/2015;514;1;2015-01-15 10:52:39.757;2018-09-28 13:22:54.222257;;;;
4465;1151/2014;MPDFT;37;;16;3;514;f;0;;;777-000.573/2015;514;1;2015-01-15 11:14:32.957;2018-09-28 13:23:33.057302;;;;
4464;7565/2014;MPF/PR;37;;16;3;514;t;0;;;777-000.569/2015;514;1;2015-01-15 10:59:18.18;2018-09-28 13:23:16.800085;;;;
4466;1454/2014;MPDFT;37;;16;3;514;f;0;;;777-000.574/2015;514;1;2015-01-15 11:18:08.44;2018-09-28 13:23:45.985134;;;;
4467;1397/2014;MPDFT;37;;16;3;514;f;0;;;777-000.576/2015;514;1;2015-01-15 11:20:05.237;2018-09-28 13:24:02.762484;;;;
4468;552/2014;MPDFT;37;;16;3;514;f;0;;;777-000.577/2015;514;1;2015-01-15 11:22:14.563;2018-09-28 13:24:16.275189;;;;
4470;731/2014;PCDF;37;;16;3;514;f;0;;;777-000.579/2015;514;1;2015-01-15 11:24:15.4;2018-09-28 13:25:04.591368;;;;
4472;197/2014;DECAP;37;;16;3;514;f;0;;;777-000.581/2015;514;1;2015-01-15 11:29:04.657;2018-09-28 13:25:56.757048;;;;
4473;10.523/2014;GAB/PROMAI;9;;17;3;514;f;0;;;777-000.582/2015;514;1;2015-01-15 11:36:15.22;2018-09-28 13:26:13.441242;;;;
4475;10.470/2014;GAB/PROMAI;35;;4;3;514;f;0;;;777-000.584/2015;514;1;2015-01-15 11:39:39.69;2018-09-28 13:26:29.856506;;;;
4476;10.259/2014;GAB/PROMAI;30;;17;3;514;f;0;;;777-000.586/2015;514;1;2015-01-15 11:42:41.197;2018-09-28 13:26:44.846033;;;;
4477;10.167/2014;GAB/PROMAI;30;;9;3;514;f;0;;;777-000.589/2015;514;1;2015-01-15 11:44:46.717;2018-09-28 13:27:16.417252;;;;
4478;10.236/2014;GAB/PROMAI;30;;17;3;514;f;0;;;777-000.590/2015;514;1;2015-01-15 11:47:08.91;2018-09-28 13:27:30.870089;;;;
4480;10.233/2014;GAB/PROMAI;26;;9;3;514;f;0;;;777-000.593/2015;514;1;2015-01-15 11:50:19.107;2018-09-28 13:27:45.777321;;;;
4481;10.369/2014;GAB/PROMAI;37;;16;3;514;f;0;;;777-000.594/2015;514;1;2015-01-15 11:51:45.763;2018-09-28 13:28:01.329041;;;;
4482;10.378/2014;GAB/PROMAI;11;;4;3;514;f;0;;;777-000.596/2015;514;1;2015-01-15 11:53:10.72;2018-09-28 13:28:23.192878;;;;
4483;10.464/2014;GAB/PROMAI;12;;17;3;514;f;0;;;777-000.598/2015;514;1;2015-01-15 11:54:39.97;2018-09-28 13:28:31.789349;;;;
4484;2744/2014;GAB/PROMAI;9;;8;3;514;f;0;;;777-000.600/2015;514;1;2015-01-15 11:57:07.187;2018-09-28 13:28:49.391106;;;;
4485;9528/2014;GAB/PROMAI;26;;8;3;514;f;0;;;777-000.601/2015;514;1;2015-01-15 12:02:23.62;2018-09-28 13:29:02.9044;;;;
4486;9441/2014;GAB/PROMAI;30;;17;3;514;f;0;;;777-000.602/2015;514;1;2015-01-15 12:05:29.93;2018-09-28 13:29:27.223073;;;;
4487;9768/2014;GAB/PROMAI;35;;4;3;514;f;0;;;777-000.604/2015;514;1;2015-01-15 12:07:13.967;2018-09-28 13:30:49.039017;;;;
4488;7474/2014;GAB/PROMAI;22;;4;3;514;f;0;;;777-000.605/2015;514;1;2015-01-15 12:09:18.627;2018-09-28 13:30:56.636713;;;;
4489;9104/2014;GAB/PROMAI;10;;6;3;514;f;0;;;777-000.606/2015;514;1;2015-01-15 12:12:15.267;2018-09-28 13:31:03.63868;;;;
4490;036/2014;NUTIM;37;;16;3;514;f;0;;;777-000.610/2015;514;1;2015-01-15 12:33:53.507;2018-09-28 13:31:14.932904;;;;
4491;6834/2014;GAB/PROMAI;30;;17;3;514;f;0;;;777-000.612/2015;514;1;2015-01-15 12:36:39.18;2018-09-28 13:31:26.97517;;;;
4492;3732/2014;GAB/PROMAI;35;;9;3;514;f;0;;;777-000.614/2015;514;1;2015-01-15 12:38:03.683;2018-09-28 13:31:40.727732;;;;
4516;2013.01.1.059713-3;TJDFT;9;;7;14;1252;f;0;;;777-000.648/2015;1070;3;2015-01-15 13:38:48.223;2016-10-06 21:34:27.745341;;;;
5959;2000.01.1.027526-7;TJDFT;4;9178.1;2;;;t;1;;;;514;;2017-08-22 12:10:20.247621;2017-08-22 12:10:20.247621;f;;;
4494;3442/2014;PROCAD;1;;17;3;514;f;0;;;777-000.616/2015;514;1;2015-01-15 12:43:01.083;2018-09-28 13:32:11.565524;;;;
4495;2459/2014;PROCAD;37;;16;3;514;f;0;;;777-000.617/2015;514;1;2015-01-15 12:45:17.49;2018-09-28 13:32:28.448774;;;;
4496;6457/2014;GAB/PROMAI;1;;7;3;514;f;0;;;777-000.618/2015;514;1;2015-01-15 12:48:50.637;2018-09-28 13:32:45.300395;;;;
4497;6447/2014;GAB/PROMAI;9;;1;3;514;f;0;;;777-000.619/2015;514;1;2015-01-15 12:51:39.943;2018-09-28 13:35:04.265823;;;;
4498;9919/2014;GAB/PROMAI;30;;17;3;514;f;0;;;777-000.620/2015;514;1;2015-01-15 12:58:15.03;2018-09-28 13:35:16.32754;;;;
4499;6728/2014;GAB/PROMAI;37;;16;3;514;f;0;;;777-000.621/2015;514;1;2015-01-15 12:59:43.25;2018-09-28 13:35:35.341025;;;;
4500;7577/2014;GAB/PROMAI;11;;4;3;514;f;0;;;777-000.622/2015;514;1;2015-01-15 13:03:34.427;2018-09-28 13:35:48.738461;;;;
4501;7028/2014;GAB/PROMAI;30;;17;3;514;f;0;;;777-000.623/2015;514;1;2015-01-15 13:05:18.883;2018-09-28 13:36:08.282509;;;;
4502;3862/2014;PROFIS;8;;16;3;514;f;0;;;777-000.626/2015;514;1;2015-01-15 13:06:56.647;2018-09-28 13:36:15.971074;;;;
4503;3627/2014;PROFIS;8;;17;3;514;f;0;;;777-000.628/2015;514;1;2015-01-15 13:08:40.367;2018-09-28 13:36:24.271943;;;;
4504;8575/2014;GAB/PROMAI;9;;3;3;514;f;0;;;777-000.630/2015;514;1;2015-01-15 13:11:15.017;2018-09-28 13:36:49.130527;;;;
4505;1214/2014;PROFIS;37;;16;3;514;f;0;;;777-000.631/2015;514;1;2015-01-15 13:13:06.56;2018-09-28 13:36:56.745463;;;;
4506;7833/2014;GAB/PROMAI;8;;9;3;514;f;0;;;777-000.632/2015;514;1;2015-01-15 13:17:40.527;2018-09-28 13:37:02.713662;;;;
4507;8262/2014;GAB/PROMAI;36;;2;3;514;f;0;;;777-000.633/2015;514;1;2015-01-15 13:19:33.16;2018-09-28 13:37:09.280263;;;;
4508;6885/2014;GAB/PROMAI;37;;3;3;514;f;0;;;777-000.636/2015;514;1;2015-01-15 13:21:05.153;2018-09-28 13:37:16.831245;;;;
4509;3969/2014;GAB/PROMAI;1;;7;3;514;f;0;;;777-000.638/2015;514;1;2015-01-15 13:25:53.757;2018-09-28 13:37:50.697735;;;;
4510;4235/2014;PROFIS;37;;16;3;514;f;0;;;777-000.641/2015;514;1;2015-01-15 13:29:09.693;2018-09-28 13:37:59.423736;;;;
4511;4121/2014;PROFIS;37;;16;3;514;f;0;;;777-000.642/2015;514;1;2015-01-15 13:30:40.39;2018-09-28 13:38:08.440224;;;;
4513;7391/2014;GAB/PROMAI;37;;17;3;514;f;0;;;777-000.644/2015;514;1;2015-01-15 13:34:33.643;2018-09-28 13:38:23.041539;;;;
4514;52/2014;FAJ/OAB;37;;16;3;514;f;0;;;777-000.645/2015;514;1;2015-01-15 13:36:39.007;2018-09-28 13:38:29.168851;;;;
4515;4654/2014;GAB/PROMAI;12;;9;3;514;f;0;;;777-000.646/2015;514;1;2015-01-15 13:38:18.223;2018-09-28 13:38:37.161388;;;;
4517;8812/2014;GAB/PROMAI;9;;1;3;514;f;0;;;777-000.650/2015;514;1;2015-01-15 13:39:37.627;2018-09-28 13:39:05.143716;;;;
4518;777.013.745/2014;PROCON;37;;16;7;514;f;0;;;777-000.652/2015;514;;2015-01-15 13:41:39.34;2018-09-28 13:39:17.462841;;;;
4519;333/2014;TJDFT;37;;17;3;514;f;0;;;777-000.653/2015;1070;1;2015-01-15 13:43:50.07;2018-09-28 13:39:25.093468;;;;
4520;8866/2014;GAB/PROMAI;30;;17;3;514;f;0;;;777-000.654/2015;514;1;2015-01-15 13:46:11.157;2018-09-28 13:39:31.23101;;;;
4521;8921/2014;GAB/PROMAI;1;;2;3;514;f;0;;;777-000.655/2015;514;1;2015-01-15 13:47:56.533;2018-09-28 13:39:39.403986;;;;
4522;8931/2014;GAB/PROMAI;21;;17;3;514;f;0;;;777-000.657/2015;514;1;2015-01-15 13:49:21.63;2018-09-28 13:39:46.838379;;;;
4523;8119/2014;GAB/PROMAI;1;;2;3;514;f;0;;;777-000.658/2015;514;1;2015-01-15 13:50:52.593;2018-09-28 13:40:00.169681;;;;
4524;8142/2014;GAB/PROMAI;26;;3;3;514;f;0;;;777-000.660/2015;514;1;2015-01-15 13:52:15.087;2018-09-28 13:40:10.053363;;;;
4525;9812/2014;GAB/PROMAI;12;;9;3;514;f;0;;;777-000.662/2015;514;1;2015-01-15 13:54:49.357;2018-09-28 13:40:18.308312;;;;
4526;472/2014;TJDFT;37;;17;3;514;f;0;;;777-000.663/2015;1070;1;2015-01-15 13:54:54.413;2018-09-28 13:40:26.412128;;;;
4527;4927/2014;GAB/PROMAI;37;;16;3;514;f;0;;;777-000.665/2015;514;1;2015-01-15 13:58:51.223;2018-09-28 13:40:34.993152;;;;
4536;1308/2014;TJDFT;37;;17;3;514;f;0;;;777-000.693/2015;1070;1;2015-01-15 17:27:50.55;2016-10-06 21:34:27.878402;;;;
4546;317/2014;TJDFT;37;;17;3;514;f;0;;;777-000.710/2015;1070;1;2015-01-15 18:05:20.593;2016-10-06 21:34:27.939966;;;;
4561;1462/2014;DPDF;37;;16;3;514;f;0;;;777-000.747/2015;1070;1;2015-01-16 12:34:51.947;2016-10-06 21:34:28.036458;;;;
4528;020/2014;TJDFT;37;;17;3;514;f;0;;;777-000.669/2015;1070;1;2015-01-15 14:04:07.093;2018-09-28 13:41:00.317222;;;;
4529;663/2014;TJDFT;37;;17;3;514;f;0;;;777-000.670/2015;1070;1;2015-01-15 14:06:28.787;2018-09-28 13:41:14.75786;;;;
4530;14034/2014;TJDFT;37;;17;3;514;f;0;;;777-000.681/2015;1070;1;2015-01-15 16:44:17.07;2018-09-28 13:41:23.74743;;;;
4531;386/2014;TJDFT;37;;17;3;514;f;0;;;777-000.683/2015;1070;1;2015-01-15 16:51:39.27;2018-09-28 13:41:41.065596;;;;
4532;162/2014;TJDFT;37;;17;3;514;f;0;;;777-000.685/2015;1070;1;2015-01-15 16:59:45.54;2018-09-28 13:41:48.819474;;;;
4533;424/2012;TJDFT;37;;17;3;514;f;0;;;777-000.686/2015;1070;1;2015-01-15 17:06:06.323;2018-09-28 13:41:55.870927;;;;
4534;544/2014;TJDFT;37;;17;3;514;f;0;;;777-000.688/2015;1070;1;2015-01-15 17:11:52.753;2018-09-28 13:42:01.74948;;;;
4535;224/2014;TJDFT;37;;17;3;514;f;0;;;777-000.689/2015;1070;1;2015-01-15 17:17:15.95;2018-09-28 13:42:15.889625;;;;
4537;939/2014;TJDFT;37;;17;3;514;f;0;;;777-000.695/2015;1070;1;2015-01-15 17:33:11.783;2018-09-28 13:43:18.954135;;;;
4538;360/2014;TJDFT;37;;17;3;514;f;0;;;777-000.697/2015;1070;1;2015-01-15 17:37:51.63;2018-09-28 13:43:29.672285;;;;
4539;256/2014;TJDFT;37;;17;3;514;f;0;;;777-000.698/2015;1070;1;2015-01-15 17:44:43.49;2018-09-28 13:43:43.877135;;;;
4540;824/2014;TJDFT;37;;17;3;514;f;0;;;777-000.699/2015;1070;1;2015-01-15 17:48:09.38;2018-09-28 13:43:50.968483;;;;
4541;1178/2014;TJDFT;37;;17;3;514;f;0;;;777-000.700/2015;1070;1;2015-01-15 17:52:31.213;2018-09-28 13:43:57.76708;;;;
4542;1165/2014;TJDFT;37;;17;3;514;f;0;;;777-000.703/2015;1070;1;2015-01-15 17:54:30.643;2018-09-28 13:44:04.046723;;;;
4543;324/2014;TJDFT;37;;17;3;514;f;0;;;777-000.705/2015;1070;1;2015-01-15 17:57:57.097;2018-09-28 13:44:11.449172;;;;
4547;1906/2014;TJDFT;37;;17;3;514;f;0;;;777-000.711/2015;1070;1;2015-01-15 18:07:45.267;2018-09-28 13:44:46.224576;;;;
4544;1102/2014;TJDFT;37;;17;3;514;t;0;;;777-000.706/2015;1070;1;2015-01-15 17:59:32.007;2018-09-28 13:44:31.610277;;;;
4548;1086/2014;TJDFT;37;;17;3;514;f;0;;;777-000.714/2015;1070;1;2015-01-15 18:09:29.413;2018-09-28 13:44:53.131879;;;;
4549;119/2014;TJDFT;37;;17;3;514;f;0;;;777-000.715/2015;1070;1;2015-01-15 18:11:25.307;2018-09-28 13:45:07.557885;;;;
4550;288/2014;TJDFT;37;;17;3;514;f;0;;;777-000.717/2015;1070;1;2015-01-15 18:14:45.207;2018-09-28 13:45:16.857698;;;;
4551;1005/2014;TJDFT;37;;17;3;514;f;0;;;777-000.718/2015;1070;1;2015-01-15 18:17:57.697;2018-09-28 13:45:24.397754;;;;
4552;1144/2013;TJDFT;37;;17;3;514;f;0;;;777-000.719/2015;1070;1;2015-01-15 18:20:18.143;2018-09-28 13:45:44.326533;;;;
4553;14/2014;TJDFT;37;;17;3;514;f;0;;;777-000.720/2015;1070;1;2015-01-15 18:23:43.907;2018-09-28 13:45:50.761634;;;;
4554;009/2014;TJDFT;37;;17;3;514;f;0;;;777-000.721/2015;1070;1;2015-01-15 18:27:35.227;2018-09-28 13:45:57.509236;;;;
4556;257/2014;DPDF;37;;17;3;514;f;0;;;777-000.738/2015;1070;1;2015-01-16 12:15:54.583;2018-09-28 13:46:03.485677;;;;
4557;695/2014;DPDF;37;;17;3;514;f;0;;;777-000.740/2015;1070;1;2015-01-16 12:20:35.627;2018-09-28 13:46:13.229956;;;;
4558;686/2014;DPDF;37;;17;3;514;f;0;;;777-000.742/2015;1070;1;2015-01-16 12:22:55.137;2018-09-28 13:48:28.277051;;;;
4559;192/2014;DPDF;37;;16;3;514;f;0;;;777-000.744/2015;1070;1;2015-01-16 12:29:52.207;2018-09-28 13:48:44.654657;;;;
4560;693/2014;DPDF;37;;16;3;514;f;0;;;777-000.746/2015;1070;1;2015-01-16 12:32:47.8;2018-09-28 13:48:58.769644;;;;
4562;777.008.184/2014;DPDF;37;;16;26;514;f;0;;;777-000.748/2015;1070;;2015-01-16 12:39:04.03;2018-09-28 13:50:14.12018;;;;
4569;1081/2014;DPDF;37;;16;3;514;t;0;;;777-000.759/2015;1070;1;2015-01-16 13:03:35.537;2016-10-06 21:34:28.092573;;;;
4577;57/2014;DPDF;37;;16;3;514;f;0;;;777-000.770/2015;1070;1;2015-01-16 13:29:30.963;2016-10-06 21:34:28.148555;;;;
4579;2014.01.1.084782-3;TJDFT;37;;17;14;1248;f;0;;;777-000.772/2015;805;3;2015-01-16 13:37:48.537;2016-10-06 21:34:28.164062;;;;
4581;392.046.481/2014;DIMOB;37;;16;1;521;f;0;;;777-000.775/2015;514;;2015-01-16 13:45:28.6;2016-10-06 21:34:28.179927;;;;
4583;57/2014;DPDF;37;;16;3;514;f;0;;;777-000.778/2015;1070;1;2015-01-16 13:52:45.393;2016-10-06 21:34:28.194048;;;;
4585;10037/2014;GAB/PROMAI ;37;;17;3;514;f;0;;;777-000.790/2015;1070;1;2015-01-16 16:35:48.7;2016-10-06 21:34:28.206502;;;;
4597;409/2014;DPDF;37;;16;3;514;f;0;;;777-000.806/2015;1070;1;2015-01-16 17:32:32.21;2016-10-06 21:34:28.284691;;;;
4563;650/2014;DPDF;37;;16;3;514;f;0;;;777-000.749/2015;1070;1;2015-01-16 12:43:04.677;2018-09-28 13:50:20.963434;;;;
4564;3090/2014;DPDF;37;;16;3;514;f;0;;;777-000.751/2015;1070;1;2015-01-16 12:45:54.11;2018-09-28 13:50:27.778976;;;;
4565;649/2014;DPDF;37;;16;3;514;f;0;;;777-000.753/2015;1070;1;2015-01-16 12:48:15.323;2018-09-28 13:50:33.546138;;;;
4566;371/2014;DPDF;37;;16;3;514;f;0;;;777-000.754/2015;1070;1;2015-01-16 12:50:25.943;2018-09-28 13:50:46.040255;;;;
4567;116/2014;DPDF;37;;16;3;514;f;0;;;777-000.756/2015;1070;1;2015-01-16 12:56:37.72;2018-09-28 13:50:54.35541;;;;
4568;1068/2014;DPDF;37;;16;3;514;f;0;;;777-000.758/2015;1070;1;2015-01-16 12:59:24.647;2018-09-28 13:51:00.727004;;;;
4571;47/2014;DPDF;37;;16;3;514;f;0;;;777-000.761/2015;1070;1;2015-01-16 13:11:46.29;2018-09-28 13:51:26.867296;;;;
4572;419/2014;DPDF;37;;16;3;514;f;0;;;777-000.763/2015;1070;1;2015-01-16 13:16:55.06;2018-09-28 13:51:32.038513;;;;
4573;777.007.496/2014;DPDF;37;;16;26;514;f;0;;;777-000.765/2015;1070;;2015-01-16 13:19:40.347;2018-09-28 13:51:42.40963;;;;
4574;651/2014;DPDF;37;;16;3;514;f;0;;;777-000.767/2015;1070;1;2015-01-16 13:21:55.1;2018-09-28 13:51:48.534368;;;;
4575;1341/2014;DPDF;37;;16;3;514;f;0;;;777-000.768/2015;1070;1;2015-01-16 13:24:54.657;2018-09-28 13:51:54.673342;;;;
4576;1368/2014;DPDF;37;;16;3;514;f;0;;;777-000.769/2015;1070;1;2015-01-16 13:26:24.48;2018-09-28 13:52:12.189654;;;;
4578;1364/2014;DPDF;37;;16;3;514;f;0;;;777-000.771/2015;1070;1;2015-01-16 13:34:53.447;2018-09-28 13:52:22.486841;;;;
4580;1506/2014;DPDF;37;;16;3;514;f;0;;;777-000.774/2015;1070;1;2015-01-16 13:43:21.81;2018-09-28 13:52:33.384575;;;;
4582;086/2014;DPDF;37;;16;3;514;f;0;;;777-000.776/2015;1070;1;2015-01-16 13:48:35.467;2018-09-28 13:53:35.446937;;;;
4584;1505/2014;DPDF;37;;16;3;514;f;0;;;777-000.789/2015;1070;1;2015-01-16 16:31:54.747;2018-09-28 13:53:41.935128;;;;
4586;1350/2014;DPDF;37;;16;3;514;f;0;;;777-000.791/2015;1070;1;2015-01-16 16:41:20.013;2018-09-28 13:54:03.480611;;;;
4587;331/2014;DPDF;37;;16;3;514;f;0;;;777-000.792/2015;1070;1;2015-01-16 16:44:25.65;2018-09-28 13:54:10.374158;;;;
4588;315/2014;DPDF;37;;16;3;514;f;0;;;777-000.793/2015;1070;1;2015-01-16 16:50:54.983;2018-09-28 13:54:23.666926;;;;
4589;57/2014;DPDF;37;;16;3;514;f;0;;;777-000.794/2015;1070;1;2015-01-16 16:53:42.873;2018-09-28 13:54:30.759366;;;;
4590;1417/2014;DPDF;37;;16;3;514;f;0;;;777-000.797/2015;1070;1;2015-01-16 17:01:23.167;2018-09-28 13:55:05.175546;;;;
4591;668/2014;DPDF;37;;16;3;514;f;0;;;777-000.799/2015;1070;1;2015-01-16 17:05:59.46;2018-09-28 13:55:10.922867;;;;
4593;1430/2014;DPDF;37;;16;3;514;f;0;;;777-000.802/2015;1070;1;2015-01-16 17:18:31.04;2018-09-28 13:55:23.268012;;;;
4594;1330/2014;TJDFT;9;;17;3;514;f;0;;;777-000.803/2015;514;1;2015-01-16 17:19:14.917;2018-09-28 13:55:32.204918;;;;
4595;114/2015;PROFIS;8;;17;3;514;f;0;;;777-000.804/2015;587;1;2015-01-16 17:24:04.467;2018-09-28 13:55:38.058956;;;;
4596;065/2014;DPDF;37;;16;3;514;f;0;;;777-000.805/2015;1070;1;2015-01-16 17:25:31.137;2018-09-28 13:55:44.186675;;;;
4604;681/2014;DPDF;37;;16;3;514;t;0;;;777-000.818/2015;1070;1;2015-01-16 19:27:14.493;2016-10-06 21:34:28.330172;;;;
4605;648/2014;DPDF;37;;16;3;514;t;0;;;777-000.819/2015;1070;1;2015-01-16 19:31:26.027;2016-10-06 21:34:28.335833;;;;
4606;1051/2014;DPDF;37;;16;3;514;t;0;;;777-000.820/2015;1070;1;2015-01-16 19:37:20.303;2016-10-06 21:34:28.341789;;;;
4607;69/2014;DPDF;37;;16;3;514;t;0;;;777-000.821/2015;1070;1;2015-01-16 19:49:55.207;2016-10-06 21:34:28.34825;;;;
4608;1284/2014;DPDF;37;;16;3;514;t;0;;;777-000.822/2015;1070;1;2015-01-16 20:13:47.81;2016-10-06 21:34:28.354039;;;;
4609;203/2014;DPDF;37;;16;3;514;t;0;;;777-000.823/2015;1070;1;2015-01-16 20:17:27.613;2016-10-06 21:34:28.360631;;;;
4610;656/2014;DPDF;37;;16;3;514;t;0;;;777-000.824/2015;1070;1;2015-01-16 20:21:09.057;2016-10-06 21:34:28.367434;;;;
4611;1367/2014;DPDF;37;;16;3;514;t;0;;;777-000.825/2015;1070;1;2015-01-16 20:27:59.043;2016-10-06 21:34:28.37431;;;;
4612;103/2014;DPDF;37;;16;3;514;t;0;;;777-000.826/2015;1070;1;2015-01-19 10:32:36.877;2016-10-06 21:34:28.381545;;;;
4613;983/2014;DPDF;37;;16;3;514;f;0;;;777-000.828/2015;1070;1;2015-01-19 10:41:22.973;2016-10-06 21:34:28.388029;;;;
4614;008/2014;DPDF;37;;16;3;514;t;0;;;777-000.829/2015;1070;1;2015-01-19 10:53:07.833;2016-10-06 21:34:28.393966;;;;
4615;296/2014;DPDF;37;;16;3;514;t;0;;;777-000.831/2015;1070;1;2015-01-19 10:56:10.467;2016-10-06 21:34:28.400252;;;;
4616;1308/2014;DPDF;37;;16;3;514;t;0;;;777-000.832/2015;1070;1;2015-01-19 10:58:05.047;2016-10-06 21:34:28.407491;;;;
4617;806/2014;DPDF;37;;16;3;514;t;0;;;777-000.833/2015;1070;1;2015-01-19 11:00:59.427;2016-10-06 21:34:28.413828;;;;
4618;281/2014;DPDF;37;;16;3;514;t;0;;;777-000.834/2015;1070;1;2015-01-19 11:03:39.873;2016-10-06 21:34:28.419858;;;;
4619;012/2014;DPDF;37;;16;3;514;t;0;;;777-000.835/2015;1070;1;2015-01-19 11:07:02.657;2016-10-06 21:34:28.426714;;;;
4620;047/2014;DPDF;37;;16;3;514;t;0;;;777-000.837/2015;1070;1;2015-01-19 11:13:21.803;2016-10-06 21:34:28.432686;;;;
4621;058/2014;DPDF;37;;16;3;514;t;0;;;777-000.839/2015;1070;1;2015-01-19 11:16:15.837;2016-10-06 21:34:28.438551;;;;
4622;078/2014;DPDF;37;;16;3;514;t;0;;;777-000.840/2015;1070;1;2015-01-19 11:18:43.463;2016-10-06 21:34:28.444922;;;;
4623;593/2014;DPDF;37;;16;3;514;t;0;;;777-000.841/2015;1070;1;2015-01-19 11:21:04.113;2016-10-06 21:34:28.450785;;;;
4632;2011.01.1.062285-6;TJDFT;14;;7;62;1252;f;0;;;777-000.875/2015;805;;2015-01-19 15:06:37.037;2016-10-06 21:34:28.509878;;;;
4599;449/2014;DPDF;37;;16;3;514;f;0;;;777-000.812/2015;1070;1;2015-01-16 17:50:52.39;2018-09-28 13:55:56.940566;;;;
4600;1189/2014;DPDF;37;;16;3;514;f;0;;;777-000.813/2015;1070;1;2015-01-16 18:01:45.47;2018-09-28 13:56:03.993791;;;;
4602;232/2014;DPDF;37;;16;3;514;f;0;;;777-000.816/2015;1070;1;2015-01-16 18:10:58.43;2018-09-28 13:56:23.133165;;;;
4603;130/2014;DPDF;37;;16;3;514;f;0;;;777-000.817/2015;1070;1;2015-01-16 19:16:13.61;2018-09-28 13:56:29.458423;;;;
4624;329/2014;DPDF;37;;16;3;514;f;0;;;777-000.846/2015;1070;1;2015-01-19 11:32:58.193;2018-09-28 13:56:59.100729;;;;
4625;98/2014;DPDF;37;;16;3;514;f;0;;;777-000.847/2015;1070;1;2015-01-19 11:38:08.837;2018-09-28 13:57:05.772183;;;;
4626;22/2014;DPDF;37;;16;3;514;f;0;;;777-000.848/2015;1070;1;2015-01-19 11:40:54.133;2018-09-28 13:57:13.369843;;;;
4627;319/2014;DPDF;37;;16;3;514;f;0;;;777-000.849/2015;1070;1;2015-01-19 11:44:44.547;2018-09-28 13:57:19.744137;;;;
4628;545/2014;DPDF;37;;16;3;514;f;0;;;777-000.851/2015;1070;1;2015-01-19 11:47:16.82;2018-09-28 13:57:25.117819;;;;
4629;777.007.046/2013;DPDF;37;;16;3;514;f;0;;;777-000.852/2015;1070;1;2015-01-19 11:49:21.513;2018-09-28 13:57:37.004158;;;;
4630;310.001.177/2014;DPDF;37;;16;3;514;f;0;;;777-000.855/2015;1070;1;2015-01-19 12:05:34.3;2018-09-28 13:57:58.17314;;;;
4631;050/2014;DPDF;37;;16;3;514;f;0;;;777-000.871/2015;1070;1;2015-01-19 13:52:19.193;2018-09-28 13:58:05.321916;;;;
4633;2013.01.1.058207-0;TJDFT;1;;7;62;1248;f;0;;;777-000.876/2015;805;;2015-01-19 15:17:12.05;2016-10-06 21:34:28.518412;;;;
4641;10464/2014;GAB/PROMAI;12;;17;3;514;f;0;;;777-000.908/2015;1070;1;2015-01-19 19:18:30.66;2016-10-06 21:34:28.573213;;;;
4642;10378/2014;GAB/PROMAI;11;;4;3;514;f;0;;;777-000.909/2015;1070;1;2015-01-19 19:20:29.457;2016-10-06 21:34:28.579392;;;;
4644;0;CODHAB;37;;1;10;1375;t;0;;;100-000.006/2015;1375;2;2015-04-27 17:23:52.563;2016-10-06 21:34:28.595264;;;;
4650;816/2014;TJDFT;37;;16;3;514;f;0;;;777-000.939/2015;1070;1;2015-01-20 13:05:05.237;2016-10-06 21:34:28.635081;;;;
4651;102.173.608/2000;CODHAB;37;;16;1;521;f;0;;;777-000.940/2015;514;;2015-01-20 13:06:02.77;2016-10-06 21:34:28.645534;;;;
4652;102.030.440/1975;CODHAB;37;;16;1;521;f;0;;;777-000.941/2015;514;;2015-01-20 13:07:15.293;2016-10-06 21:34:28.655691;;;;
4654;102.072.124/1992;CODHAB;37;;16;1;521;f;0;;;777-000.943/2015;514;;2015-01-20 13:10:43.027;2016-10-06 21:34:28.672515;;;;
4655;125/2015;PROFIS;37;;16;3;514;f;0;;;777-000.944/2015;1070;1;2015-01-20 13:12:49.157;2016-10-06 21:34:28.679377;;;;
4656;102.050.091/1990;CODHAB;37;;16;1;521;f;0;;;777-000.946/2015;514;;2015-01-20 13:16:45.927;2016-10-06 21:34:28.689796;;;;
4657;001/2015;DPDF;37;;16;3;514;f;0;;;777-000.947/2015;1070;1;2015-01-20 13:16:48.393;2016-10-06 21:34:28.696879;;;;
4658;119/2015;GAB/PROMAI;37;;16;3;514;f;0;;;777-000.948/2015;1070;1;2015-01-20 13:20:19.103;2016-10-06 21:34:28.703682;;;;
4659;102.089.583/1992;CODHAB;37;;16;1;521;f;0;;;777-000.949/2015;514;;2015-01-20 13:20:43.873;2016-10-06 21:34:28.713678;;;;
4660;020.001.453/2013;CODHAB;37;;16;1;521;f;0;;;777-000.951/2015;514;;2015-01-20 13:21:47.6;2016-10-06 21:34:28.723368;;;;
4661;340.001.313/2006;CODHAB;37;;16;1;521;f;0;;;777-000.952/2015;514;;2015-01-20 13:22:59.907;2016-10-06 21:34:28.733343;;;;
4663;102.007.629/1985;CODHAB;37;;16;1;521;f;0;;;777-000.954/2015;514;;2015-01-20 13:25:27.06;2016-10-06 21:34:28.748598;;;;
4666;390.008.661/2008;CODHAB;37;;16;1;521;f;0;;;777-000.959/2015;514;;2015-01-20 13:31:48.577;2016-10-06 21:34:28.769476;;;;
5960;0708552-91.2017.8.07.0018;TJDFT;15;200000.0;7;;;t;1;;;;514;;2017-08-22 13:21:25.982943;2017-08-22 13:21:25.982943;f;;;
4635;033/2014;DPDF;37;;16;3;514;f;0;;;777-000.885/2015;1070;1;2015-01-19 16:36:30.21;2018-09-28 13:58:11.863574;;;;
4636;1256/2014;TJDFT;37;;17;3;514;f;0;;;777-000.889/2015;1070;1;2015-01-19 16:47:26.66;2018-09-28 13:58:18.21666;;;;
4637;882/2014;TJDFT;37;;17;3;514;f;0;;;777-000.896/2015;1070;1;2015-01-19 17:33:49.277;2018-09-28 13:58:23.983631;;;;
4638;424/2013;TJDFT;37;;17;3;514;f;0;;;777-000.899/2015;1070;1;2015-01-19 17:51:12.393;2018-09-28 13:58:32.13698;;;;
4639;4179/2014;GAB/PROMAI ;1;;7;3;514;f;0;;;777-000.903/2015;1070;1;2015-01-19 18:12:20.307;2018-09-28 13:58:38.247903;;;;
4640;7216/2014;GAB/PROMAI;1;;6;3;514;f;0;;;777-000.907/2015;1070;1;2015-01-19 19:10:29.743;2018-09-28 13:58:58.034212;;;;
4643;244/2014;MPF/PRE/EG;37;;16;3;514;f;0;;;777-000.910/2015;1070;1;2015-01-19 19:46:26.833;2018-09-28 13:59:04.455127;;;;
4645;10.037/2014;GAB/PROMAI;26;;7;3;514;f;0;;;777-000.917/2015;1070;1;2015-01-20 11:15:15.957;2018-09-28 13:59:11.418756;;;;
4646;137/2014;DPDF;37;;16;3;514;f;0;;;777-000.931/2015;1070;1;2015-01-20 12:38:59.067;2018-09-28 13:59:17.599019;;;;
4647;1385/2014;TJDFT;37;;17;3;514;f;0;;;777-000.934/2015;1070;1;2015-01-20 12:49:51.37;2018-09-28 13:59:26.0944;;;;
4648;1335/2014;TJDFT;9;;17;3;514;f;0;;;777-000.936/2015;1070;1;2015-01-20 12:55:01.28;2018-09-28 13:59:40.076619;;;;
4649;120/2015;PROFIS;37;;16;3;514;f;0;;;777-000.938/2015;1070;1;2015-01-20 13:01:53.76;2018-09-28 14:00:05.553639;;;;
4653;110/2015;PROFIS;37;;16;3;514;f;0;;;777-000.943/2015;1070;1;2015-01-20 13:10:43.03;2018-09-28 14:00:12.077091;;;;
4662;41/2015;GAB/PROMAI;26;;1;3;514;f;0;;;777-000.953/2015;1070;1;2015-01-20 13:23:06.43;2018-09-28 14:00:18.12738;;;;
4664;1329/2014;TJDFT;9;;17;3;514;f;0;;;777-000.955/2015;1070;1;2015-01-20 13:26:36.653;2018-09-28 14:00:26.7655;;;;
4665;506/2014;TJDFT;37;;17;3;514;f;0;;;777-000.957/2015;1070;1;2015-01-20 13:29:45.57;2018-09-28 14:00:32.438018;;;;
4667;260.018.357/2001;CODHAB;37;;16;1;521;f;0;;;777-000.960/2015;514;;2015-01-20 13:32:36.937;2016-10-06 21:34:28.778074;;;;
4668;2014.03.1.009982-8;TJDFT;9;;17;14;514;f;0;;;777-000.962/2015;805;3;2015-01-20 13:33:53.47;2016-10-06 21:34:28.787079;;;;
4670;392.008.367/2010;CODHAB;37;;16;1;521;f;0;;;777-000.964/2015;514;;2015-01-20 13:34:00.177;2016-10-06 21:34:28.8041;;;;
4671;390.000.748/2013;CODHAB;37;;16;1;521;f;0;;;777-000.965/2015;514;;2015-01-20 13:35:26.26;2016-10-06 21:34:28.813138;;;;
4672;102.160.595/1999;CODHAB;37;;16;1;521;f;0;;;777-000.966/2015;514;;2015-01-20 13:37:40.093;2016-10-06 21:34:28.821721;;;;
4679;1027/2014;DPDF;37;;16;3;514;f;0;;;777-000.984/2015;1070;1;2015-01-20 16:27:13.733;2016-10-06 21:34:28.879027;;;;
4681;0;CODHAB;37;;1;10;521;f;0;;;100-000.006/2015;1375;2;2015-04-23 19:29:31.83;2016-10-06 21:34:28.897411;;;;
4682;000975-18.2014.5.10.0005;Tribunal Regional do Trabalho;37;;17;62;805;f;0;;;777-001.003/2015;1070;;2015-01-20 18:37:07.09;2016-10-06 21:34:28.906404;;;;
4689;390-000.420/2007;TJDFT;16;;17;1;805;t;0;;;777-001.012/2015;1070;;2015-01-20 19:36:00.327;2016-10-06 21:34:28.967982;;;;
4697;3743/1991;TJDFT;37;;17;1;1006;f;0;;;777-001.020/2015;1070;;2015-01-20 20:04:04.513;2016-10-06 21:34:29.042508;;;;
4699;2013.10.1.007273-0;TJDFT;1;;16;62;1248;f;0;;;777-001.027/2015;1167;;2015-01-21 11:32:17.07;2016-10-06 21:34:29.060236;;;;
5961;0708629-03.2017.8.07.0018;TJDFT;14;180000.0;1;;;t;1;;;;514;;2017-08-25 17:22:22.862364;2017-08-25 17:22:22.862364;f;;;
6094;0700062-46.2018.8.07.0018;TJDFT;10;900000.0;7;;;t;1;;;;514;;2018-01-16 16:38:22.145805;2018-01-16 16:38:22.145805;;;;
6180;0701438-67.2018.8.07.0018;TJDFT;1;100000.0;6;;;t;1;;;;514;;2018-04-16 18:05:27.345681;2018-04-16 18:05:27.345681;;;;
4698;2013.01.1.036712-4;TJDFT;1;100000.0;7;62;1248;f;0;;;777-001.026/2015;1167;;2015-01-21 11:28:33.24;2018-08-24 17:10:18.837698;;;;
4675;32/2015;PROCAD;1;;17;3;514;f;0;;;777-000.970/2015;1070;1;2015-01-20 13:43:01.903;2018-09-28 14:01:01.079366;;;;
4676;121/2015;PROFIS;37;;17;3;514;f;0;;;777-000.971/2015;1070;1;2015-01-20 13:47:06.343;2018-09-28 14:01:08.474367;;;;
4677;1441/2014;TJDFT;37;;17;3;514;f;0;;;777-000.972/2015;1070;1;2015-01-20 13:49:44.857;2018-09-28 14:01:15.261955;;;;
4678;1411/2014;DPDF;37;;16;3;514;f;0;;;777-000.974/2015;1070;1;2015-01-20 13:55:25.42;2018-09-28 14:01:22.598811;;;;
4680;392.000.626/2011;CODHAB;37;;16;1;805;f;0;;;777-001.001/2015;514;;2015-01-20 17:56:30.81;2018-09-28 14:01:32.075177;;;;
4683;390.007.798/2008;TJDFT;16;;17;1;1252;f;0;;;777-001.005/2015;1070;;2015-01-20 19:06:12.21;2018-09-28 14:01:44.081583;;;;
4684;392.001.718/2008;TJDFT;16;;17;1;1252;f;0;;;777-001.007/2015;1070;;2015-01-20 19:09:07.26;2018-09-28 14:01:56.601183;;;;
4685;392.002.530/2011;TJDFT;16;;17;1;1252;f;0;;;777-001.008/2015;1070;;2015-01-20 19:11:38.86;2018-09-28 14:02:08.346677;;;;
4686;390.000.435/2007;TJDFT;16;;17;1;805;f;0;;;777-001.009/2015;1070;;2015-01-20 19:25:32.03;2018-09-28 14:02:20.634142;;;;
4687;390.000.434/2007;TJDFT;16;;17;1;805;f;0;;;777-001.010/2015;1070;;2015-01-20 19:28:48.797;2018-09-28 14:02:36.336065;;;;
4688;390-000.430/2007;TJDFT;16;;17;1;805;f;0;;;777-001.011/2015;1070;;2015-01-20 19:31:13.41;2018-09-28 14:02:53.573262;;;;
4690;390.000.437/2007;TJDFT;16;;17;1;805;f;0;;;777-001.013/2015;1070;;2015-01-20 19:39:17.717;2018-09-28 14:03:38.642175;;;;
4691;390.004.438/2007;TJDFT;16;;17;1;805;f;0;;;777-001.014/2015;1070;;2015-01-20 19:44:07.173;2018-09-28 14:08:15.952279;;;;
4692;102.000.590/1972;TJDFT;16;;17;1;1006;f;0;;;777-001.015/2015;1070;;2015-01-20 19:49:31.98;2018-09-28 14:08:37.490188;;;;
4693;390.006.912/2010;TJDFT;16;;17;1;1006;f;0;;;777-001.016/2015;1070;;2015-01-20 19:54:15.373;2018-09-28 14:08:50.348228;;;;
4694;390.000.440/2007;TJDFT;37;;17;1;1006;f;0;;;777-001.017/2015;1070;;2015-01-20 19:55:52.547;2018-09-28 14:09:05.300952;;;;
4695;392-038.373/2014;TJDFT;37;;17;1;1006;f;0;;;777-001.018/2015;1070;;2015-01-20 20:01:50.96;2018-09-28 14:09:49.977491;;;;
4696;392-044.006/2014;TJDFT;37;;17;1;1006;f;0;;;777-001.019/2015;1070;;2015-01-20 20:02:59.427;2018-09-28 14:10:09.553075;;;;
4700;2012.01.1.158609-8;TJDFT;1;;7;62;1248;f;0;;;777-001.028/2015;1167;;2015-01-21 11:33:26.91;2016-10-06 21:34:29.069539;;;;
4701;2013.01.1.084783-3;TJDFT;1;;7;62;1248;f;0;;;777-001.029/2015;1167;;2015-01-21 11:34:55.223;2016-10-06 21:34:29.078769;;;;
4702;2013.01.1.084797-9;TJDFT;1;;7;62;1248;f;0;;;777-001.030/2015;1167;;2015-01-21 11:35:54.817;2016-10-06 21:34:29.090117;;;;
4704;2012.01.1.179313-6;TJDFT;1;;7;62;1252;f;0;;;777-001.032/2015;1167;;2015-01-21 11:39:12.733;2016-10-06 21:34:29.107774;;;;
4705;2012.01.1.177572-6;TJDFT;14;;7;62;1252;f;0;;;777-001.033/2015;1167;;2015-01-21 11:40:08.377;2016-10-06 21:34:29.115875;;;;
4706;2012.01.1.146355-4;TJDFT;1;;7;62;1252;f;0;;;777-001.034/2015;1167;;2015-01-21 11:41:10.53;2016-10-06 21:34:29.12581;;;;
4708;2013.03.1.024617-3;TJDFT;37;;16;62;1252;f;0;;;777-001.036/2015;1167;;2015-01-21 11:44:52.143;2016-10-06 21:34:29.1448;;;;
4710;2004.01.1.053835-8;TJDFT;11;;7;62;1248;f;0;;;777-001.038/2015;1167;;2015-01-21 11:57:08.873;2016-10-06 21:34:29.162493;;;;
4711;2000.01.1.051175-4;TJDFT;37;;4;62;1248;f;0;;;777-001.040/2015;1167;;2015-01-21 12:00:32.827;2016-10-06 21:34:29.17269;;;;
4712;2013.01.1.001682-7;TJDFT;1;;2;62;1248;f;0;;;777-001.042/2015;1167;;2015-01-21 12:01:30.143;2016-10-06 21:34:29.181376;;;;
4714;2010.01.1.039737-4;TJDFT;37;;16;62;1248;f;0;;;777-001.044/2015;1167;;2015-01-21 12:03:54.413;2016-10-06 21:34:29.200469;;;;
4717;2012.01.1.197098-5;TJDFT;1;;1;62;805;f;0;;;777-001.047/2015;1167;;2015-01-21 12:08:01.143;2016-10-06 21:34:29.231697;;;;
4719;2008.01.1.151726-3;TJDFT;10;;6;62;1252;f;0;;;777-001.049/2015;1167;;2015-01-21 12:11:55.707;2016-10-06 21:34:29.254159;;;;
4720;2012.01.1.196003-5;TJDFT;37;;11;62;1252;f;0;;;777-001.050/2015;1167;;2015-01-21 12:13:05.687;2016-10-06 21:34:29.26696;;;;
4722;2013.01.1.139481-5;TJDFT;1;;1;62;1252;f;0;;;777-001.053/2015;1167;;2015-01-21 12:15:07.353;2016-10-06 21:34:29.289577;;;;
4723;073.007.584/1986;TERRACAP;37;;16;1;521;f;0;;;777-001.062/2015;514;;2015-01-21 12:51:49.783;2016-10-06 21:34:29.300681;;;;
4724;111.005.873/1992;TERRACAP;37;;16;1;521;f;0;;;777-001.063/2015;514;;2015-01-21 12:52:59.36;2016-10-06 21:34:29.314194;;;;
4725;073.624.735/1977;TERRACAP;37;;16;1;521;f;0;;;777-001.064/2015;514;;2015-01-21 12:53:50.077;2016-10-06 21:34:29.325731;;;;
4726;111.000.452/1998;TERRACAP;37;;16;1;521;f;0;;;777-001.065/2015;514;;2015-01-21 12:54:50.557;2016-10-06 21:34:29.336465;;;;
4727;111.005.876/1992;TERRACAP;37;;16;1;521;f;0;;;777-001.068/2015;514;;2015-01-21 12:56:22.41;2016-10-06 21:34:29.34791;;;;
4728;305.000.005/2015;DIPRO;37;;16;4;521;f;0;;;777-001.069/2015;514;;2015-01-21 12:57:34.513;2016-10-06 21:34:29.358653;;;;
4729;440.000.009/2015;GEPES;37;;16;4;521;f;0;;;777-001.070/2015;514;;2015-01-21 12:58:46.96;2016-10-06 21:34:29.370546;;;;
4731;2015.01.1.003949-7;TJDFT;37;;1;14;1006;f;0;;;777-001.077/2015;1070;3;2015-01-21 14:15:33.047;2016-10-06 21:34:29.392863;;;;
4703;2014.01.1.120298-7;TJDFT;27;1000.0;8;62;1252;f;0;;;777-001.031/2015;1167;;2015-01-21 11:37:40.723;2018-08-24 17:10:44.117022;;;;
4707;2013.01.1.088221-2;TJDFT;1;100000.0;7;62;1252;f;0;;;777-001.035/2015;1167;;2015-01-21 11:42:09.123;2018-08-24 17:20:54.147252;;;;
4709;2013.01.1.017702-2;TJDFT;1;80000.0;7;62;1248;f;0;;;777-001.037/2015;1167;;2015-01-21 11:54:58.783;2018-08-24 17:24:25.319921;;;;
4713;2012.01.1.049251-6;TJDFT;1;270000.0;1;62;1248;f;0;;;777-001.043/2015;1167;;2015-01-21 12:02:45.617;2018-08-24 17:24:52.98451;;;;
4716;2011.01.1.230343-6;TJDFT;37;12000.0;12;62;1006;f;0;;;777-001.046/2015;1167;;2015-01-21 12:06:47.667;2018-08-24 17:25:41.405563;;;;
4718;2013.01.1.136003-9;TJDFT;1;50000.0;7;62;1252;f;0;;;777-001.048/2015;1167;;2015-01-21 12:09:00.173;2018-08-24 17:26:25.496872;;;;
4732;814/2014;TJDFT;37;;17;3;514;f;0;;;777-001.083/2015;1070;1;2015-01-21 16:53:31.75;2018-09-28 14:11:11.70816;;;;
4733;130/2015;PROFIS;37;;17;3;514;f;0;;;777-001.085/2015;1070;1;2015-01-21 16:58:10.537;2018-09-28 14:11:24.994945;;;;
4721;2014.01.1.025023-2;TJDFT;37;100000.0;11;62;1252;t;0;;;777-001.052/2015;1167;;2015-01-21 12:14:13.843;2018-09-28 14:17:00.897542;;;;
4736;392.020.521/2012;DIRAD;37;;16;1;521;f;0;;;777-001.091/2015;514;;2015-01-21 17:40:37.857;2016-10-06 21:34:29.439305;;;;
4739;45/2015;PCDF;37;;16;3;514;f;0;;;777-001.113/2015;1070;1;2015-01-22 13:00:31.793;2016-10-06 21:34:29.469176;;;;
4740;038/2015;TJDFT;37;;16;3;514;f;0;;;777-001.114/2015;1070;1;2015-01-22 13:03:31.943;2016-10-06 21:34:29.477695;;;;
4741;2013.01.1.162387-7;TJDFT;35;;9;62;805;f;0;;;777-001.141/2015;1070;;2015-01-22 18:04:44.367;2016-10-06 21:34:29.488509;;;;
4744;2013.01.1.148982-7;TJDFT;1;;2;62;1252;f;0;;;777-001.145/2015;1070;;2015-01-22 18:07:01.197;2016-10-06 21:34:29.515638;;;;
4745;2010.01.1.216431-9;TJDFT;15;;8;62;1252;f;0;;;777-001.146/2015;1070;;2015-01-22 18:08:52.627;2016-10-06 21:34:29.524862;;;;
4749;2012.01.1.162963-7;TJDFT;1;;7;62;1248;f;0;;;777-001.151/2015;1070;;2015-01-22 18:14:21.353;2016-10-06 21:34:29.563732;;;;
4751;2013.01.1.024722-8;TJDFT;1;;15;62;1248;f;0;;;777-001.153/2015;1070;;2015-01-22 18:16:51.377;2016-10-06 21:34:29.582755;;;;
4752;2013.01.1.133831-4;TJDFT;1;;7;62;1006;f;0;;;777-001.156/2015;1070;;2015-01-22 18:32:00.8;2016-10-06 21:34:29.592975;;;;
4755;2013.01.1.180639-0;TJDFT;6;;3;62;1006;f;0;;;777-001.159/2015;1070;;2015-01-22 18:36:35.627;2016-10-06 21:34:29.627828;;;;
4757;2013.01.1.045986-8;TJDFT;9;;7;62;1006;f;0;;;777-001.161/2015;1070;;2015-01-22 18:39:14.577;2016-10-06 21:34:29.650278;;;;
4758;2012.01.1.189586-4;TJDFT;16;;4;62;1006;f;0;;;777-001.162/2015;1070;;2015-01-22 18:40:21.873;2016-10-06 21:34:29.66105;;;;
4759;2012.01.1.197449-8;TJDFT;9;;3;62;1006;f;0;;;777-001.163/2015;1070;;2015-01-22 18:41:17.8;2016-10-06 21:34:29.669799;;;;
4762;392-000515/2011;CODHAB;37;;16;1;521;f;0;;;777-001.180/2015;1070;;2015-01-23 13:12:03.15;2016-10-06 21:34:29.696661;;;;
4763;392-020521/2012;CODHAB;37;;16;1;521;f;0;;;777-001.181/2015;1070;;2015-01-23 13:13:01.963;2016-10-06 21:34:29.705097;;;;
4765;Jan-15;DPDF;37;;16;3;514;f;0;;;777-001.185/2015;1070;1;2015-01-23 13:34:15.413;2016-10-06 21:34:29.71737;;;;
4747;2013.01.1.124947-2;TJDFT;1;50000.0;6;62;1248;f;0;;;777-001.148/2015;1070;;2015-01-22 18:11:10.737;2018-08-24 17:33:57.403707;;;;
4753;1999.01.1.037548-4;TJDFT;11;2297.73;4;62;1006;f;0;;;777-001.157/2015;1070;;2015-01-22 18:34:00.187;2018-08-24 17:34:49.0453;;;;
4754;2011.01.1.038965-8;TJDFT;1;143000.0;3;62;1006;f;0;;;777-001.158/2015;1070;;2015-01-22 18:34:50.123;2018-08-24 17:37:33.092777;;;;
4756;2012.01.1.153973-5;TJDFT;1;120000.0;1;62;1006;f;0;;;777-001.160/2015;1070;;2015-01-22 18:38:15.403;2018-08-24 17:38:08.609008;;;;
4760;2014.01.1.178943-7;TJDFT;9;1000.0;2;62;1006;f;0;;;777-001.165/2015;1070;;2015-01-22 18:42:59.577;2018-08-24 17:38:31.527424;;;;
4734;029/2015;DPDF;37;;16;3;514;f;0;;;777-001.086/2015;1070;1;2015-01-21 17:01:29.72;2018-09-28 14:11:32.507139;;;;
4735;725/2014;TJDFT;37;;8;3;514;f;0;;;777-001.087/2015;1070;1;2015-01-21 17:03:40.353;2018-09-28 14:11:42.110348;;;;
4737;392.001.718/2011;TJDFT;16;;17;1;1252;f;0;;;777-001.106/2015;1070;;2015-01-22 12:03:03.517;2018-09-28 14:12:18.196559;;;;
4738;68/2015;MPDFT;37;;16;3;514;f;0;;;777-001.112/2015;1070;1;2015-01-22 12:57:42.097;2018-09-28 14:12:27.457345;;;;
4742;777.000.869/2015;CODHAB;37;;16;26;514;f;0;;;777-001.143/2015;514;;2015-01-22 18:05:47.29;2018-09-28 14:14:09.110311;;;;
4743;777.000.868/2015;CODHAB;37;;16;26;514;f;0;;;777-001.144/2015;514;;2015-01-22 18:06:38.537;2018-09-28 14:14:22.059515;;;;
4764;24/2015;MPDFT;37;;16;3;514;f;0;;;777-001.182/2015;1070;1;2015-01-23 13:26:11.203;2018-09-28 14:14:32.93743;;;;
4766;308/2015;TJDFT/ SCEM;37;;16;3;514;f;0;;;777-001.186/2015;1070;1;2015-01-23 13:41:34.463;2018-09-28 14:14:40.288635;;;;
4767;55/2015;MPDFT;37;;16;3;514;f;0;;;777-001.188/2015;1070;1;2015-01-23 13:45:13.923;2018-09-28 14:19:39.139323;;;;
4769;Jan-15;DPDF;37;;16;3;514;f;0;;;777-001.191/2015;1070;1;2015-01-23 14:07:44.033;2016-10-06 21:34:29.744817;;;;
4774;2012.01.1.115944-3;TJDFT;1;;2;62;1252;f;0;;;777-001.208/2015;1070;;2015-01-23 17:04:32.267;2016-10-06 21:34:29.793582;;;;
4775;2014.01.1.163270-3;TJDFT;37;;3;62;1006;f;0;;;777-001.209/2015;1070;;2015-01-23 17:06:22.403;2016-10-06 21:34:29.802574;;;;
4776;3598/90;TJDFT;11;;4;62;1252;f;0;;;777-001.210/2015;1070;;2015-01-23 17:07:57.517;2016-10-06 21:34:29.810798;;;;
4777;2004.01.1.119129-8;TJDFT;37;;4;62;1006;f;0;;;777-001.211/2015;1070;;2015-01-23 17:09:06.313;2016-10-06 21:34:29.820089;;;;
4780;392-002102/2015;CODHAB;37;;16;1;521;f;0;;;777-001.218/2015;1070;;2015-01-23 19:28:27.173;2016-10-06 21:34:29.847226;;;;
4781;2011.01.1.169938-9;TJDFT;14;;14;62;1006;f;0;;;777-001.225/2015;1070;;2015-01-26 11:28:18.96;2016-10-06 21:34:29.856543;;;;
4783;2014.01.1.060222-0;TJDFT;9;;4;62;514;f;0;;;777-001.243/2015;1070;;2015-01-26 17:15:38.48;2016-10-06 21:34:29.876286;;;;
4784;2013.01.1.003821-5;TJDFT;39;;12;62;805;f;0;;;777-001.244/2015;1070;;2015-01-26 17:16:43.737;2016-10-06 21:34:29.886032;;;;
4785;2013.01.1.162349-0;TJDFT;1;;3;62;805;f;0;;;777-001.245/2015;1070;;2015-01-26 17:17:40.303;2016-10-06 21:34:29.896005;;;;
4786;2012.01.1.197934-0;TJDFT;41;;16;62;805;f;0;;;777-001.246/2015;1070;;2015-01-26 17:19:08.397;2016-10-06 21:34:29.906633;;;;
4787;2014.01.1.091772-3;TJDFT;9;;8;62;1248;f;0;;;777-001.248/2015;1070;;2015-01-26 17:21:37.19;2016-10-06 21:34:29.917966;;;;
4788;2010.01.1.175784-6;TJDFT;6;;3;62;1248;f;0;;;777-001.249/2015;1070;;2015-01-26 17:22:44.41;2016-10-06 21:34:29.927983;;;;
4790;2013.01.1.056851-9;TJDFT;6;;6;62;1252;f;0;;;777-001.252/2015;1070;;2015-01-26 17:31:54.177;2016-10-06 21:34:29.953261;;;;
4791;036/2015;TJDFT;37;;17;3;514;f;0;;;777-001.274/2015;1070;1;2015-01-27 12:54:30.183;2016-10-06 21:34:29.95995;;;;
4792;036/2015;DPDF;37;;16;3;514;f;0;;;777-001.275/2015;1070;1;2015-01-27 12:57:19.443;2016-10-06 21:34:29.9666;;;;
4795;126/2015;PROFIS;37;;17;3;514;f;0;;;777-001.280/2015;1070;1;2015-01-27 13:08:42.21;2016-10-06 21:34:29.988103;;;;
4798;172/2015;PROFIS;37;;16;3;514;f;0;;;777-001.284/2015;1070;1;2015-01-27 13:19:23.433;2016-10-06 21:34:30.008909;;;;
4800;92/2014;DPDF;37;;16;3;514;f;0;;;777-001.286/2015;1070;1;2015-01-27 13:24:03.033;2016-10-06 21:34:30.025234;;;;
4772;2013.01.1.083315-5;TJDFT;1;80000.0;14;62;1006;f;0;;;777-001.206/2015;1070;;2015-01-23 16:59:19.22;2018-06-26 15:07:59.116901;;;;
4770;2013.01.1.188372-7;TJDFT;1;150156.67;12;62;1248;f;0;;;777-001.203/2015;1070;;2015-01-23 16:56:51.927;2018-08-24 17:38:57.925089;;;;
4771;2011.01.1.16938-9;TJDFT;14;6000.0;14;62;1006;f;0;;;777-001.204/2015;1070;;2015-01-23 16:57:47.103;2018-08-24 17:39:25.808152;;;;
4773;2014.01.1.110026-7;TJDFT;37;50000.0;1;62;805;f;0;;;777-001.207/2015;1070;;2015-01-23 17:00:31.45;2018-08-24 17:40:25.136907;;;;
4778;2013.01.1.144568-5;TJDFT;1;80000.0;7;62;1252;f;0;;;777-001.212/2015;1070;;2015-01-23 17:10:47.717;2018-08-24 17:40:56.251539;;;;
4779;1999.01.1.084378-6;TJDFT;11;34201.64;8;62;1248;f;0;;;777-001.213/2015;1070;;2015-01-23 17:12:33.78;2018-08-24 17:41:25.215066;;;;
4801;2012.01.1.035971-7;TJDFT;41;100.0;16;62;805;t;0;;;777-001.306/2015;1070;;2015-01-27 17:31:03.387;2018-08-24 17:41:58.923315;;;;
4768;687/2014;TJDFT;37;;16;3;514;f;0;;;777-001.190/2015;1070;1;2015-01-23 13:53:35.937;2018-09-28 14:19:56.445347;;;;
4793;099/2015;PROFIS;37;;16;3;514;f;0;;;777-001.277/2015;1070;1;2015-01-27 12:59:32.51;2018-09-28 14:25:05.235841;;;;
4794;174/2015;DIGES/SPU;37;;16;3;514;f;0;;;777-001.278/2015;1070;1;2015-01-27 13:02:39.353;2018-09-28 14:25:11.52421;;;;
4796;050/2015;TJDFT;37;;17;3;514;f;0;;;777-001.281/2015;1070;1;2015-01-27 13:11:12.237;2018-09-28 14:25:17.462634;;;;
4797;299/2015;GAB/PROMAI;37;;17;3;514;f;0;;;777-001.282/2015;1070;1;2015-01-27 13:13:50.763;2018-09-28 14:25:31.577611;;;;
4799;045/2015;TJDFT;37;;17;3;514;f;0;;;777-001.285/2015;1070;1;2015-01-27 13:21:42.227;2018-09-28 14:25:38.00212;;;;
4789;2013.01.1.144560-3;TJDFT;1;;14;62;1006;f;0;;;777-001.250/2015;1070;;2015-01-26 17:28:58.38;2018-09-28 19:03:22.27383;;;;
4802;2014.01.1.012373-7;TJDFT;9;;12;62;1252;f;0;;;777-001.307/2015;1070;;2015-01-27 17:32:46.567;2016-10-06 21:34:30.04281;;;;
4804;2000.01.1.024742-0;TJDFT;6;;1;62;1248;f;0;;;777-001.309/2015;1070;;2015-01-27 17:37:57.567;2016-10-06 21:34:30.062108;;;;
4805;2014.01.1.006090-0;TJDFT;37;;3;62;1006;f;0;;;777-001.310/2015;1070;;2015-01-27 17:39:30.56;2016-10-06 21:34:30.071208;;;;
4806;51053/96;TJDFT;6;;3;62;1248;f;0;;;777-001.312/2015;1070;;2015-01-27 17:44:14.09;2016-10-06 21:34:30.08078;;;;
4807;2013.01.1.025372-4;TJDFT;37;;4;62;1252;f;0;;;777-001.314/2015;1070;;2015-01-27 17:45:48.877;2016-10-06 21:34:30.089566;;;;
4808;2013.01.1.088199-9;TJDFT;1;;5;62;1248;f;0;;;777-001.315/2015;1070;;2015-01-27 17:46:55.257;2016-10-06 21:34:30.098714;;;;
4816;001/2015;DPDF;37;;16;3;514;f;0;;;777-001.325/2015;514;1;2015-01-27 19:40:42.353;2016-10-06 21:34:30.173578;;;;
4817;8577/2014;GAB/PROMAI;1;;1;3;514;f;0;;;777-001.327/2015;514;1;2015-01-28 10:37:08.81;2016-10-06 21:34:30.180474;;;;
4819;0706852-91.2014.8.07.0016;TJDFT;37;;17;62;1006;f;0;;;777-001.355/2015;1070;;2015-01-28 17:56:03.82;2016-10-06 21:34:30.196824;;;;
4824;2013.01.1.186624-3;TJDFT;37;;6;62;805;f;0;;;777-001.363/2015;1070;;2015-01-28 18:20:06.45;2016-10-06 21:34:30.243201;;;;
4825;2014.01.1.052804-8;TJDFT;37;;7;62;1252;f;0;;;777-001.364/2015;1070;;2015-01-28 18:21:16.82;2016-10-06 21:34:30.25272;;;;
4826;2012.01.1.187896-7;TJDFT;1;;4;62;1252;f;0;;;777-001.367/2015;1070;;2015-01-28 18:49:24.687;2016-10-06 21:34:30.261386;;;;
4827;2014.01.1.154825-6;TJDFT;37;;4;62;1006;f;0;;;777-001.368/2015;1070;;2015-01-28 18:51:45.46;2016-10-06 21:34:30.270071;;;;
4829;777.001.176/2015;CODHAB/DF;37;;16;26;514;f;0;;;777-001.370/2015;1070;;2015-01-29 10:08:58.103;2016-10-06 21:34:30.286326;;;;
4832;Jan-15;DPDF;37;;16;3;514;f;0;;;777-001.373/2015;1070;1;2015-01-29 10:23:44.28;2016-10-06 21:34:30.307039;;;;
4834;47/2015;PRODEP/MPDFT;37;;16;3;514;f;0;;;777-001.398/2015;1070;1;2015-01-29 16:34:09.91;2016-10-06 21:34:30.320822;;;;
5033;2013.01.1.075168-3;TJDFT;1;;3;34;1248;f;0;;;777-001.794/2015;521;;2015-02-13 16:09:01.383;2016-10-06 21:34:32.079351;;;;
4809;2014.01.1.019918-0;TJDFT;9;100000.0;5;62;1252;f;0;;;777-001.316/2015;1070;;2015-01-27 17:48:49.12;2018-08-24 17:43:04.435742;;;;
4811;2013.01.1.003822-3;TJDFT;1;120000.0;8;62;805;f;0;;;777-001.318/2015;1070;;2015-01-27 17:52:35.807;2018-08-24 17:43:27.440232;;;;
4820;2013.01.1.162312-9;TJDFT;1;80000.0;1;62;1248;f;0;;;777-001.356/2015;1070;;2015-01-28 17:59:24.483;2018-08-24 17:44:04.463111;;;;
4821;2008.01.1.094576-6;TJDFT;1;23000.0;1;62;1252;f;0;;;777-001.357/2015;1070;;2015-01-28 18:00:50.313;2018-08-24 17:44:34.981529;;;;
4822;2013.01.1.056391-5;TJDFT;1;50000.0;2;62;1248;f;0;;;777-001.358/2015;1070;;2015-01-28 18:06:00.147;2018-08-24 17:58:15.005711;;;;
4831;185/2015;GAB/PROMAI;35;;4;3;514;f;0;;;777-001.372/2015;1070;1;2015-01-29 10:17:15.73;2018-09-28 14:15:18.421795;;;;
4833;61/2015;TJDFT;37;;17;3;514;f;0;;;777-001.374/2015;1070;1;2015-01-29 10:28:44.237;2018-09-28 14:15:53.767022;;;;
4813;58/2015;MPDFT;37;;16;3;514;f;0;;;777-001.320/2015;514;1;2015-01-27 18:09:36.22;2018-09-28 14:25:46.773161;;;;
4814;390-001.943/2007;seduh;37;;16;1;1248;f;0;;;777-001.323/2015;521;;2015-01-27 19:25:26.567;2018-09-28 14:26:09.653286;;;;
4815;300.000.061/2015;DIMOB;37;;16;4;1252;f;0;;;777-001.324/2015;521;;2015-01-27 19:29:33.237;2018-09-28 14:27:43.616721;;;;
4818;1249/2014;TJDFT;37;;17;3;514;f;0;;;777-001.328/2015;514;1;2015-01-28 10:40:20.127;2018-09-28 14:27:53.638505;;;;
4828;70/2015;PRODEP/MPDFT;37;;16;3;514;f;0;;;777-001.369/2015;1070;1;2015-01-29 10:02:19.503;2018-09-28 14:28:00.970953;;;;
4830;318/2015;GAB/PROMAI;1;;5;3;514;f;0;;;777-001.371/2015;1070;1;2015-01-29 10:13:21.65;2018-09-28 14:28:10.099655;;;;
4812;0001426-44.2013.5.10.0016;Tribunal Regional do Trabalho;37;;17;62;1006;f;0;;;777-001.319/2015;1070;;2015-01-27 18:03:05.317;2018-10-02 12:47:13.867813;;;;
4823;0036966-48.2014.8.07.0018;TJDFT;36;1000.0;3;62;1248;t;0;;;777-001.359/2015;1070;;2015-01-28 18:11:06.453;2019-01-24 13:18:24.994721;;;;
4836;abr/15;TJDFT;37;;17;3;514;f;0;;;777-001.400/2015;1070;1;2015-01-29 16:39:49.587;2016-10-06 21:34:30.335449;;;;
4837;mai/15;DPDF;37;;16;3;514;f;0;;;777-001.402/2015;1070;1;2015-01-29 16:43:15.693;2016-10-06 21:34:30.342547;;;;
4839;0;CODHAB;37;;1;34;521;f;0;;;392-003.534/2015;1375;2;2015-04-15 15:04:53.043;2016-10-06 21:34:30.358;;;;
4840;392-041521/2013;CODHAB;37;;16;8;521;f;0;;;777-001.411/2015;521;;2015-01-29 18:50:08.377;2016-10-06 21:34:30.368857;;;;
4843;2012.01.1.177572-6;TJDFT;14;;7;62;1006;f;0;;;777-001.416/2015;1070;;2015-01-29 19:37:28.143;2016-10-06 21:34:30.396698;;;;
4844;2000.01.1.054895-2;TJDFT;11;;7;62;1248;f;0;;;777-001.417/2015;1070;;2015-01-29 19:38:36.003;2016-10-06 21:34:30.405992;;;;
4850;0700692-16.2015.8.07.0016;TJDFT;37;;17;20;1248;f;0;;;777-001.438/2015;1070;3;2015-01-30 17:57:35.207;2016-10-06 21:34:30.457608;;;;
4851;2012.01.1.195991-8;TJDFT;1;;3;62;1248;f;0;;;777-001.440/2015;1070;;2015-01-30 18:31:21.74;2016-10-06 21:34:30.466818;;;;
4852;2011.01.1.093116-9;TJDFT;6;;3;62;1006;f;0;;;777-001.441/2015;1070;;2015-01-30 18:32:57.947;2016-10-06 21:34:30.476293;;;;
4853;307/2015;PROCAD;1;;17;3;514;f;0;;;777-001.445/2015;514;1;2015-02-02 11:52:48.537;2016-10-06 21:34:30.483372;;;;
4857;117/2015;PROFIS;37;;16;3;514;f;0;;;777-001.450/2015;1070;1;2015-02-02 12:12:22.71;2016-10-06 21:34:30.509197;;;;
4859;123/2015;PROFIS;37;;16;3;514;f;0;;;777-001.452/2015;1070;1;2015-02-02 12:17:32.933;2016-10-06 21:34:30.52246;;;;
4861;116/2015;PROFIS;37;;16;3;514;t;0;;;777-001.454/2015;1070;1;2015-02-02 12:22:03.58;2016-10-06 21:34:30.535296;;;;
4863;2014.01.1.161342-3;TJDFT;9;;2;62;1252;f;0;;;777-001.475/2015;1070;;2015-02-02 19:22:41.857;2016-10-06 21:34:30.551861;;;;
4864;1999.01.1.062045-0;TJDFT;6;;2;62;1252;f;0;;;777-001.476/2015;1070;;2015-02-02 19:23:43.15;2016-10-06 21:34:30.562187;;;;
4865;2008.03.1.021286-0;TJDFT;37;;17;62;1248;f;0;;;777-001.477/2015;1070;;2015-02-02 19:26:04.3;2016-10-06 21:34:30.571502;;;;
4866;2014.01.1.012373-7;TJDFT;43;;12;62;1252;f;0;;;777-001.478/2015;1070;;2015-02-02 19:27:45.327;2016-10-06 21:34:30.580682;;;;
4867;0706852-91.2014.8.07.0016;TJDFT;37;;17;62;1006;f;0;;;777-001.479/2015;1070;;2015-02-02 19:29:03.39;2016-10-06 21:34:30.589928;;;;
5034;2012.01.1.168390-7;TJDFT;1;;4;34;1248;f;0;;;777-001.795/2015;521;;2015-02-13 16:10:36.42;2016-10-06 21:34:32.088091;;;;
4845;2013.01.1.019800-2;TJDFT;26;2250000.0;5;62;1248;f;0;;;777-001.418/2015;1070;;2015-01-29 19:39:32.133;2018-08-24 18:00:22.600354;;;;
4847;2014.01.1.085687-9;TJDFT;9;150000.0;5;62;1252;f;0;;;777-001.420/2015;1070;;2015-01-29 19:41:15.937;2018-08-24 18:02:26.874214;;;;
4835;065/2015;TJDFT;37;;17;3;514;f;0;;;777-001.399/2015;1070;1;2015-01-29 16:36:49.483;2018-09-28 14:16:30.622924;;;;
4848;2014.01.1.187552-9;TJDFT;9;724.0;2;62;1248;f;0;;;777-001.421/2015;1070;;2015-01-29 19:42:28.1;2018-08-24 18:03:13.944556;;;;
4838;Mar-15;DPDF;37;;16;3;514;f;0;;;777-001.403/2015;1070;1;2015-01-29 16:48:59.487;2018-09-28 14:17:06.100585;;;;
4842;2012.01.1.181434-8;TJDFT;1;80000.0;7;62;1006;t;0;;;777-001.415/2015;1070;;2015-01-29 19:36:35.537;2018-09-28 14:19:09.458374;;;;
4849;017/2015;DPDF;37;;16;3;514;f;0;;;777-001.424/2015;514;1;2015-01-30 11:19:40.69;2018-09-28 14:20:29.23875;;;;
4854;056/2015;DPDF;37;;16;3;514;f;0;;;777-001.446/2015;1070;1;2015-02-02 12:00:24.717;2018-09-28 14:21:00.063672;;;;
4855;040/2015;DPDF;37;;16;3;514;f;0;;;777-001.448/2015;1070;1;2015-02-02 12:08:02.217;2018-09-28 14:21:32.875228;;;;
4856;122/2015;PROFIS;37;;16;3;514;f;0;;;777-001.449/2015;1070;1;2015-02-02 12:10:09.423;2018-09-28 14:21:52.824257;;;;
4858;038/2015;TJDFT;37;;17;3;514;f;0;;;777-001.451/2015;1070;1;2015-02-02 12:14:25.25;2018-09-28 14:22:25.449063;;;;
4860;058/2015;DPDF;37;;16;3;514;f;0;;;777-001.453/2015;1070;1;2015-02-02 12:19:41.837;2018-09-28 14:22:50.117692;;;;
4862;39/2015;TJDFT;37;;16;3;514;f;0;;;777-001.455/2015;1070;1;2015-02-02 12:24:27.31;2018-09-28 14:23:21.557871;;;;
4869;2013.01.1.175738-3;TJDFT;37;;9;62;805;f;0;;;777-001.481/2015;1070;;2015-02-02 19:31:08.673;2016-10-06 21:34:30.609365;;;;
4870;2013.01.1.162387-7;TJDFT;35;;9;62;805;f;0;;;777-001.482/2015;1070;;2015-02-02 19:32:26.067;2016-10-06 21:34:30.619712;;;;
4871;2012.01.1.026450-4;TJDFT;9;;4;62;805;f;0;;;777-001.483/2015;1070;;2015-02-02 19:33:16.347;2016-10-06 21:34:30.62941;;;;
4872;2012.01.1.187885-4;TJDFT;1;;2;62;805;f;0;;;777-001.484/2015;1070;;2015-02-02 19:34:19.073;2016-10-06 21:34:30.638978;;;;
4873;2014.01.1.196087-6;TJDFT;37;;6;14;1252;f;0;;;777-001.493/2015;1070;3;2015-02-03 12:33:07.287;2016-10-06 21:34:30.648953;;;;
4874;2014.01.1.056829-3;TJDFT;9;;7;14;1248;f;0;;;777-001.494/2015;1070;3;2015-02-03 12:34:25.553;2016-10-06 21:34:30.658559;;;;
4875;2013.01.1.162349-0;TJDFT;39;;13;8;805;f;0;;;777-001.505/2015;521;;2015-02-03 15:48:24.98;2016-10-06 21:34:30.667467;;;;
4876;2015.00.2.001556-6;TJDFT;38;;15;8;1006;f;0;;;777-001.506/2015;521;;2015-02-03 15:50:31.557;2016-10-06 21:34:30.677039;;;;
4879;2011.01.1.180365-0;TJDFT;42;;16;8;1006;f;0;;;777-001.510/2015;521;;2015-02-03 15:56:30.5;2016-10-06 21:34:30.704799;;;;
4882;2012.01.1.156141-9;TJDFT;1;;11;8;1006;f;0;;;777-001.514/2015;521;;2015-02-03 16:01:09.587;2016-10-06 21:34:30.73315;;;;
4883;2012.01.1.171564-9;TJDFT;1;;11;8;1006;f;0;;;777-001.515/2015;521;;2015-02-03 16:02:34.67;2016-10-06 21:34:30.742787;;;;
4885;2012.01.1.178358-6;TJDFT;1;;12;8;1248;f;0;;;777-001.517/2015;521;;2015-02-03 16:04:59.937;2016-10-06 21:34:30.76172;;;;
4887;2014.01.1.012373-7;TJDFT;43;;12;8;1252;f;0;;;777-001.519/2015;521;;2015-02-03 16:08:10.807;2016-10-06 21:34:30.780703;;;;
4888;2012.01.1.136715-6;TJDFT;1;;12;8;1252;f;0;;;777-001.520/2015;521;;2015-02-03 16:13:53.913;2016-10-06 21:34:30.789936;;;;
4889;2014.01.1.189783-3;TJDFT;9;;15;8;805;f;0;;;777-001.521/2015;521;;2015-02-03 16:15:30.757;2016-10-06 21:34:30.79986;;;;
4890;2011.01.1.054169-6;TJDFT;39;;15;8;1006;f;0;;;777-001.522/2015;521;;2015-02-03 16:16:41.487;2016-10-06 21:34:30.80913;;;;
4891;0706852-91.2014.8.07.0016;TJDFT;43;;17;8;1252;f;0;;;777-001.523/2015;521;;2015-02-03 16:18:37.257;2016-10-06 21:34:30.818468;;;;
4896;1999.01.1.062045-0;TJDFT;6;;2;8;1252;f;0;;;777-001.528/2015;521;;2015-02-03 16:24:22.283;2016-10-06 21:34:30.866103;;;;
4897;2012.01.1.026450-4;TJDFT;9;;4;8;805;f;0;;;777-001.529/2015;521;;2015-02-03 16:25:32.047;2016-10-06 21:34:30.874844;;;;
4877;2010.01.1.213831-9;TJDFT;39;40000.0;14;8;805;f;0;;;777-001.507/2015;521;;2015-02-03 15:52:28.013;2018-06-25 15:40:22.74206;;;;
4878;2008.03.1.021286-0;TJDFT;42;19498.65;16;8;1248;f;0;;;777-001.509/2015;521;;2015-02-03 15:54:55.137;2018-06-25 15:43:33.331252;;;;
4880;2013.01.1.058179-2;TJDFT;42;50304.97;16;8;1006;f;0;;;777-001.512/2015;521;;2015-02-03 15:57:57.3;2018-06-25 15:44:15.617467;;;;
4881;2014.01.1.154825-6;TJDFT;42;100000.0;10;8;1006;f;0;;;777-001.513/2015;521;;2015-02-03 15:59:32.057;2018-06-25 15:45:52.191325;;;;
4894;2014.01.1.161342-3;TJDFT;9;100000.0;2;8;1252;f;0;;;777-001.526/2015;521;;2015-02-03 16:21:43.397;2018-06-25 15:48:36.833229;;;;
4884;2013.01.1.014571-3;TJDFT;1;120000.0;11;8;805;f;0;;;777-001.516/2015;521;;2015-02-03 16:03:48.6;2018-06-25 15:49:05.820995;;;;
4895;2012.01.1.187885-4;TJDFT;1;100000.0;2;8;805;f;0;;;777-001.527/2015;521;;2015-02-03 16:23:02.147;2018-06-25 16:00:08.74124;;;;
4898;2012.01.1.190647-2;TJDFT;37;1629.28;4;8;1248;t;0;;;777-001.530/2015;521;;2015-02-03 16:28:46.783;2018-08-24 18:14:01.92281;;;;
4892;0706852-91.2014.8.07.0016;TJDFT;43;;17;8;1252;f;0;;;777-001.524/2015;521;;2015-02-03 16:18:37.6;2018-09-28 14:24:32.443319;;;;
4893;2013.01.1187492-0;TJDFT;37;27120.0;1;8;805;f;0;;;777-001.525/2015;521;;2015-02-03 16:20:29.953;2018-09-28 18:22:00.5773;;;;
4902;2013.01.1.175738-3;TJDFT;35;;9;8;805;f;0;;;777-001.534/2015;521;;2015-02-03 16:39:56.45;2016-10-06 21:34:30.922045;;;;
4909;2014.01.1.189783-3;TJDFT;9;;8;62;805;f;0;;;777-001.563/2015;1070;;2015-02-04 13:51:53.587;2016-10-06 21:34:30.985273;;;;
4910;2014.01.1.052804-8;TJDFT;9;;7;62;1252;f;0;;;777-001.564/2015;1070;;2015-02-04 13:52:49.937;2016-10-06 21:34:30.99381;;;;
4911;2013.01.1.121656-6;TJDFT;37;;4;62;805;f;0;;;777-001.565/2015;1070;;2015-02-04 13:54:05.737;2016-10-06 21:34:31.002608;;;;
4915;2011.01.1.107350-3;TJDFT;6;;1;62;1248;f;0;;;777-001.570/2015;1070;;2015-02-04 13:58:32.667;2016-10-06 21:34:31.039409;;;;
4916;2012.01.1.146374-7;TJDFT;14;;15;62;805;f;0;;;777-001.571/2015;1070;;2015-02-04 14:00:40.84;2016-10-06 21:34:31.049478;;;;
4918;618/2015;GAB/PROMAI;10;;6;3;514;f;0;;;777-001.581/2015;1070;1;2015-02-04 17:06:00.673;2016-10-06 21:34:31.065565;;;;
4922;80/2015;DPDF;37;;16;3;514;f;0;;;777-001.587/2015;514;1;2015-02-05 10:23:16.487;2016-10-06 21:34:31.091159;;;;
4924;53/2015;TJDFT;37;;17;3;514;f;0;;;777-001.589/2015;514;1;2015-02-05 10:25:57.527;2016-10-06 21:34:31.106878;;;;
4926;2012.01.1.196394-3;TJDFT;37;;7;62;805;f;0;;;777-001.591/2015;1070;;2015-02-05 10:27:46.927;2016-10-06 21:34:31.123902;;;;
4928;2011.01.1.168763-9;TJDFT;1;;5;62;805;f;0;;;777-001.593/2015;1070;;2015-02-05 10:30:07.623;2016-10-06 21:34:31.142601;;;;
4930;2010.01.1.215659-8;TJDFT;15;;5;62;1248;f;0;;;777-001.595/2015;1070;;2015-02-05 10:32:02.857;2016-10-06 21:34:31.158898;;;;
5733;2016.01.1.125159-0;QUINTA VARA DA FAZENDA;1;100000.0;5;;;t;0;;;;1436;;2017-01-12 12:56:20.30985;2018-07-09 13:20:19.116218;;;;
4906;2012.01.1.146628-0;TJDFT;13;40000.0;9;62;1006;t;0;;;777-001.560/2015;1070;;2015-02-04 13:47:54.533;2018-08-24 18:14:45.804227;;;;
4908;2013.01.1.096503-3;TJDFT;6;80000.0;8;62;1248;f;0;;;777-001.562/2015;1070;;2015-02-04 13:50:38.927;2018-08-24 18:15:47.441031;;;;
4912;2014.01.1.058743-6;TJDFT;9;165000.0;4;62;1252;f;0;;;777-001.566/2015;1070;;2015-02-04 13:55:13.177;2018-08-24 18:16:14.740359;;;;
4913;2013.01.1.121655-8;TJDFT;37;1000.0;4;62;805;f;0;;;777-001.567/2015;1070;;2015-02-04 13:56:12.55;2018-08-24 18:17:18.562163;;;;
4919;2014.12.1.006934-0;TJDFT;37;8896.86;17;3;805;f;0;;;777-001.584/2015;1070;1;2015-02-04 18:02:38.06;2018-08-24 18:19:43.134763;;;;
4923;2013.01.1.142111-7;TJDFT;1;1000.0;8;62;1252;f;0;;;777-001.588/2015;1070;;2015-02-05 10:25:12.283;2018-08-24 18:22:15.749436;;;;
4932;2014.01.1.109648-5;TJDFT;9;6800.0;5;62;1252;f;0;;;777-001.597/2015;1070;;2015-02-05 10:33:25.16;2018-08-24 18:22:42.945379;;;;
4903;SOLICITA脟脙O SEGETH;SEGETH;37;;16;3;514;f;0;;;777-001.538/2015;1070;1;2015-02-03 17:34:05.227;2018-09-28 17:45:19.380502;;;;
4905;545/2015;GAB/PROMAI;37;;17;3;514;f;0;;;777-001.544/2015;1070;1;2015-02-03 18:00:17.06;2018-09-28 17:46:10.382726;;;;
4920;30/2015;TJDFT;37;;17;3;514;f;0;;;777-001.585/2015;514;1;2015-02-04 19:53:43.5;2018-09-28 17:46:23.607614;;;;
4921;96/2015;MPDFT;37;;16;3;514;f;0;;;777-001.586/2015;514;1;2015-02-05 10:21:10.14;2018-09-28 17:46:32.356635;;;;
4931;074/2015;DPDF;37;;16;3;514;f;0;;;777-001.596/2015;514;1;2015-02-05 10:33:00.647;2018-09-28 17:46:48.752722;;;;
4929;78/2015;DPDF;37;;16;3;514;t;0;;;777-001.594/2015;514;1;2015-02-05 10:30:07.92;2018-09-28 17:46:42.796495;;;;
4934;067/2015;TJDFT;37;;17;3;514;f;0;;;777-001.599/2015;514;1;2015-02-05 10:34:56.227;2018-09-28 17:47:01.615651;;;;
4904;3598/90;TJDFT;37;7000.0;4;14;514;t;0;;;777-001.543/2015;1070;3;2015-02-03 17:49:37.783;2018-09-28 18:03:58.839084;;;;
4925;2005.01.1.050378-2;TJDFT;12;;8;62;805;f;0;;;777-001.590/2015;1070;;2015-02-05 10:26:30.097;2018-09-28 18:07:40.49518;;;;
4927;2014.01.171150-5;TJDFT;9;;7;62;1248;f;0;;;777-001.592/2015;1070;;2015-02-05 10:28:41.213;2018-09-28 18:08:41.327159;;;;
4901;2013.01.1.162349-0;TJDFT;35;;9;8;805;f;0;;;777-001.533/2015;521;;2015-02-03 16:38:11.803;2018-09-28 18:22:56.658081;;;;
4933;2011.01.1.031658-8;TJDFT;14;;5;62;1248;t;0;;;777-001.598/2015;1070;;2015-02-05 10:34:12.68;2018-09-28 18:09:56.246486;;;;
4917;2014.00.2.031338-3;TJDFT;9;;12;62;1248;f;0;;;777-001.573/2015;1070;;2015-02-04 14:02:16.593;2018-10-02 13:28:57.268229;;;;
4936;2014.01.1.191190-5;TJDFT;37;;3;62;1252;f;0;;;777-001.601/2015;1070;;2015-02-05 10:37:18.967;2016-10-06 21:34:31.211693;;;;
4938;2014.01.1.120429-3;TJDFT;37;;1;62;805;f;0;;;777-001.603/2015;1070;;2015-02-05 10:42:16.18;2016-10-06 21:34:31.229536;;;;
4940;2013.01.1.051283-6;TJDFT;41;;16;62;805;f;0;;;777-001.605/2015;1070;;2015-02-05 10:45:05.3;2016-10-06 21:34:31.248662;;;;
4946;2013.01.1.101102-3;TJDFT;29;;13;62;805;f;0;;;777-001.633/2015;1070;;2015-02-06 12:12:28.37;2016-10-06 21:34:31.304756;;;;
4947;2012.01.1.194713-2;TJDFT;37;;11;62;805;f;0;;;777-001.634/2015;1070;;2015-02-06 12:18:27.343;2016-10-06 21:34:31.314759;;;;
4948;2014.01.1.052804-8;TJDFT;37;;7;62;1252;f;0;;;777-001.635/2015;1070;;2015-02-06 12:22:52.143;2016-10-06 21:34:31.323714;;;;
4953;30468/93;TJDFT;12;;3;14;514;f;0;;;777-001.644/2015;521;3;2015-02-06 16:13:11.49;2016-10-06 21:34:31.369452;;;;
4956;102-000.590/1972;CODHAB/DF;37;;16;8;1248;f;0;;;777-001.647/2015;521;;2015-02-06 16:50:08.407;2016-10-06 21:34:31.398988;;;;
4957;2011.01.1.093116-9;TJDFT;14;;3;8;1248;f;0;;;777-001.648/2015;521;;2015-02-06 16:52:21.757;2016-10-06 21:34:31.408245;;;;
4958;2012.01.1.189586-4;TJDFT;16;;4;8;1252;f;0;;;777-001.649/2015;521;;2015-02-06 16:57:06.287;2016-10-06 21:34:31.418179;;;;
4967;2012.01.1.184953-2;TJDFT;39;;13;34;805;f;0;;;777-001.664/2015;521;;2015-02-09 10:00:16.42;2016-10-06 21:34:31.478757;;;;
4935;2014.01.1.164010-4;TJDFT;37;150000.0;3;62;1248;f;0;;;777-001.600/2015;1070;;2015-02-05 10:35:20.917;2018-08-24 18:23:15.905583;;;;
4937;2012.01.1.198521-9;TJDFT;16;1886.64;2;62;1252;f;0;;;777-001.602/2015;1070;;2015-02-05 10:39:04.36;2018-08-24 18:23:39.164976;;;;
4942;2014.03.1.003727-0;TJDFT;30;728.0;17;62;805;f;0;;;777-001.629/2015;1070;;2015-02-06 12:07:01.937;2018-08-24 19:06:53.009227;;;;
4944;2013.01.1.083138-3;TJDFT;37;302777.95;2;62;805;f;0;;;777-001.631/2015;1070;;2015-02-06 12:08:55.193;2018-08-24 19:15:14.077272;;;;
4945;2014.01.1.138374-6;TJDFT;37;7240.0;16;62;805;f;0;;;777-001.632/2015;1070;;2015-02-06 12:10:09.903;2018-08-24 19:16:06.567569;;;;
4949;2011.01.1.214338-6;TJDFT;9;170000.0;6;62;1252;f;0;;;777-001.636/2015;1070;;2015-02-06 12:23:55.79;2018-08-24 19:17:20.441656;;;;
4950;2012.01.1.169267-3;TJDFT;14;211000.0;13;62;1252;f;0;;;777-001.637/2015;1070;;2015-02-06 12:25:14.837;2018-08-24 19:17:48.616002;;;;
4951;2015.01.1.010978-2;TJDFT;9;100000.0;2;8;805;t;0;;;777-001.642/2015;521;;2015-02-06 15:59:24.887;2018-08-24 19:18:13.127666;;;;
4968;2013.01.1.020704-8;TJDFT;39;22401.9;13;34;805;f;0;;;777-001.665/2015;521;;2015-02-09 10:03:01.22;2018-08-24 19:18:37.193646;;;;
4954;102.017.177/1986;CODHAB/DF;12;;16;1;1252;f;0;;;777-001.645/2015;521;;2015-02-06 16:20:45.937;2018-09-28 17:47:18.381947;;;;
4959;395/2015;PCDF;37;;16;3;514;f;0;;;777-001.654/2015;514;1;2015-02-06 18:18:50.357;2018-09-28 17:47:30.11375;;;;
4960;80/2015;PCDF;37;;16;3;514;f;0;;;777-001.655/2015;514;1;2015-02-06 18:21:49.137;2018-09-28 17:47:47.527148;;;;
4962;577/2015;GAB/PROMAI;37;;4;3;514;f;0;;;777-001.659/2015;514;1;2015-02-06 19:16:16.937;2018-09-28 17:48:05.537034;;;;
4961;51/2015;TJDFT;37;;17;3;514;t;0;;;777-001.658/2015;514;1;2015-02-06 19:13:06.6;2018-09-28 17:47:59.005433;;;;
4963;278/2015;PROFIS;37;;16;3;514;f;0;;;777-001.660/2015;514;1;2015-02-06 19:17:46.87;2018-09-28 17:48:19.986647;;;;
4964;282/2015;PROFIS;37;;16;3;514;f;0;;;777-001.661/2015;514;1;2015-02-06 19:19:16.57;2018-09-28 17:48:27.486772;;;;
4965;283/2015;PROFIS;37;;16;3;514;f;0;;;777-001.662/2015;514;1;2015-02-06 19:24:42.393;2018-09-28 17:48:33.166138;;;;
4966;279/2015;PROFIS;37;;16;3;514;f;0;;;777-001.663/2015;514;1;2015-02-06 19:28:24.633;2018-09-28 17:48:40.785951;;;;
4941;2012.01.198521-9;TJDFT;37;;2;62;1248;f;0;;;777-001.628/2015;1070;;2015-02-06 12:05:03.113;2018-09-28 18:12:25.632778;;;;
4955;2012.01.1.198497-2;TJDFT;6;;4;8;805;f;0;;;777-001.646/2015;521;;2015-02-06 16:32:38.987;2018-09-28 18:13:03.508531;;;;
4969;2015.00.2.002192-5;TJDFT;38;;14;34;1248;f;0;;;777-001.666/2015;521;;2015-02-09 10:05:07.083;2016-10-06 21:34:31.497008;;;;
4971;2012.01.1.183573-8;TJDFT;39;;11;34;805;f;0;;;777-001.669/2015;521;;2015-02-09 10:11:21.567;2016-10-06 21:34:31.515481;;;;
4972;2012.01.1.196001-9;TJDFT;39;;11;34;1252;f;0;;;777-001.670/2015;521;;2015-02-09 10:12:54.323;2016-10-06 21:34:31.524089;;;;
4975;2014.01.1.193471-4;TJDFT;9;;3;34;514;f;0;;;777-001.673/2015;521;;2015-02-09 10:16:55.487;2016-10-06 21:34:31.549999;;;;
4976;2013.01.1.133503-3;TJDFT;1;;3;34;1248;f;0;;;777-001.674/2015;521;;2015-02-09 10:18:11.68;2016-10-06 21:34:31.559794;;;;
4977;2012.01.1.197449-8;TJDFT;9;;3;34;1248;f;0;;;777-001.675/2015;521;;2015-02-09 11:00:06.023;2016-10-06 21:34:31.569416;;;;
4978;2014.01.1.006090-0;TJDFT;37;;3;34;805;f;0;;;777-001.676/2015;521;;2015-02-09 11:10:42.57;2016-10-06 21:34:31.578324;;;;
4979;0001644-80.2014.5.10.0002;TRT10;32;;17;8;1248;f;0;;;777-001.677/2015;521;;2015-02-09 11:20:46.173;2016-10-06 21:34:31.588334;;;;
4986;178/2015;PCDF;37;;17;3;514;f;0;;;777-001.688/2015;1070;1;2015-02-09 18:55:49.52;2016-10-06 21:34:31.650421;;;;
4989;104/2015;DPDF;37;;16;3;514;f;0;;;777-001.691/2015;1070;1;2015-02-09 19:20:45.997;2016-10-06 21:34:31.673051;;;;
4990;2013.01.104518-2;TJDFT;1;;4;34;1252;f;0;;;777-001.692/2015;521;;2015-02-10 09:20:11.137;2016-10-06 21:34:31.68212;;;;
4991;11133/89;TJDFT;9;;4;34;805;f;0;;;777-001.693/2015;521;;2015-02-10 09:21:53.613;2016-10-06 21:34:31.691952;;;;
4973;2013.01.1.171102-5;TJDFT;1;1000.0;2;34;1252;f;0;;;777-001.671/2015;521;;2015-02-09 10:14:30.797;2018-08-24 19:19:35.319422;;;;
4980;2012.01.1.177572-6;TJDFT;14;80000.0;7;34;805;f;0;;;777-001.678/2015;521;;2015-02-09 11:59:09.96;2018-08-24 19:20:05.054318;;;;
4992;2013.01.104518-2;TJDFT;1;26000.0;4;34;1252;f;0;;;777-001.694/2015;521;;2015-02-10 09:23:35.763;2018-08-24 19:20:49.310278;;;;
4982;281/2015;PROFIS;37;;17;3;514;f;0;;;777-001.684/2015;1070;1;2015-02-09 18:13:34.743;2018-09-28 17:48:55.389787;;;;
4983;284/2015;PROFIS;37;;17;3;514;f;0;;;777-001.685/2015;1070;1;2015-02-09 18:16:36.457;2018-09-28 17:49:03.002979;;;;
4984;102-172.372/2000;CODHAB/DF;37;;16;34;1252;f;0;;;777-001.686/2015;521;;2015-02-09 18:44:05.067;2018-09-28 17:49:17.096701;;;;
4985;25/2015;DPDF;37;;17;3;514;f;0;;;777-001.687/2015;1070;1;2015-02-09 18:50:20.81;2018-09-28 17:49:29.113718;;;;
4987;745/2015;GAB/PROMAI;30;;17;3;514;f;0;;;777-001.689/2015;1070;1;2015-02-09 19:10:12.037;2018-09-28 17:49:36.303398;;;;
4988;830/2015;GAB/PROMAI;10;;1;3;514;f;0;;;777-001.690/2015;1070;1;2015-02-09 19:15:28.77;2018-09-28 17:49:43.384192;;;;
4993;102-059.963/1991;CODHAB/DF;37;;16;2;805;f;0;;;777-001.695/2015;521;;2015-02-10 09:46:19.613;2018-09-28 17:49:54.931013;;;;
4994;33/2015;DPDF;37;;16;3;514;f;0;;;777-001.697/2015;1070;1;2015-02-10 11:28:43.07;2018-09-28 17:50:09.417162;;;;
4995;47/2015;TJDFT;37;;17;3;514;f;0;;;777-001.698/2015;1070;1;2015-02-10 11:51:30.007;2018-09-28 17:50:15.448634;;;;
4996;030/2015;DPDF;37;;16;3;514;f;0;;;777-001.699/2015;1070;1;2015-02-10 11:54:40.927;2018-09-28 17:50:44.004497;;;;
4997;280/2015;PROFIS;37;;17;3;514;f;0;;;777-001.700/2015;1070;1;2015-02-10 12:01:12.54;2018-09-28 17:50:50.974885;;;;
4998;274/2015;PROFIS;37;;17;3;514;f;0;;;777-001.701/2015;1070;1;2015-02-10 12:03:17.937;2018-09-28 17:50:57.500754;;;;
4999;275/2015;PROFIS;37;;17;3;514;f;0;;;777-001.702/2015;1070;1;2015-02-10 12:04:50.553;2018-09-28 17:51:04.327296;;;;
4981;2004.01.1.119129-8;TJDFT;37;0.01;4;34;805;t;0;;;777-001.679/2015;521;;2015-02-09 12:17:30.753;2018-09-28 17:56:28.926126;;;;
4974;2013.01.1.036691-7;TJDFT;1;;2;34;805;f;0;;;777-001.672/2015;521;;2015-02-09 10:15:37.22;2018-09-28 17:57:20.103602;;;;
5009;2010.01.1.215568-8;TJDFT;39;;11;34;1248;f;0;;;777-001.725/2015;521;;2015-02-11 09:12:41.49;2016-10-06 21:34:31.843082;;;;
5012;2012.01.1.146374-7;TJDFT;39;;15;34;805;f;0;;;777-001.728/2015;521;;2015-02-11 09:39:44.343;2016-10-06 21:34:31.872904;;;;
5016;95/2015;1掳 OF脥CIO ;37;;16;3;514;t;0;;;777-001.750/2015;1070;1;2015-02-11 20:09:31.117;2016-10-06 21:34:31.901249;;;;
5019;2011.01.1.215685-2;TJDFT;1;;3;34;1248;f;0;;;777-001.753/2015;521;;2015-02-12 09:18:29.593;2016-10-06 21:34:31.929537;;;;
5021;2010.01.1.164033-7;TJDFT;6;;4;34;805;f;0;;;777-001.755/2015;521;;2015-02-12 09:25:13.183;2016-10-06 21:34:31.9557;;;;
5023;2013.01.1.058754-2;TJDFT;1;;4;34;805;f;0;;;777-001.757/2015;521;;2015-02-12 09:33:55.8;2016-10-06 21:34:31.984091;;;;
5024;2013.01.1.060565-8;TJDFT;1;;6;34;805;f;0;;;777-001.758/2015;521;;2015-02-12 09:38:08.91;2016-10-06 21:34:31.994195;;;;
5025;2010.01.1.216431-9;TJDFT;15;;8;34;1252;f;0;;;777-001.759/2015;521;;2015-02-12 09:42:48.527;2016-10-06 21:34:32.003632;;;;
5026;2013.01.1.133831-4;TJDFT;1;;7;34;1248;f;0;;;777-001.778/2015;521;;2015-02-13 11:51:32.64;2016-10-06 21:34:32.012909;;;;
5028;2013.01.1.104518-2;TJDFT;1;;4;34;805;f;0;;;777-001.784/2015;521;;2015-02-13 13:24:25.837;2016-10-06 21:34:32.03109;;;;
5030;2012.01.1.189598-5;TJDFT;37;;13;34;1248;f;0;;;777-001.791/2015;521;;2015-02-13 16:05:10.237;2016-10-06 21:34:32.049748;;;;
5017;2014.01.1.158677-7;TJDFT;9;150000.0;3;34;1248;f;0;;;777-001.751/2015;521;;2015-02-12 09:12:21.883;2018-06-26 12:14:28.184474;;;;
5018;2014.01.1.062536-9;TJDFT;9;50000.0;3;34;805;f;0;;;777-001.752/2015;521;;2015-02-12 09:16:00.627;2018-06-26 12:15:05.507793;;;;
5022;2011.01.1.223820-3;TJDFT;1;50000.0;4;34;1252;f;0;;;777-001.756/2015;521;;2015-02-12 09:31:37.663;2018-06-26 12:15:41.542917;;;;
5031;2000.01.1.052713-6;TJDFT;6;16698.02;2;34;1248;f;0;;;777-001.792/2015;521;;2015-02-13 16:06:29.017;2018-06-26 12:18:58.557187;;;;
5010;1999.01.1.037550-8;TJDFT;6;11208.44;8;34;805;f;0;;;777-001.726/2015;521;;2015-02-11 09:33:18.58;2018-08-24 19:21:24.375976;;;;
5011;2009.01.1.134513-0;TJDFT;37;50000.0;1;34;805;t;0;;;777-001.727/2015;521;;2015-02-11 09:37:35.417;2018-08-24 19:21:53.968381;;;;
5013;2013.01.1.056851-9;TJDFT;6;70000.0;6;2;1252;f;0;;;777-001.729/2015;521;;2015-02-11 10:47:32.207;2018-08-24 19:22:20.383433;;;;
5000;277/2015;PROFIS;37;;17;3;514;f;0;;;777-001.703/2015;1070;1;2015-02-10 12:07:29.923;2018-09-28 17:51:20.700988;;;;
5001;276/2015;PROFIS;37;;17;3;514;f;0;;;777-001.704/2015;1070;1;2015-02-10 12:11:01.07;2018-09-28 17:51:26.406479;;;;
5002;273/2015;PROFIS;37;;17;3;514;f;0;;;777-001.705/2015;1070;1;2015-02-10 12:12:58.57;2018-09-28 17:51:32.72251;;;;
5003;119/2015;TJDFT;37;;17;3;514;f;0;;;777-001.708/2015;1070;1;2015-02-10 15:14:30.72;2018-09-28 17:51:44.525099;;;;
5004;108/2015;TJDFT;37;;17;3;514;f;0;;;777-001.709/2015;1070;1;2015-02-10 15:17:51.867;2018-09-28 17:51:55.106173;;;;
5005;72/2015;TJDFT;37;;16;3;514;f;0;;;777-001.710/2015;1070;1;2015-02-10 15:20:53.267;2018-09-28 17:52:11.094029;;;;
5006;112/2015;TJDFT;37;;17;3;514;f;0;;;777-001.711/2015;1070;1;2015-02-10 15:22:19.02;2018-09-28 17:52:16.877506;;;;
5007;727/2015;MPF/PR;37;;16;3;514;f;0;;;777-001.712/2015;1070;1;2015-02-10 15:24:14.6;2018-09-28 17:52:22.357294;;;;
5014;376/2015;GAB/PROMAI;37;;17;3;514;f;0;;;777-001.748/2015;1070;1;2015-02-11 19:55:33.283;2018-09-28 17:52:40.227883;;;;
5015;097/2015;DPDF;37;;16;3;514;f;0;;;777-001.749/2015;1070;1;2015-02-11 20:04:24.84;2018-09-28 17:52:49.853355;;;;
5008;2012.01.1.230343-6;TJDFT;39;;12;34;1252;f;0;;;777-001.724/2015;521;;2015-02-11 09:10:10.483;2018-10-02 13:29:40.514802;;;;
5036;2011.01.1.211842-8;TJDFT;15;;7;34;1248;f;0;;;777-001.797/2015;521;;2015-02-13 16:12:49.44;2016-10-06 21:34:32.106224;;;;
5037;2014.00.2.013089-3;TJDFT;38;;13;34;805;f;0;;;777-001.798/2015;521;;2015-02-13 16:14:52.933;2016-10-06 21:34:32.115321;;;;
5038;2013.01.1.101102-3;TJDFT;39;;13;34;805;f;0;;;777-001.799/2015;521;;2015-02-13 16:16:04.973;2016-10-06 21:34:32.124861;;;;
5041;2014.01.1.052804-8;TJDFT;9;;7;34;805;f;0;;;777-001.815/2015;521;;2015-02-18 16:06:17.237;2016-10-06 21:34:32.155189;;;;
5043;2013.01.1.104518-2;TJDFT;1;;4;34;1248;f;0;;;777-001.817/2015;521;;2015-02-18 16:39:12.867;2016-10-06 21:34:32.175268;;;;
5045;146/2015;DPDF;37;;16;3;514;f;0;;;777-001.819/2015;514;1;2015-02-18 16:57:05.433;2016-10-06 21:34:32.19213;;;;
5051;115/2015;TJDFT;37;;16;3;514;f;0;;;777-001.825/2015;514;1;2015-02-18 17:05:00.987;2016-10-06 21:34:32.236886;;;;
5052;28/2015;TJDFT;30;;17;3;514;f;0;;;777-001.826/2015;514;1;2015-02-18 17:08:36.067;2016-10-06 21:34:32.243939;;;;
5055;160-82.2014.5.10.0017;TRT10;6;;17;34;805;f;0;;;777-001.829/2015;521;;2015-02-18 17:46:26.697;2016-10-06 21:34:32.269833;;;;
5057;mai/15;DPDF;37;;16;3;514;f;0;;;777-001.831/2015;514;1;2015-02-18 18:02:13.357;2016-10-06 21:34:32.283487;;;;
5060;2014.01.1.084103-6;TJDFT;37;;2;34;805;f;0;;;777-001.845/2015;521;;2015-02-19 16:06:46.04;2016-10-06 21:34:32.310757;;;;
5061;2013.01.1.149817-5;TJDFT;1;;10;62;805;f;0;;;777-001.846/2015;521;;2015-02-19 16:09:16.333;2016-10-06 21:34:32.320388;;;;
5035;2014.01.1.070576-8;TJDFT;9;1000.0;5;34;1248;f;0;;;777-001.796/2015;521;;2015-02-13 16:11:53.843;2018-06-26 12:20:23.178419;;;;
5046;394/2015;PROFIS;37;;16;3;514;f;0;;;777-001.820/2015;514;1;2015-02-18 16:58:47.443;2018-09-28 17:40:59.192347;;;;
5059;2011.01.1.082905-3;TJDFT;9;0.0;11;34;805;f;0;;;777-001.844/2015;521;;2015-02-19 16:03:03.52;2018-06-26 14:37:10.671222;;;;
5062;2013.01.1.148436-4;TJDFT;1;140000.0;2;62;1248;f;0;;;777-001.848/2015;521;;2015-02-19 16:12:07.64;2018-06-26 14:38:30.565966;;;;
5735;2016.01.1.108535-7;SEGUNDA VARA DA FAZENDA;1;100000.0;2;;;t;0;;;;1436;;2017-01-12 13:04:11.279227;2018-07-10 14:43:20.682656;;;;
5039;0052673-78.2012.8.07.0001;TJDFT;16;1628.74;5;8;1248;t;0;;;777-001.813/2015;521;;2015-02-18 15:51:41.307;2018-07-11 13:07:16.009711;;;;
5047;1046/2015;GAB/PROMAI;12;;17;3;514;f;0;;;777-001.821/2015;514;1;2015-02-18 17:00:36.377;2018-09-28 17:41:21.276957;;;;
5049;1024/2015;GAB/PROMAI;37;;16;3;514;f;0;;;777-001.823/2015;514;1;2015-02-18 17:02:01.96;2018-09-28 17:42:07.25095;;;;
5050;929/2015;GAB/PROMAI;30;;17;3;514;f;0;;;777-001.824/2015;514;1;2015-02-18 17:03:33.297;2018-09-28 17:42:23.258586;;;;
5053;88/2015;MPDFT;37;;16;3;514;f;0;;;777-001.827/2015;514;1;2015-02-18 17:24:54.317;2018-09-28 17:42:33.935903;;;;
5056;979/2015;GAB/PROMAI;30;;16;3;514;f;0;;;777-001.830/2015;514;1;2015-02-18 18:00:14.357;2018-09-28 17:42:56.670934;;;;
5058;937/2015;GAB/PROMAI;10;;16;3;514;f;0;;;777-001.832/2015;514;1;2015-02-18 20:10:33.32;2018-09-28 17:43:10.001723;;;;
5042;003598/1990;TJDFT;11;;4;34;514;f;0;;;777-001.816/2015;521;;2015-02-18 16:29:54.787;2018-10-02 12:37:37.708472;;;;
5054;1494-87.2014.5.10.0006;TRT10;32;;17;14;805;f;0;;;777-001.828/2015;521;3;2015-02-18 17:25:28.25;2018-10-02 12:38:54.87239;;;;
5048;0043967-84.2014.8.07.0018;TJDFT;9;1000.0;3;14;1248;t;0;;;777-001.822/2015;521;3;2015-02-18 17:00:50.563;2019-01-24 12:52:53.728396;;;;
5068;21747/92;TJDFT;6;;3;62;1248;f;0;;;777-001.862/2015;521;;2015-02-20 16:58:59.547;2016-10-06 21:34:32.385784;;;;
5070;2014.01.1.128110-6;TJDFT;9;;3;62;1248;f;0;;;777-001.864/2015;521;;2015-02-20 17:03:23.937;2016-10-06 21:34:32.406468;;;;
5071;392.003.940/2015;CODHAB/DF;37;;16;8;521;f;0;;;777-001.868/2015;521;;2015-02-23 12:22:19.883;2016-10-06 21:34:32.415575;;;;
5072;392.009.150/2012;CODHAB/DF;37;;16;8;521;f;0;;;777-001.869/2015;521;;2015-02-23 12:24:19.897;2016-10-06 21:34:32.424959;;;;
5073;392.003.940/2015;CODHAB/DF;37;;16;8;521;f;0;;;777-001.870/2015;521;;2015-02-23 12:25:29.427;2016-10-06 21:34:32.434971;;;;
5074;444-000.557/2013;CODHAB/DF;37;;16;8;521;f;0;;;777-001.871/2015;521;;2015-02-23 12:27:00.39;2016-10-06 21:34:32.44417;;;;
5075;2012.01.1.149889-2;TJDFT;1;;3;62;1373;f;0;;;777-001.884/2015;521;;2015-02-23 19:07:38.153;2016-10-06 21:34:32.453722;;;;
5076;2006.01.1.054994-4;TJDFT;6;;3;62;1248;f;0;;;777-001.885/2015;521;;2015-02-23 19:09:28.057;2016-10-06 21:34:32.463728;;;;
5077;2014.01.1.035722-6;TJDFT;9;;3;62;805;f;0;;;777-001.887/2015;521;;2015-02-23 19:11:41.093;2016-10-06 21:34:32.472857;;;;
5078;2013.01.1.079741-2;TJDFT;37;;4;62;1375;f;0;;;777-001.888/2015;521;;2015-02-23 19:14:24.817;2016-10-06 21:34:32.482085;;;;
5083;2014.01.1.189783-3;TJDFT;9;;15;62;805;f;0;;;777-001.905/2015;1375;;2015-02-24 18:42:18.027;2016-10-06 21:34:32.522687;;;;
5084;2013.01.1.094840-9;TJDFT;1;;5;62;1376;f;0;;;777-001.906/2015;1375;;2015-02-24 19:06:09.823;2016-10-06 21:34:32.533033;;;;
5087;2013.01.1.066536-6;TJDFT;1;;5;62;1375;f;0;;;777-001.909/2015;1375;;2015-02-24 19:11:03.887;2016-10-06 21:34:32.56592;;;;
5093;2000.01.1.051175-4;TJDFT;11;;4;62;805;f;0;;;777-001.915/2015;1375;;2015-02-24 19:43:54.263;2016-10-06 21:34:32.615023;;;;
5063;2014.01.1.111810-3;TJDFT;12;110000.0;2;62;1248;f;0;;;777-001.849/2015;521;;2015-02-19 16:14:27.073;2018-06-26 14:41:16.764229;;;;
5065;2012.01.1.197547-6;TJDFT;16;1866.18;1;14;514;f;0;;;777-001.853/2015;1295;3;2015-02-20 12:58:11.57;2018-06-26 14:43:26.276852;;;;
5066;2013.01.1.013925-8;TJDFT;1;90000.0;11;62;1248;f;0;;;777-001.860/2015;521;;2015-02-20 16:54:51.487;2018-06-26 15:07:06.985283;;;;
5079;2008.01.1.151726-3;TJDFT;10;29000.0;6;62;1248;t;0;;;777-001.889/2015;521;;2015-02-23 19:16:26.467;2018-06-26 15:09:17.279243;;;;
5086;1123/2015;GAB/PROMAI;37;;2;3;514;f;0;;;777-001.908/2015;514;1;2015-02-24 19:10:01.06;2018-09-28 17:46:19.611541;;;;
5088;2012.01.1.115137-4;TJDFT;10;100.0;7;62;514;f;0;;;777-001.910/2015;1375;;2015-02-24 19:13:13.663;2018-06-26 15:13:03.786821;;;;
5064;117/2015;DPDF;9;;16;3;514;f;0;;;777-001.850/2015;514;1;2015-02-19 16:48:02.74;2018-09-28 17:43:25.902786;;;;
5067;2013.01.1.083.315-5;TJDFT;1;80000.0;14;62;1248;f;0;;;777-001.861/2015;521;;2015-02-20 16:56:56.493;2018-09-28 17:44:04.604778;;;;
5080;141/2015;GAB/SINESP;37;;16;3;514;f;0;;;777-001.891/2015;514;1;2015-02-23 19:45:50.12;2018-09-28 17:44:42.123394;;;;
5081;659/2015;GAB/PROCAD;37;;16;3;514;f;0;;;777-001.892/2015;514;1;2015-02-23 20:01:56.387;2018-09-28 17:44:55.66163;;;;
5082;490/2015;GAB/PROMAI;13;;4;3;514;f;0;;;777-001.895/2015;514;1;2015-02-24 11:48:45.863;2018-09-28 17:45:07.293807;;;;
5089;53/2015;DPDF;37;;16;3;514;f;0;;;777-001.911/2015;514;1;2015-02-24 19:17:36.77;2018-09-28 17:46:33.517097;;;;
5090;2014.01.1.029680-6;TJDFT;9;100000.0;2;62;1248;f;0;;;777-001.912/2015;1375;;2015-02-24 19:18:02.297;2018-09-28 17:47:43.93299;;;;
5091;888/2015;GAB/PROMAI;11;;4;3;514;f;0;;;777-001.913/2015;514;1;2015-02-24 19:33:10.687;2018-09-28 17:48:01.309092;;;;
5092;1155/2015;GAB/PROMAI;30;;16;3;514;f;0;;;777-001.914/2015;514;1;2015-02-24 19:35:07.377;2018-09-28 17:48:14.916208;;;;
5094;2011.01.1.054169-6;TJDFT;9;40000.0;15;62;1373;f;0;;;777-001.916/2015;1375;;2015-02-24 19:46:18.297;2018-09-28 17:49:13.459118;;;;
5098;0;CODHAB;37;;1;4;521;f;0;;;392-004.244/2015;1375;2;2015-04-24 19:54:10.787;2016-10-06 21:34:32.662033;;;;
5099;2010.01.1.175784-6;TJDFT;6;;3;62;1248;f;0;;;777-001.930/2015;1375;;2015-02-25 18:47:43.74;2016-10-06 21:34:32.671904;;;;
5105;392-0005/2012;CODHAB;37;;16;23;521;f;0;;;777-001.941/2015;1375;;2015-02-26 13:54:30.163;2016-10-06 21:34:32.72597;;;;
5108;2013.01.1.180639-0;TJDFT;6;;3;62;1375;f;0;;;777-001.949/2015;1375;;2015-02-26 17:40:11.543;2016-10-06 21:34:32.757404;;;;
5110;2013.01.1.060658-9;TJDFT;35;;9;62;805;f;0;;;777-001.951/2015;1375;;2015-02-26 17:44:20.863;2016-10-06 21:34:32.776049;;;;
5111;392-004.245/2015;CODHAB;37;;16;23;521;f;0;;;777-001.953/2015;1375;;2015-02-26 18:40:56.6;2016-10-06 21:34:32.784903;;;;
5115;2014.01.1.194056-9;TJDFT;9;;3;62;1373;f;0;;;777-001.974/2015;1375;;2015-02-27 18:02:29.61;2016-10-06 21:34:32.821475;;;;
5116;2012.01.1.190503-5;TJDFT;9;;3;62;1373;f;0;;;777-001.975/2015;1375;;2015-02-27 18:09:27.617;2016-10-06 21:34:32.830639;;;;
5118;2014.01.1.140935-2;TJDFT;9;;1;62;1375;f;0;;;777-001.977/2015;1375;;2015-02-27 18:13:35.003;2016-10-06 21:34:32.849156;;;;
5119;2014.01.1.191190-5;TJDFT;9;;3;62;1376;f;0;;;777-001.978/2015;1375;;2015-02-27 18:15:31.193;2016-10-06 21:34:32.858844;;;;
5122;30468/93;TJDFT;12;;3;62;1248;f;0;;;777-001.982/2015;1375;;2015-02-27 18:23:55.373;2016-10-06 21:34:32.889863;;;;
5123;2013.01.1.024722-8;TJDFT;1;;15;62;1248;f;0;;;777-001.984/2015;1375;;2015-02-27 19:23:21.19;2016-10-06 21:34:32.899376;;;;
5097;2000.01.1.051175-4;TJDFT;11;15400.0;4;62;1248;f;0;;;777-001.922/2015;1375;;2015-02-25 12:51:31.753;2018-06-26 15:17:49.065138;;;;
5100;2013.03.1.004149-0;TJDFT;30;41265.96;17;62;514;f;0;;;777-001.931/2015;1375;;2015-02-25 18:50:49.383;2018-06-26 15:21:26.884412;;;;
5103;2013.01.1.075159-5;TJDFT;10;65000.0;2;62;1373;f;0;;;777-001.934/2015;1375;;2015-02-25 18:59:07.06;2018-06-26 15:33:29.462892;;;;
5104;2000.01.1.065784-5;TJDF_T;6;917.0;3;62;1375;f;0;;;777-001.935/2015;1375;;2015-02-25 19:01:56.913;2018-06-26 15:34:04.010921;;;;
5107;2013.01.1.182135-5;TJDFT;1;1000.0;1;62;1373;f;0;;;777-001.948/2015;1375;;2015-02-26 17:37:51.14;2018-06-26 15:37:57.716841;;;;
5109;2013.01.1.162325-8;TJDFT;1;49107.29;5;62;1248;f;0;;;777-001.950/2015;1375;;2015-02-26 17:42:29.667;2018-06-26 15:50:54.565629;;;;
5113;2012.01.1.131367-0;TJDFT;1;60000.0;5;62;805;f;0;;;777-001.972/2015;1375;;2015-02-27 17:51:25.993;2018-06-26 15:52:12.24295;;;;
5117;2013.01.1.039223-4;TJDFT;1;100000.0;3;62;1375;f;0;;;777-001.976/2015;1375;;2015-02-27 18:11:24.787;2018-06-26 15:53:33.518157;;;;
5120;2014.01.1.068940-8;TJDFT;27;1000.0;4;62;514;t;0;;;777-001.979/2015;1375;;2015-02-27 18:18:24.323;2018-06-26 15:54:49.056163;;;;
5121;2011.01.1.047023-8;TJDFT;1;100000.0;5;62;1248;f;0;;;777-001.980/2015;1375;;2015-02-27 18:20:31.167;2018-06-26 15:56:47.617632;;;;
5095;443/2015;PROFIS;37;;16;3;514;f;0;;;777-001.917/2015;514;1;2015-02-24 19:50:16.257;2018-09-28 17:49:28.413386;;;;
5096;2013.01.1.149817-5;TJDFT;1;100000.0;10;62;1373;f;0;;;777-001.920/2015;1375;;2015-02-25 12:47:27.613;2018-09-28 17:54:14.445355;;;;
5101;51053/96;TJDFT;6;13781.91;3;62;1376;f;0;;;777-001.932/2015;1375;;2015-02-25 18:53:43.433;2018-09-28 17:55:29.348824;;;;
5102;2013.01.1.175738-3;TJDFT;35;258033542.0;9;62;805;f;0;;;777-001.933/2015;1375;;2015-02-25 18:56:49.263;2018-09-28 17:55:49.374295;;;;
5131;fev/15;DPDF;37;;16;3;514;f;0;;;777-001.993/2015;514;1;2015-02-27 20:25:35.783;2016-10-06 21:34:32.953199;;;;
5138;0392-007887/2010;CODHAB;37;;16;23;521;f;0;;;777-002.000/2015;1375;;2015-02-27 22:17:36.417;2016-10-06 21:34:33.002035;;;;
5139;392-060.744/2014;CODHAB;37;;16;34;521;f;0;;;777-002.002/2015;1375;;2015-03-02 13:08:20.723;2016-10-06 21:34:33.011469;;;;
5140;300.000.055/2015;CODHAB;37;;16;4;521;f;0;;;777-002.003/2015;1375;;2015-03-02 13:11:10.11;2016-10-06 21:34:33.021414;;;;
5141;392.020.912/2014;CODHAB;37;;16;4;521;f;0;;;777-002.004/2015;1375;;2015-03-02 13:14:25.377;2016-10-06 21:34:33.030709;;;;
5147;13518/91;TJDFT;11;;4;62;1375;f;0;;;777-002.016/2015;1375;;2015-03-02 17:32:39.737;2016-10-06 21:34:33.089748;;;;
5143;2014.05.1.006434-0;TJDFT;9;35000.0;17;20;1385;f;0;;;777-002.006/2015;1375;3;2015-03-02 13:33:48.847;2018-06-26 15:58:40.228085;;;;
5144;2010.03.1.022123-5;TJDFT;30;120000.0;13;62;805;f;0;;;777-002.013/2015;1375;;2015-03-02 17:24:14.277;2018-06-26 15:59:58.439505;;;;
5134;1266/2015;GAB/PROMAI;22;;4;3;514;f;0;;;777-001.996/2015;514;1;2015-02-27 20:37:35.807;2018-09-28 14:28:42.37435;;;;
5150;2011.03.1.009505-0;TJDFT;30;40000.0;17;62;805;f;0;;;777-002.019/2015;1375;;2015-03-02 17:39:05.093;2018-06-26 16:02:54.815512;;;;
5151;0711860-04.2018.8.07.0018;TJDFT;27;25000.0;5;62;1373;t;0;;;777-002.020/2015;1375;;2015-03-02 17:47:08.26;2018-12-21 14:26:16.69216;;;;
5145;2012.01.1.061785-9;TJDFT;14;1000.0;2;62;1248;t;0;;;777-002.014/2015;1375;;2015-03-02 17:26:20.263;2018-07-03 15:04:30.993174;;;;
5135;1300/2015;GAB/PROMAI;30;;16;3;514;f;0;;;777-001.997/2015;514;1;2015-02-27 20:42:54.3;2018-09-28 14:28:53.476156;;;;
5136;1301/2015;GAB/PROMAI;30;;1;3;514;f;0;;;777-001.998/2015;514;1;2015-02-27 20:48:33.353;2018-09-28 14:29:04.067908;;;;
5137;1313/2015;GAB/PROMAI;37;;16;3;514;f;0;;;777-001.999/2015;514;1;2015-02-27 20:53:56.697;2018-09-28 14:29:11.790294;;;;
5152;10.169/2014;GAB/PROMAI;37;;17;3;514;f;0;;;777-002.028/2015;1385;1;2015-03-03 13:05:59.88;2018-09-28 14:29:49.887207;;;;
5153;762/2015;GAB/PROMAI;12;;17;3;514;f;0;;;777-002.031/2015;1385;1;2015-03-03 14:23:37.43;2018-09-28 14:30:00.603709;;;;
5154;1418/2015;GAB/PROMAI;30;;9;3;514;f;0;;;777-002.032/2015;1385;1;2015-03-03 17:16:30.663;2018-09-28 14:30:26.247354;;;;
5155;28/2015;TJDFT;37;;17;3;514;f;0;;;777-002.033/2015;1385;1;2015-03-03 17:20:40.563;2018-09-28 14:30:33.237903;;;;
5124;6701/2014;GAB/PROMAI;37;;16;3;514;f;0;;;777-001.985/2015;514;1;2015-02-27 19:57:11.203;2018-09-28 17:57:01.235568;;;;
5125;162/2015;PCDF;37;;16;3;514;f;0;;;777-001.987/2015;514;1;2015-02-27 20:03:39.96;2018-09-28 17:57:12.075218;;;;
5126;039/2015;DPDF;37;;16;3;514;f;0;;;777-001.988/2015;514;1;2015-02-27 20:05:20.143;2018-09-28 17:57:25.411858;;;;
5127;426/2015;PROFIS;37;;16;3;514;f;0;;;777-001.989/2015;514;1;2015-02-27 20:09:08.827;2018-09-28 17:57:37.593359;;;;
5128;802/2015;PCDF;37;;16;3;514;f;0;;;777-001.990/2015;514;1;2015-02-27 20:18:15.347;2018-09-28 17:57:53.184732;;;;
5129;1184/2015;GAB/PROMAI;38;;6;3;514;f;0;;;777-001.991/2015;514;1;2015-02-27 20:20:25.137;2018-09-28 17:58:03.747386;;;;
5130;1354/2015;GAB/PROMAI;37;;16;3;514;f;0;;;777-001.992/2015;514;1;2015-02-27 20:22:01.75;2018-09-28 17:58:14.111567;;;;
5132;1208/2015;GAB/PROMAI;12;;5;3;514;f;0;;;777-001.994/2015;514;1;2015-02-27 20:29:04.093;2018-09-28 17:58:26.440072;;;;
5133;1212/2015;GAB/PROMAI;30;;16;3;514;f;0;;;777-001.995/2015;514;1;2015-02-27 20:33:45.767;2018-09-28 17:58:42.278005;;;;
5142;0702956-92.2018.8.07.0018;TJDFT;14;;7;15;514;f;0;;;777-002.005/2015;1375;3;2015-03-02 13:31:22.457;2018-10-02 12:51:44.715475;;;;
5148;0016482-73.2013.8.07.0009;TJDFT;10;;5;62;1373;t;0;;;777-002.017/2015;1375;;2015-03-02 17:34:37.02;2019-02-25 18:36:37.395283;;;;
5160;2014.01.1.098466-6;TJDFT;9;;3;62;514;f;0;;;777-002.040/2015;1375;;2015-03-03 18:03:42.6;2016-10-06 21:34:33.191298;;;;
5164;2014.01.1.163270-3;TJDFT;9;;3;62;1248;f;0;;;777-002.045/2015;1375;;2015-03-03 18:12:25.983;2016-10-06 21:34:33.227606;;;;
5165;2014.01.1.154867-4;TJDFT;9;;3;62;1248;f;0;;;777-002.046/2015;1375;;2015-03-03 18:14:14.047;2016-10-06 21:34:33.236665;;;;
5169;2014.01.1.087451-2;TJDFT;9;;3;62;1373;f;0;;;777-002.051/2015;1375;;2015-03-03 18:28:10.097;2016-10-06 21:34:33.278894;;;;
5171;2014.01.1.052804-8;TJDFT;9;;7;62;1375;f;0;;;777-002.053/2015;1375;;2015-03-03 18:34:49.78;2016-10-06 21:34:33.298807;;;;
5172;mai/15;DPDF;37;;16;3;514;f;0;;;777-002.054/2015;1385;1;2015-03-03 18:35:54.91;2016-10-06 21:34:33.306384;;;;
5174;2012.01.1.197934-0;TJDFT;1;;3;62;1375;f;0;;;777-002.056/2015;1375;;2015-03-03 18:38:36.727;2016-10-06 21:34:33.327886;;;;
5178;154/2015;PCDF;37;;17;3;514;f;0;;;777-002.060/2015;1385;1;2015-03-03 18:49:56.553;2016-10-06 21:34:33.359728;;;;
5180;392-007.358/2013;CODHAB;37;;16;34;521;f;0;;;777-002.064/2015;1375;;2015-03-03 19:14:08.093;2016-10-06 21:34:33.377752;;;;
5181;392-004.247/2015;CODHAB;37;;16;23;521;f;0;;;777-002.065/2015;1375;;2015-03-03 19:16:41.543;2016-10-06 21:34:33.388658;;;;
5182;392-068.184/2014;CODHAB;37;;16;23;521;f;0;;;777-002.066/2015;1375;;2015-03-03 21:06:18.08;2016-10-06 21:34:33.399108;;;;
5183;480-000108/2015;CODHAB;37;;16;23;521;f;0;;;777-002.078/2015;1375;;2015-03-04 14:48:43.057;2016-10-06 21:34:33.408718;;;;
5185;2014.01.1.158446-6;TJDFT;16;;17;20;1248;f;0;;;777-002.080/2015;1375;3;2015-03-04 15:07:27.383;2016-10-06 21:34:33.427244;;;;
5161;2014.01.1.019925-3;TJDFT;9;100000.0;3;62;514;f;0;;;777-002.041/2015;1375;;2015-03-03 18:06:10.207;2018-06-26 16:05:01.421645;;;;
5162;2013.01.1.083329-2;TJDFT;1;100000.0;6;62;514;f;0;;;777-002.042/2015;1375;;2015-03-03 18:08:04.707;2018-06-26 16:06:33.777281;;;;
5163;2012.01.1.183573-8;TJDFT;1;80000.0;11;62;1248;f;0;;;777-002.043/2015;1375;;2015-03-03 18:10:33.663;2018-06-26 16:07:25.187106;;;;
5166;2012.01.1.146374-7;TJDFT;14;30000.0;15;62;805;f;0;;;777-002.048/2015;1375;;2015-03-03 18:22:37.353;2018-06-26 16:09:04.833416;;;;
5168;2013.01.1.046777-5;TJDFT;1;100000.0;1;62;1373;f;0;;;777-002.050/2015;1375;;2015-03-03 18:26:11.647;2018-06-26 16:10:01.805621;;;;
5173;2011.01.1.198861-4;TJDFT;1;1000000.0;4;62;1375;f;0;;;777-002.055/2015;1375;;2015-03-03 18:36:55.14;2018-06-26 16:12:30.883928;;;;
5156;42/2015;AJL/GAB/CGDF;37;;17;3;514;f;0;;;777-002.035/2015;1385;1;2015-03-03 17:25:52.97;2018-09-28 14:30:39.8599;;;;
5157;183/2015;PRODEMA;37;;16;3;514;f;0;;;777-002.036/2015;1385;1;2015-03-03 17:28:52.01;2018-09-28 14:30:46.539951;;;;
5158;Jan-15;DPDF;37;;16;3;514;f;0;;;777-002.037/2015;1385;1;2015-03-03 17:36:41.81;2018-09-28 14:31:23.384544;;;;
5159;74/2015;DPDF;37;;16;3;514;f;0;;;777-002.038/2015;1385;1;2015-03-03 17:42:39.147;2018-09-28 14:31:43.799152;;;;
5175;198/2015;PRODEP/MPDFT;37;;16;3;514;f;0;;;777-002.057/2015;1385;1;2015-03-03 18:39:08.817;2018-09-28 14:32:01.715787;;;;
5176;144/2015;TJDFT;37;;17;3;514;f;0;;;777-002.058/2015;1385;1;2015-03-03 18:43:27.42;2018-09-28 14:32:09.214723;;;;
5177;158/2015;PCDF;37;;16;3;514;f;0;;;777-002.059/2015;1385;1;2015-03-03 18:47:57.057;2018-09-28 14:32:15.21757;;;;
5179;abr/15;DPDF;37;;17;3;514;f;0;;;777-002.061/2015;1385;1;2015-03-03 18:51:45.257;2018-09-28 14:32:38.987753;;;;
5184;0700692-16.2015.8.07.0016;TJDFT;16;;17;20;1248;f;0;;;777-002.079/2015;1375;3;2015-03-04 15:04:07.407;2018-10-02 12:48:54.977019;;;;
5170;00021747/92;TJDFT;6;;3;62;1373;f;0;;;777-002.052/2015;1375;;2015-03-03 18:30:02.75;2018-10-02 12:57:42.374714;;;;
5186;2014.01.1.052804-8;TJDFT;9;;7;20;805;f;0;;;777-002.081/2015;1375;3;2015-03-04 15:10:41.713;2016-10-06 21:34:33.436434;;;;
5187;2014.01.1.084103-6;TJDFT;37;;2;20;805;f;0;;;777-002.082/2015;1375;3;2015-03-04 15:17:12.683;2016-10-06 21:34:33.446162;;;;
5194;2011.01.1.082793-0;TJDFT;30;;3;62;1248;f;0;;;777-002.094/2015;1375;;2015-03-04 19:13:58.833;2016-10-06 21:34:33.547976;;;;
5202;2015.01.1.011634-9;TJDFT;14;;3;15;805;f;0;;;777-002.114/2015;1375;3;2015-03-05 15:25:44.413;2016-10-06 21:34:33.632223;;;;
5208;2014.01.1.052804-8;TJDFT;9;;7;62;805;f;0;;;777-002.124/2015;1375;;2015-03-05 18:11:27.357;2016-10-06 21:34:33.688629;;;;
5209;2014.01.1.158446-6;TJDFT;9;;17;20;1373;f;0;;;777-002.127/2015;1375;3;2015-03-05 18:48:40.717;2016-10-06 21:34:33.699141;;;;
5210;392.052191/2013;CODHAB;37;;16;23;521;f;0;;;777-002.132/2015;1375;;2015-03-06 11:23:05.467;2016-10-06 21:34:33.709508;;;;
5211;2013.01.1.060658-9;TJDFT;35;;9;62;805;f;0;;;777-002.141/2015;1375;;2015-03-06 18:16:31.103;2016-10-06 21:34:33.719249;;;;
5739;0700053-55.2016.8.07.0018;SEGUNDA VARA DA FAZENDA;37;0.0;2;;;t;1;;0.0;;1436;;2017-01-16 12:44:04.054916;2017-01-16 12:44:04.054916;;;;
5191;2012.01.1.146355-4;TJDFT;1;100000.0;7;62;805;f;0;;;777-002.091/2015;1375;;2015-03-04 19:03:37.377;2018-06-26 16:14:40.027568;;;;
5192;2009.01.1.001571-2;TJDFT;16;3140848.97;3;62;805;f;0;;;777-002.092/2015;1375;;2015-03-04 19:08:20.563;2018-06-26 16:16:42.049853;;;;
5193;2014.01.1.180122-2;TJDFT;9;100000.0;4;62;514;f;0;;;777-002.093/2015;1375;;2015-03-04 19:12:08.607;2018-06-26 16:27:39.453058;;;;
5195;2012.01.1.109874-2;TJDFT;9;2000.0;3;62;1373;f;0;;;777-002.095/2015;1375;;2015-03-04 19:15:38.487;2018-06-26 16:28:49.626938;;;;
5201;2015.01.1.010983-8;TJDFT;14;148581.88;4;15;805;f;0;;;777-002.113/2015;1375;3;2015-03-05 15:23:04.03;2018-06-26 16:31:40.01633;;;;
5203;2015.01.1.017480-6;TJDFT;1;100000.0;3;15;1375;f;0;;;777-002.115/2015;1375;3;2015-03-05 15:28:49.68;2018-06-26 16:33:05.319376;;;;
5204;2004.01.1.109910-0;TJDFT;8;70505.04;2;20;514;t;0;;;777-002.117/2015;1375;3;2015-03-05 15:33:09.077;2018-06-26 16:34:49.737523;;;;
5205;2015.01.1.003949-7;TJDFT;9;100000.0;1;20;1375;f;0;;;777-002.118/2015;1375;3;2015-03-05 15:36:10.8;2018-06-26 16:36:50.740909;;;;
5206;2014.01.1.048075-6;TJDFT;9;80000.0;1;62;514;f;0;;;777-002.121/2015;1375;;2015-03-05 18:03:12.213;2018-06-26 16:39:09.462842;;;;
5207;2012.01.1.196394-3;TJDFT;6;622.0;7;62;1373;f;0;;;777-002.122/2015;1375;;2015-03-05 18:08:53.95;2018-06-26 16:40:06.329351;;;;
5212;2013.01.1.084783-3;TJDFT;1;100000.0;7;62;1375;f;0;;;777-002.142/2015;1375;;2015-03-06 18:25:00.553;2018-06-26 16:41:13.12391;;;;
5736;2016.01.1.106000-3;SEGUNDA VARA DA FAZENDA;1;16200.0;2;;;f;0;;;;1436;;2017-01-12 13:15:08.777263;2018-08-27 19:51:10.401207;;;;
5188;9250/2014;GAB/PROMAI;11;;3;3;514;f;0;;;777-002.084/2015;514;1;2015-03-04 17:44:06.25;2018-09-28 14:33:01.133389;;;;
5189;3357/2014;PCDF;37;;16;3;514;f;0;;;777-002.085/2015;514;1;2015-03-04 17:46:04.203;2018-09-28 14:33:21.305034;;;;
5196;mai/15;DPDF;37;;16;3;514;f;0;;;777-002.096/2015;514;1;2015-03-04 19:17:28.767;2018-09-28 14:34:12.94737;;;;
5197;115/2015;DPDF;37;;2;3;514;f;0;;;777-002.097/2015;1385;1;2015-03-04 19:21:16.123;2018-09-28 14:34:21.308484;;;;
5199;163/2015;DPDF;37;;16;3;514;f;0;;;777-002.111/2015;1385;1;2015-03-05 15:00:34.48;2018-09-28 14:34:40.592349;;;;
5200;0710840-12.2017.8.07.0018;TJDFT;1;;4;15;1373;f;0;;;777-002.112/2015;1375;3;2015-03-05 15:17:53.887;2018-10-02 12:50:15.71235;;;;
5215;2015.00.2.001556-6;TJDFT;38;;15;20;1373;f;0;;;777-002.145/2015;1375;3;2015-03-06 19:41:44.623;2016-10-06 21:34:33.756962;;;;
5218;390-003.525/2007;CODHAB;37;;16;23;521;f;0;;;777-002.155/2015;1375;;2015-03-09 12:48:29.583;2016-10-06 21:34:33.785289;;;;
5219;392-004.037/2015;CODHAB;37;;16;34;521;f;0;;;777-002.159/2015;1375;;2015-03-09 15:14:59.527;2016-10-06 21:34:33.79554;;;;
5221;2014.01.1.066481-9;TJDFT;9;;3;62;805;f;0;;;777-002.162/2015;1375;;2015-03-09 17:49:44.86;2016-10-06 21:34:33.814817;;;;
5222;2013.01.1.036698-2;TJDFT;42;;16;62;805;f;0;;;777-002.163/2015;1375;;2015-03-09 17:52:34.87;2016-10-06 21:34:33.824777;;;;
5231;2014.00.2.013089-3;TJDFT;38;;13;62;1373;t;0;;;777-002.183/2015;1375;;2015-03-10 19:05:16.933;2016-10-06 21:34:33.905603;;;;
5234;1999.01.1.034269-5;TJDFT;11;;6;62;514;f;0;;;777-002.187/2015;1375;;2015-03-10 19:13:26.527;2016-10-06 21:34:33.932219;;;;
5235;32048/94;TJDFT;6;;3;62;1375;f;0;;;777-002.188/2015;1375;;2015-03-10 19:15:08.537;2016-10-06 21:34:33.94098;;;;
5214;2013.01.1.182142-7;TJDFT;1;1000.0;1;62;514;f;0;;;777-002.144/2015;1375;;2015-03-06 18:31:11.083;2018-08-24 19:35:14.353479;;;;
5217;2015.00.2.002897-7;TJDFT;9;;15;62;514;f;0;;;777-002.147/2015;1375;;2015-03-06 20:27:43.383;2018-08-24 19:35:46.798481;;;;
5223;2014.01.1.044652-7;TJDFT;9;0.0;3;62;1373;f;0;;;777-002.164/2015;1375;;2015-03-09 17:54:37.33;2018-08-24 19:36:14.494913;;;;
5224;2013.01.1.075168-3;TJDFT;1;50000.0;3;62;1373;f;0;;;777-002.165/2015;1375;;2015-03-09 17:55:59.497;2018-08-24 19:36:49.851444;;;;
5225;2014.01.1.107365-0;TJDFT;9;100.0;4;62;514;f;0;;;777-002.166/2015;1375;;2015-03-09 17:57:30.477;2018-08-24 19:37:10.783286;;;;
5226;2012.01.1.026450-4;TJDFT;9;120559.14;4;62;514;f;0;;;777-002.167/2015;1375;;2015-03-09 17:59:47.18;2018-08-24 19:37:37.992704;;;;
5229;2013.01.1.070906-5;TJDFT;37;0.0;2;20;1373;f;0;;;777-002.171/2015;1375;3;2015-03-09 18:48:52.187;2018-08-24 19:39:39.389864;;;;
5232;2012.01.1.023199-3;TJDFT;41;20788.97;16;62;1373;f;0;;;777-002.184/2015;1375;;2015-03-10 19:07:22.827;2018-08-24 19:40:05.311842;;;;
5236;2014.01.1.087474-6;TJDFT;1;100000.0;5;15;805;f;0;;;777-002.189/2015;1375;3;2015-03-10 19:18:26.22;2018-08-24 19:46:18.175717;;;;
5239;2012.01.1.190607-9;TJDFT;16;1627.49;15;62;1375;f;0;;;777-002.196/2015;1375;;2015-03-11 00:03:28.753;2018-08-24 19:47:14.209639;;;;
5230;240/2015;TJDFT;9;;17;3;514;f;0;;;777-002.173/2015;1385;1;2015-03-10 11:09:34.227;2018-09-28 14:35:23.912818;;;;
5227;2012.01.1.194699-9;TJDFT;6;;7;62;1375;f;0;;;777-002.168/2015;1375;;2015-03-09 18:03:23.54;2018-09-28 18:57:43.385106;;;;
5228;21928/92;TJDFT;11;;4;62;1375;f;0;;;777-002.169/2015;1375;;2015-03-09 18:04:41.603;2018-09-28 18:58:34.464632;;;;
5237;2012.01.1.189598-5;TJDFT;16;;13;62;805;f;0;;;777-002.190/2015;1375;;10/03/2015 19:20;2018-09-28 19:00:08.056188;;;;
5238;3743/91;TJDFT;13;;3;62;1375;f;0;;;777-002.195/2015;1375;;2015-03-10 22:17:30.947;2018-09-28 19:01:01.177522;;;;
5233;0713968-40.2017.8.07.0018;TJDFT;10;517.83;5;15;514;t;0;;;777-002.186/2015;1375;3;2015-03-10 19:11:12.913;2018-10-02 12:50:59.260065;;;;
5246;2014.01.1.036867-2;TJDFT;9;;1;62;1373;f;0;;;777-002.220/2015;1375;;11/03/2015 19:44;2016-10-06 21:34:34.049145;;;;
5247;2015.00.2.005755-9;TJDFT;38;;10;62;805;f;0;;;777-002.221/2015;1375;;2015-03-11 19:47:14.433;2016-10-06 21:34:34.058502;;;;
5253;392-052.191/2013;CODHAB;37;;16;34;521;f;0;;;777-002.228/2015;1375;;2015-03-11 20:43:20.817;2016-10-06 21:34:34.114331;;;;
5256;2014.00.2.033112-0;TJDFT;9;;10;62;1373;f;0;;;777-002.244/2015;1375;;2015-03-12 18:47:46.737;2016-10-06 21:34:34.14293;;;;
5264;392-002.981/2013;TJDFT;37;;16;23;521;f;0;;;777-002.262/2015;1375;;2015-03-13 15:14:06.31;2016-10-06 21:34:34.21441;;;;
5265;102-006213/70;CODHAB;37;;16;34;521;f;0;;;777-002.267/2015;1375;;2015-03-13 20:11:49.557;2016-10-06 21:34:34.223224;;;;
5259;2012.01.1.189586-4;TJDFT;16;1629.28;4;62;1375;f;0;;;777-002.248/2015;1375;;2015-03-12 19:10:17.517;2018-06-28 12:16:49.708449;;;;
5240;2012.01.1.178358-6;TJDFT;1;50000.0;12;62;1375;f;0;;;777-002.197/2015;1375;;2015-03-11 00:06:03.49;2018-06-27 13:20:25.419864;;;;
5241;2012.01.1.196001-9;TJDFT;1;80000.0;11;62;1375;f;0;;;777-002.198/2015;1375;;2015-03-11 00:08:07.183;2018-06-27 13:52:45.544329;;;;
5242;2012.01.1.194715-7;TJDFT;16;1822.62;2;62;1375;f;0;;;777-002.199/2015;1375;;2015-03-11 00:10:08.07;2018-06-27 14:42:55.045252;;;;
5248;2013.01.1.024709-2;TJDFT;1;65000.0;8;62;805;f;0;;;777-002.222/2015;1375;;2015-03-11 19:50:24.567;2018-06-27 14:44:23.158712;;;;
5249;2001.01.1.024596-0;TJDFT;6;15000.0;4;62;514;f;0;;;777-002.223/2015;1375;;2015-03-11 19:53:45.247;2018-06-27 14:45:49.55543;;;;
5250;2013.01.1.099501-0;TJDFT;1;80000.0;4;62;1375;f;0;;;777-002.225/2015;1375;;2015-03-11 20:13:53.457;2018-06-27 14:47:35.229344;;;;
5251;2013.01.1.133503-3;TJDFT;1;80000.0;3;62;1375;f;0;;;777-002.226/2015;1375;;2015-03-11 20:21:09.183;2018-06-27 14:50:36.351232;;;;
5252;2013.01.1.044276-8;TJDFT;1;90000.0;13;62;1375;f;0;;;777-002.227/2015;1375;;2015-03-11 20:22:48.853;2018-06-27 15:02:50.891133;;;;
5254;2014.01.1.179056-7;TJDFT;9;100.0;4;62;805;f;0;;;777-002.241/2015;1375;;2015-03-12 18:31:54.633;2018-06-27 15:06:49.315432;;;;
5255;2014.01.1.066497-2;TJDFT;9;89323.83;2;62;1373;f;0;;;777-002.243/2015;1375;;2015-03-12 18:45:30.487;2018-06-27 15:08:21.310903;;;;
5257;2014.01.1.146861-0;TJDFT;9;10000.0;1;62;514;f;0;;;777-002.245/2015;1375;;2015-03-12 18:49:23.44;2018-06-28 12:14:18.804659;;;;
5258;2014.01.1.019813-8;TJDFT;27;1000.0;9;62;1375;t;0;;;777-002.247/2015;1375;;2015-03-12 19:07:38.177;2018-06-28 12:15:36.356979;;;;
5261;2012.01.1.189607-0;TJDFT;16;1628.03;11;62;1375;f;0;;;777-002.252/2015;1375;;2015-03-12 20:02:12.903;2018-06-28 12:18:20.235278;;;;
5243;392-045.409/2014;CODHAB;37;;16;34;514;f;0;;;777-002.207/2015;1375;;2015-03-11 14:19:47.317;2018-09-28 14:36:22.049397;;;;
5244;392-047.754/2013;CODHAB;37;;16;34;514;f;0;;;777-002.208/2015;1375;;2015-03-11 14:25:57.427;2018-09-28 14:36:38.206986;;;;
5263;985/2015;PROCAD;32;;17;3;514;f;0;;;777-002.256/2015;1385;1;2015-03-13 12:22:26.113;2018-09-28 14:37:08.402571;;;;
5245;0704646-59.2018.8.07.0018;TJDFT;41;;16;62;1373;f;0;;;777-002.219/2015;1375;;2015-03-11 19:41:38.843;2018-10-02 13:18:05.809523;;;;
5266;102-039980/7;CODHAB;37;;16;34;521;f;0;;;777-002.268/2015;1375;;2015-03-13 20:17:15.877;2016-10-06 21:34:34.232629;;;;
5267;102-171858/79;CODHAB;37;;16;34;521;f;0;;;777-002.270/2015;1375;;2015-03-13 20:20:43.53;2016-10-06 21:34:34.241877;;;;
5268;102-005171/85;CODHAB;37;;16;34;521;f;0;;;777-002.271/2015;1375;;2015-03-13 20:44:45.133;2016-10-06 21:34:34.250659;;;;
5269;392-004.366/2015;CODHAB;37;;16;34;521;f;0;;;777-002.272/2015;1375;;2015-03-13 20:48:08.433;2016-10-06 21:34:34.259822;;;;
5270;392-004.163/2012;CODHAB;37;;16;4;521;f;0;;;777-002.273/2015;1375;;2015-03-13 20:52:16.88;2016-10-06 21:34:34.268821;;;;
5271;392-003.252/2013;CODHAB;37;;16;4;521;f;0;;;777-002.274/2015;1375;;2015-03-13 20:56:18.853;2016-10-06 21:34:34.277971;;;;
5272;392-003.683/2011;CODHAB;37;;16;34;521;f;0;;;777-002.275/2015;1375;;2015-03-13 21:18:13.483;2016-10-06 21:34:34.288049;;;;
5273;392-004.248/2015;CODHAB;37;;16;34;521;f;0;;;777-002.276/2015;1375;;2015-03-13 21:22:48.543;2016-10-06 21:34:34.297544;;;;
5274;392-068.184/2014;CODHAB;37;;16;23;521;f;0;;;777-002.277/2015;1375;;2015-03-13 21:27:30.263;2016-10-06 21:34:34.307121;;;;
5275;391-001.610/2013;CODHAB;37;;16;34;521;f;0;;;777-002.278/2015;1375;;2015-03-13 21:31:49.583;2016-10-06 21:34:34.31668;;;;
5281;2013.01.1.045986-8;TJDFT;9;;7;62;521;f;0;;;777-002.284/2015;1375;;2015-03-13 21:48:29.407;2016-10-06 21:34:34.374554;;;;
5282;2014.01.1.066481-9;TJDFT;9;;3;62;805;f;0;;;777-002.285/2015;1375;;2015-03-13 21:53:50.707;2016-10-06 21:34:34.383862;;;;
5284;16694/94;TJDFT;11;;1;62;1373;f;0;;;777-002.287/2015;1375;;2015-03-13 21:57:10.557;2016-10-06 21:34:34.402014;;;;
5287;2014.01.1.107763-8;TJDFT;9;;8;62;1375;f;0;;;777-002.298/2015;1375;;2015-03-16 18:43:11.697;2016-10-06 21:34:34.42917;;;;
5277;2013.01.1.130915-4;TJDFT;14;130000.0;7;62;514;f;0;;;777-002.280/2015;1375;;2015-03-13 21:41:03.683;2018-06-28 12:25:56.169438;;;;
5279;2014.01.1.167025-2;TJDFT;9;10000.0;7;62;514;f;0;;;777-002.282/2015;1375;;2015-03-13 21:44:36.623;2018-06-28 13:38:46.116909;;;;
5283;2012.01.1.195991-8;TJDFT;1;80000.0;3;62;805;f;0;;;777-002.286/2015;1375;;2015-03-13 21:55:31.31;2018-06-28 13:41:28.89454;;;;
5285;2015.01.1.012940-5;TJDFT;1;100000.0;8;15;1373;f;0;;;777-002.288/2015;1375;3;2015-03-13 21:59:17.667;2018-06-28 13:46:31.706225;;;;
5286;2002.07.1.012329-8;TJDFT;9;12166.53;16;62;1375;t;0;;;777-002.297/2015;1375;;2015-03-16 18:40:56.817;2018-06-28 13:48:31.290987;;;;
5288;2013.01.1.126507-8;TJDFT;1;86277.16;2;62;1375;f;0;;;777-002.299/2015;1375;;2015-03-16 18:44:50.757;2018-06-28 13:59:16.486728;;;;
5289;2013.01.1.178602-9;TJDFT;10;1000.0;6;62;1375;f;0;;;777-002.300/2015;1375;;2015-03-16 18:46:32.937;2018-06-28 13:59:54.324369;;;;
5290;2012.01.1.056739-9;TJDFT;1;100000.0;1;62;1375;f;0;;;777-002.301/2015;1375;;2015-03-16 18:51:41.8;2018-06-28 14:30:43.751876;;;;
5291;2015.01.1.008965-3;TJDFT;1;100000.0;6;15;1373;f;0;;;777-002.302/2015;1375;3;2015-03-16 18:53:37.977;2018-06-28 14:33:26.76327;;;;
5292;2011.03.1.009434-6;TJDFT;30;40000.0;16;15;1373;f;0;;;777-002.303/2015;1375;3;2015-03-16 18:55:39.487;2018-06-28 14:37:10.678617;;;;
5276;2014.01.173115-4;TJDFT;1;;1;14;805;f;0;;;777-002.279/2015;1375;3;2015-03-13 21:36:54.967;2018-09-28 18:31:23.687708;;;;
5297;2014.01.1.163270-3;TJDFT;9;;3;62;514;f;0;;;777-002.309/2015;1375;;2015-03-16 19:24:18.38;2016-10-06 21:34:34.519002;;;;
5299;2013.01.1.162387-7;TJDFT;35;;9;62;805;f;0;;;777-002.311/2015;1375;;2015-03-16 19:27:27.607;2016-10-06 21:34:34.538406;;;;
5301;2015.01.1.018333-9;TJDFT;10;;2;15;805;f;0;;;777-002.313/2015;1375;3;2015-03-16 19:31:35.227;2016-10-06 21:34:34.557568;;;;
5302;392-001.849/2013;CODHAB;37;;16;23;521;f;0;;;777-002.314/2015;1375;;2015-03-16 19:35:53.237;2016-10-06 21:34:34.566932;;;;
5303;392-007.358/2013;CODHAB;37;;16;34;521;f;0;;;777-002.315/2015;1375;;2015-03-16 19:42:09.23;2016-10-06 21:34:34.576376;;;;
5304;392-004.535/2012;CODHAB;37;;16;23;521;f;0;;;777-002.316/2015;1375;;2015-03-16 20:38:28.183;2016-10-06 21:34:34.585664;;;;
5307;969/2004;TCDF;37;;16;4;521;f;0;;;777-002.319/2015;1375;;2015-03-16 22:38:46.343;2016-10-06 21:34:34.61149;;;;
5320;2012.01.1.136715-6;TJDFT;1;;3;62;1375;f;0;;;777-002.342/2015;1375;;2015-03-17 19:07:18.423;2016-10-06 21:34:34.708641;;;;
5308;2014.01.1.173115-4;TJDFT;1;50000.0;1;15;805;t;0;;;777-002.320/2015;1375;3;2015-03-16 23:00:30.493;2018-07-03 17:49:52.266701;;;;
5293;2013.01.1.051283-6;TJDFT;38;100000.0;16;62;1373;f;0;;;777-002.304/2015;1375;;2015-03-16 18:57:24.737;2018-06-28 14:54:23.253533;;;;
5294;2011.01.1.082793-0;TJDFT;30;30000.0;3;62;1373;f;0;;;777-002.306/2015;1375;;2015-03-16 19:18:31.823;2018-06-28 15:04:37.506344;;;;
5295;2015.01.1.014146-7;TJDFT;1;788.0;6;62;514;f;0;;;777-002.307/2015;1375;;2015-03-16 19:20:52.347;2018-06-28 15:06:02.274741;;;;
5298;2013.01.1.092837-6;TJDFT;1;1000.0;8;62;514;f;0;;;777-002.310/2015;1375;;2015-03-16 19:25:45.177;2018-06-28 15:08:14.200263;;;;
5306;2014.01.1.154867-4;TJDFT;9;50000.0;3;62;514;f;0;;;777-002.318/2015;1375;;2015-03-16 22:26:04.623;2018-06-28 15:16:53.999463;;;;
5738;2016.01.1.099236-9;OITAVA VARA DA FAZENDA;1;27602.84;8;;;f;0;;;;1436;;2017-01-12 13:34:33.100742;2018-08-27 19:57:21.201457;;;;
5310;1892/2015;GAB/PROMAI;1;;7;3;514;f;0;;;777-002.328/2015;1385;1;2015-03-17 14:03:05.04;2018-09-28 14:37:36.345058;;;;
5311;238/2015;PRODEP/MPDFT;37;;16;3;514;f;0;;;777-002.329/2015;1385;1;2015-03-17 14:17:40.223;2018-09-28 14:37:48.04307;;;;
5312;196/2015;TJDFT;37;;17;3;514;f;0;;;777-002.331/2015;1385;1;2015-03-17 14:26:47.94;2018-09-28 14:37:55.649261;;;;
5313;235/2015;PRODEP/MPDFT;37;;16;3;514;f;0;;;777-002.333/2015;1385;1;2015-03-17 15:09:27.717;2018-09-28 14:38:10.510534;;;;
5314;335/2015;TJDFT;37;;17;3;514;f;0;;;777-002.334/2015;1385;1;2015-03-17 15:17:53.863;2018-09-28 14:38:17.715976;;;;
5315;909/2015;PGU/AGU;37;;17;3;514;f;0;;;777-002.335/2015;1385;1;2015-03-17 15:56:07.167;2018-09-28 14:38:27.246581;;;;
5316;fev/15;DPDF;37;;16;3;514;f;0;;;777-002.336/2015;1385;1;2015-03-17 16:10:21.43;2018-09-28 14:39:01.51519;;;;
5317;179/2015;DPDF;37;;16;3;514;f;0;;;777-002.337/2015;1385;1;2015-03-17 16:24:47.77;2018-09-28 14:39:22.540955;;;;
5318;236/2015;PRODEP/MPDFT;37;;16;3;514;f;0;;;777-002.338/2015;1385;1;2015-03-17 16:36:57.22;2018-09-28 14:39:34.307051;;;;
5319;419/2015;PCDF;37;;16;3;514;f;0;;;777-002.339/2015;1385;1;2015-03-17 16:44:43.773;2018-09-28 14:39:40.911046;;;;
5309;2013.01.1.122263-6;TJDFT;41;;16;62;805;f;0;;;777-002.321/2015;1375;;2015-03-16 23:11:20.873;2018-09-28 18:29:59.178842;;;;
5321;2014.00.2.024747-8;TJDFT;38;;10;62;1375;f;0;;;777-002.343/2015;1375;;2015-03-17 19:10:27.043;2018-10-02 13:00:34.990753;;;;
5305;0703688-73.2018.8.07.0018;TJDFT;12;100000.0;3;62;1373;t;0;;;777-002.317/2015;1375;;2015-03-16 22:16:17.733;2018-10-02 13:24:54.252714;;;;
5322;2014.01.1.034027-0;TJDFT;9;;8;62;1375;f;0;;;777-002.344/2015;1375;;2015-03-17 19:12:00.02;2016-10-06 21:34:34.726675;;;;
5330;034/2015;CODHAB;37;;16;4;521;f;0;;;777-002.354/2015;1375;;2015-03-17 20:11:57.507;2016-10-06 21:34:34.798593;;;;
5331;300.000.184/2015;CODHAB;37;;16;4;521;f;0;;;777-002.356/2015;1375;;2015-03-17 20:26:21.77;2016-10-06 21:34:34.807693;;;;
5334;2013.01.1.079741-2;TJDFT;9;;4;62;514;f;0;;;777-002.372/2015;1375;;2015-03-18 19:57:54.31;2016-10-06 21:34:34.83526;;;;
5337;2006.01.1.054994-4;TJDFT;6;;3;62;1375;f;0;;;777-002.375/2015;1375;;2015-03-18 20:07:52.12;2016-10-06 21:34:34.86254;;;;
5341;11133/89;TJDFT;37;;4;62;1375;f;0;;;777-002.379/2015;1375;;2015-03-18 20:47:03.367;2016-10-06 21:34:34.900901;;;;
5962;0705872-36.2017.8.07.0018;TJDFT;3;1000.0;6;;;t;1;;;;514;;2017-08-25 17:24:23.627487;2017-08-25 17:24:23.627487;f;;;
6096;0700052-02.2018.8.07.0018;TJDFT;3;180400.0;4;;;t;;;;;514;;2018-01-16 17:50:42.687134;2018-01-16 17:50:42.687134;;;;
6097;0700140-40.2018.8.07.0018;TJDFT;10;1000.0;7;;;t;1;;;;514;;2018-01-18 16:13:59.883017;2018-01-18 16:13:59.883017;;;;
6181;0703110-13.2018.8.07.0018;TJDFT;1;80000.0;4;;;t;1;;;;514;;2018-04-16 18:07:01.617412;2018-04-16 18:07:01.617412;;;;
6253;0705331-66.2018.8.07.0018;TJDFT;1;20000.0;2;;;t;1;;;;514;;2018-07-11 14:34:48.136577;2018-07-11 14:34:48.136577;;;;
5335;0007675-21.1995.8.07.0001;TJDFT;6;0.0;4;62;521;t;0;;;777-002.373/2015;1375;;2015-03-18 19:59:58.94;2018-10-02 13:15:37.172855;;;;
5340;000975-18.2014.5.10.0005;TRT 10;32;5000.0;16;20;1373;t;0;;;777-002.378/2015;1375;;2015-03-18 20:39:42.4;2018-11-27 17:24:02.76979;;;;
5336;2010.01.1.164033-7;TJDFT;6;1200.0;4;62;1373;f;0;;;777-002.374/2015;1375;;2015-03-18 20:06:02.92;2018-08-24 19:55:03.784583;;;;
5338;2000.01.1.028944-7;TJDFT;9;438.77;3;62;1375;f;0;;;777-002.376/2015;1375;;2015-03-18 20:09:42.24;2018-08-24 19:55:28.144966;;;;
5339;1999.01.1.059325-2;TJDFT;11;12762.59;4;62;1375;f;0;;;777-002.377/2015;1375;;2015-03-18 20:14:55.27;2018-08-24 19:56:00.254379;;;;
5342;2011.01.1.053811-8;TJDFT;1;500.0;12;62;1373;t;0;;;777-002.380/2015;1375;;2015-03-18 21:23:44.477;2018-08-24 19:56:18.820338;;;;
5344;2015.01.1.011634-9;TJDFT;14;49500.0;3;15;514;f;0;;;777-002.382/2015;1375;;2015-03-18 21:38:01.837;2018-08-24 19:56:46.201623;;;;
6338;0710779-20.2018.8.07.0018;TJDFT;1;954.0;8;;;t;1;;;;514;;2018-11-29 19:21:53.877102;2018-11-29 19:21:53.877102;;;;
5346;2011.01.1.010983-8;TJDFT;14;60689.89;4;15;514;f;0;;;777-002.384/2015;1375;;2015-03-18 21:50:55.767;2018-08-24 19:57:29.565211;;;;
5347;2015.01.1.018333-9;TJDFT;10;1000.0;2;15;1373;f;0;;;777-002.385/2015;1375;;2015-03-18 21:55:03.193;2018-08-24 19:57:49.749927;;;;
6402;0700789-68.2019.8.07.0018;TJDFT;1;100.0;2;;;t;1;;;;514;;2019-03-26 14:28:17.850668;2019-03-26 14:28:17.850668;;;;
5333;0706412-50.2018.8.07.0018;TJDFT;1;500.0;14;62;514;t;0;;;777-002.371/2015;1375;;2015-03-18 19:56:09.713;2018-08-28 13:59:13.205048;;;;
5327;2014.01.1.056829-3;TJDFT;10;30400.0;7;15;1373;t;0;;;777-002.350/2015;1375;3;2015-03-17 19:36:00.337;2018-09-28 18:41:53.858615;;;;
5332;2012.01.1.191937-7;TJDFT;1;;3;62;514;f;0;;;777-002.370/2015;1375;;2015-03-18 19:53:35.523;2018-09-28 18:43:58.524012;;;;
5323;0099500-24.2008.5.10.0012;TRT 10;32;;16;62;1375;f;0;;;777-002.345/2015;1375;;2015-03-17 19:16:28.357;2018-10-02 13:01:56.200067;;;;
5324;0160-82.2014.5.10.0017;TRT 10;32;;16;62;1373;f;0;;;777-002.346/2015;1375;;2015-03-17 19:17:58.607;2018-10-02 13:10:43.482232;;;;
5326;0075033-61.1999.8.07.0001;TJDFT;6;1000.0;2;62;514;t;0;;;777-002.349/2015;1375;;2015-03-17 19:27:27.293;2018-10-02 13:11:40.318379;;;;
5345;0003300-46.2010.8.07.0002;TJDFT;12;68000.0;3;15;514;t;0;;;777-002.383/2015;1375;;2015-03-18 21:46:34.857;2018-11-20 19:50:08.813581;;;;
45;0000327-11.2014.5.10.0014;TRT10;32;100.0;31;;;t;0;;;392-000.822/2015;1375;;2015-05-29 13:55:56.703;2018-12-03 13:50:59.254291;;;;
5740;0711877-40.2018.8.07.0018;OITAVA VARA DA FAZENDA;1;100000.0;8;;;t;0;;0.0;;1436;;2017-01-16 13:19:59.372745;2018-12-14 13:29:09.484164;;;;
6403;0701677-88.2019.8.07.0001;TJDFT;8;69262.39;17;;;t;;;;;514;;2019-03-27 14:06:26.920884;2019-03-27 14:06:26.920884;;;;
5348;2014.01.1.052804-8;TJDFT;9;;7;20;1373;f;0;;;777-002.386/2015;1375;;2015-03-18 22:04:49.097;2016-10-06 21:34:34.965802;;;;
5350;392-001.849/2013;CODHAB;37;;16;34;521;f;0;;;777-002.388/2015;1375;;2015-03-18 22:38:19.073;2016-10-06 21:34:34.985366;;;;
5351;392-068.184/2014;CODHAB;37;;16;34;521;f;0;;;777-002.389/2015;1375;;2015-03-18 22:41:55.82;2016-10-06 21:34:34.994801;;;;
5352;392-004.036/2015;CODHAB;37;;16;34;521;f;0;;;777-002.390/2015;1375;;2015-03-18 22:47:01.547;2016-10-06 21:34:35.004854;;;;
5360;2014.01.1.104590-2;TJDFT;37;;1;62;1375;f;0;;;777-002.411/2015;1375;;2015-03-19 21:03:27.413;2016-10-06 21:34:35.078892;;;;
5963;0708434-18.2017.8.07.0018;TJDFT;1;100000.0;5;;;t;1;;;;514;;2017-08-25 17:26:06.94214;2017-08-25 17:26:06.94214;f;;;
5745;2016.01.1.125162-2;PRIMEIRA VARA DA FAZENDA;1;100000.0;1;;;t;0;;0.0;;1436;;2017-01-19 16:09:49.563869;2018-08-27 19:59:45.437527;;;;
5354;2012.01.1.197934-0;TJDFT;6;100000.0;3;62;1373;f;0;;;777-002.400/2015;1375;;2015-03-19 19:01:19.507;2018-08-24 20:01:39.592304;;;;
5356;2003.01.1.113574-6;TJDFT;12;10000.0;1;62;514;f;0;;;777-002.402/2015;1375;;2015-03-19 19:05:31.933;2018-08-24 20:02:12.158126;;;;
5357;2013.01.1.088276-8;TJDFT;41;10000.0;16;62;1375;t;0;;;777-002.403/2015;1375;;2015-03-19 19:07:40.663;2018-08-24 20:04:55.756546;;;;
5359;2013.03.1.024617-3;TJDFT;30;49960.94;16;62;1375;f;0;;;777-002.405/2015;1375;;2015-03-19 19:10:40.267;2018-08-24 20:06:43.064205;;;;
5741;2016.01.1.125150-0;OITAVA VARA DA FAZENDA;1;80000.0;8;;;t;0;;0.0;;1436;;2017-01-18 12:43:42.021647;2018-08-27 19:58:04.098961;;;;
5361;261/2015;PCDF;37;;16;3;514;f;0;;;777-002.412/2015;1385;1;2015-03-20 11:28:13.4;2018-09-28 14:41:07.121534;;;;
5363;1848/2015;GAB/PROMAI;21;;17;3;514;f;0;;;777-002.420/2015;1385;1;2015-03-20 17:50:54.57;2018-09-28 14:41:14.794037;;;;
5364;1.928/2015;GAB/PROMAI;16;;17;3;514;f;0;;;777-002.422/2015;1385;1;2015-03-20 18:00:35.213;2018-09-28 14:41:29.873577;;;;
5365;1.933/2015;GAB/PROMAI;37;;17;3;514;f;0;;;777-002.424/2015;1385;1;2015-03-20 18:09:18.327;2018-09-28 14:41:37.884509;;;;
5366;679/2015;PROFIS;37;;17;3;514;f;0;;;777-002.425/2015;1385;1;2015-03-20 18:12:54.837;2018-09-28 14:41:45.880565;;;;
5367;1997/2015;GAB/PROMAI;37;;17;3;514;f;0;;;777-002.426/2015;1385;1;2015-03-20 18:15:55.283;2018-09-28 14:41:56.448709;;;;
5368;239/2015;TJDFT;37;;17;3;514;f;0;;;777-002.427/2015;1385;1;2015-03-20 18:20:56.58;2018-09-28 14:42:33.970095;;;;
5369;204/2015;TJDFT;37;;17;3;514;f;0;;;777-002.429/2015;1385;1;2015-03-20 18:23:55.667;2018-09-28 14:42:44.977625;;;;
5370;27/2015;TJDFT;37;;17;3;514;f;0;;;777-002.430/2015;1385;1;2015-03-20 18:26:15.07;2018-09-28 14:42:52.210496;;;;
5371;246/2015;DPDF;37;;17;3;514;f;0;;;777-002.431/2015;1385;1;2015-03-20 18:30:06.947;2018-09-28 14:42:58.896548;;;;
5372;269/2013;NAJ DE INICIAIS - DP;37;;17;3;514;f;0;;;777-002.432/2015;1385;1;2015-03-20 18:34:06.997;2018-09-28 14:43:13.431487;;;;
5373;154/2015;TJDFT;37;;17;3;514;f;0;;;777-002.433/2015;1385;1;2015-03-20 18:37:46.753;2018-09-28 14:43:20.800209;;;;
5374;04/DPDF;NAJ - DPDF;37;;17;3;514;f;0;;;777-002.434/2015;1385;1;2015-03-20 18:40:48.573;2018-09-28 14:43:30.833084;;;;
5375;195/2015;DPDF;37;;16;3;514;f;0;;;777-002.435/2015;1385;1;2015-03-20 18:48:39.677;2018-09-28 14:43:36.736873;;;;
5376;123/2015 - 1VOS;TJDFT;37;;16;3;514;f;0;;;777-002.436/2015;1385;1;2015-03-20 18:50:58.187;2018-09-28 14:43:53.742637;;;;
5377;225/2015;PRODEP - MPDFT;37;;16;3;514;f;0;;;777-002.437/2015;1385;1;2015-03-20 18:53:10.007;2018-09-28 14:43:59.682731;;;;
5355;0000986-97.1991.8.07.0001;TJDFT;11;150000.0;1;62;514;t;0;;;777-002.401/2015;1375;;2015-03-19 19:03:21.22;2018-11-27 11:59:42.130429;;;;
5743;0001754-66.2016.5.10.0016;DECIMA SEXTA VARA DO TRABALHO;32;53503.09;45;;;t;1;;;392-005.078/2018;1436;;2017-01-18 13:01:57.733806;2018-12-04 13:00:59.951914;;;;
5391;2013.01.1.024725-2;TJDFT;1;;5;62;1373;f;0;;;777-002.453/2015;1375;;2015-03-20 20:04:06.443;2016-10-06 21:34:35.308831;;;;
5394;392-006.679/2012;CODHAB;37;;16;34;521;f;0;;;777-002.458/2015;1375;;2015-03-20 20:40:13.607;2016-10-06 21:34:35.336632;;;;
5395;392-002.730/2014;CODHAB;37;;16;34;521;f;0;;;777-002.459/2015;1375;;2015-03-20 20:51:00.523;2016-10-06 21:34:35.345221;;;;
5396;392-002.981/2013;CODHAB;37;;16;23;521;f;0;;;777-002.460/2015;1375;;2015-03-20 20:54:09.813;2016-10-06 21:34:35.354152;;;;
5397;392-004.450/2015;CODHAB;37;;16;23;521;f;0;;;777-002.462/2015;1375;;2015-03-20 20:59:51.673;2016-10-06 21:34:35.363302;;;;
5398;102-044.247/1989;CODHAB;37;;16;32;521;f;0;;;777-002.464/2015;1375;;2015-03-20 21:07:25.6;2016-10-06 21:34:35.373837;;;;
5399;392-003.723/2015;CODHAB;37;;16;32;521;f;0;;;777-002.465/2015;1375;;2015-03-20 21:09:55.39;2016-10-06 21:34:35.386353;;;;
5387;2012.01.1.187890-0;TJDFT;1;100000.0;5;62;1375;f;0;;;777-002.449/2015;1375;;2015-03-20 19:47:48.277;2018-08-24 20:09:53.664164;;;;
5388;2013.01.1.036698-2;TJDFT;41;80000.0;16;62;1375;f;0;;;777-002.450/2015;1375;;2015-03-20 19:49:31.333;2018-08-24 20:10:36.612941;;;;
5390;2014.01.1.137679-4;TJDFT;9;65000.0;5;62;1373;f;0;;;777-002.452/2015;1375;;2015-03-20 20:01:57.4;2018-08-24 20:13:13.885721;;;;
5389;2013.01.1.072576-3;TJDFT;1;50000.0;8;62;1373;f;0;;;777-002.451/2015;1375;;2015-03-20 19:51:42.98;2018-08-24 20:12:24.583455;;;;
5392;2013.01.1.049448-9;TJDFT;1;80000.0;4;62;514;f;0;;;777-002.454/2015;1375;;2015-03-20 20:06:57.09;2018-08-24 20:13:42.748905;;;;
5378;1447/2015;GAB/PROMAI;37;;16;3;514;f;0;;;777-002.438/2015;1385;1;2015-03-20 18:59:30.85;2018-09-28 14:44:06.864362;;;;
5742;2016.01.1.111062-5;SEGUNDA VARA DA FAZENDA;14;25000.0;2;;;t;0;;0.0;;1436;;2017-01-18 12:46:27.22969;2018-08-27 19:59:10.621412;;;;
5379;661/2015;PROFIS;37;;17;3;514;f;0;;;777-002.439/2015;1385;1;2015-03-20 19:01:54.01;2018-09-28 14:44:31.542276;;;;
5380;194/2015;DPDF;37;;17;3;514;f;0;;;777-002.440/2015;1385;1;2015-03-20 19:03:50.213;2018-09-28 14:44:38.605596;;;;
5381;127/2015;TJDFT;37;;17;3;514;f;0;;;777-002.441/2015;1385;1;2015-03-20 19:05:53.347;2018-09-28 14:44:45.838576;;;;
5382;103/2015;NAJ-SAM- DPDF;37;;17;3;514;f;0;;;777-002.442/2015;1385;1;2015-03-20 19:08:13.293;2018-09-28 14:44:53.465626;;;;
5383;109/2015;NAJ-SAM- DPDF;37;;17;3;514;f;0;;;777-002.444/2015;1385;1;2015-03-20 19:10:28.747;2018-09-28 14:44:59.518265;;;;
5384;Jul-15;DPDF;37;;17;3;514;f;0;;;777-002.445/2015;1385;1;2015-03-20 19:12:32.937;2018-09-28 14:45:11.501575;;;;
5393;102-000.590/1972;CODHAB;37;;16;8;1373;f;0;;;777-002.457/2015;1375;;2015-03-20 20:30:03.587;2018-09-28 14:45:35.649807;;;;
5400;89/2015;TJDFT;37;;17;3;514;f;0;;;777-002.466/2015;1385;1;2015-03-20 21:21:39.777;2018-09-28 14:45:49.155825;;;;
5401;89/2015 DP;NAJ-SAM- DPDF;37;;17;3;514;f;0;;;777-002.467/2015;1385;1;2015-03-20 21:23:58.507;2018-09-28 14:46:04.951707;;;;
5403;1.262/2015;GAB/PROMAI;37;;17;3;514;f;0;;;777-002.469/2015;1385;1;2015-03-20 21:29:07.153;2018-09-28 14:46:26.343439;;;;
5404;1967/2015;GAB/PROMAI;37;;17;3;514;f;0;;;777-002.471/2015;1385;1;2015-03-23 14:13:12.75;2018-09-28 14:46:50.657919;;;;
5405;OFICIO 123;TJDFT;37;;17;3;514;f;0;;;777-002.472/2015;1385;1;2015-03-23 14:20:08.85;2018-09-28 14:52:17.217009;;;;
5406;OFICIO 137;TJDFT;37;;17;3;514;f;0;;;777-002.473/2015;1385;1;2015-03-23 14:22:40.903;2018-09-28 17:43:17.206362;;;;
5385;2015.00.2.007069-5;TJDFT;35;;13;62;514;f;0;;;777-002.447/2015;1375;;2015-03-20 19:40:22.26;2018-10-02 13:27:41.586652;;;;
5411;OFICIO DPDF NAJ-SAM 69/2015;DPDF;37;;17;3;514;t;0;;;777-002.478/2015;1385;1;2015-03-23 14:42:26.497;2016-10-06 21:34:35.464924;;;;
5413;OFICIO 128/2015;TJDFT;37;;17;3;514;t;0;;;777-002.480/2015;1385;1;2015-03-23 14:47:58.277;2016-10-06 21:34:35.478378;;;;
5414;OFICIO DPDF NAJ-SAM 83/2015;DPDF;37;;17;3;514;t;0;;;777-002.481/2015;1385;1;2015-03-23 14:49:40.257;2016-10-06 21:34:35.485322;;;;
5415;OFICIO 614/2015 ;CORF;37;;17;3;514;t;0;;;777-002.482/2015;1385;1;2015-03-23 14:51:12.983;2016-10-06 21:34:35.494075;;;;
5420;2014.01.1.198091-7;TJDFT;9;;3;62;514;f;0;;;777-002.488/2015;1375;;2015-03-23 19:49:09.167;2016-10-06 21:34:35.540641;;;;
5421;1999.01.1.053428-4;TJDFT;11;;6;62;514;f;0;;;777-002.489/2015;1375;;2015-03-23 19:53:55.943;2016-10-06 21:34:35.550465;;;;
5422;2012.01.1.169603-2;TJDFT;1;;2;62;514;f;0;;;777-002.490/2015;1375;;2015-03-23 19:57:55.797;2016-10-06 21:34:35.559647;;;;
5423;402.000.063/2015;CODHAB;37;;16;4;521;f;0;;;777-002.491/2015;1375;;2015-03-23 20:08:59.843;2016-10-06 21:34:35.568136;;;;
5424;392-004.560/2015;CODHAB;37;;16;20;521;f;0;;;777-002.492/2015;1375;;2015-03-23 20:15:44.29;2016-10-06 21:34:35.577149;;;;
5425;392-003.528/2011;CODHAB;37;;16;34;521;f;0;;;777-002.493/2015;1375;;2015-03-23 21:08:29.783;2016-10-06 21:34:35.586071;;;;
5426;392-011.330/2013;CODHAB;37;;16;34;521;f;0;;;777-002.496/2015;1375;;2015-03-24 13:48:27.88;2016-10-06 21:34:35.594704;;;;
5434;.1.504/2015;GAB/PROMAI;37;;17;3;514;t;0;;;777-002.509/2015;1385;1;2015-03-24 18:08:15.127;2016-10-06 21:34:35.647063;;;;
5436;2013.01.1.079741-2;TJDFT;9;;4;62;1375;f;0;;;777-002.512/2015;1375;;2015-03-24 18:16:57.777;2016-10-06 21:34:35.66661;;;;
5417;2012.01.1.141180-9;TJDFT;1;80000.0;3;62;1373;f;0;;;777-002.485/2015;1375;;2015-03-23 19:16:29.207;2018-08-24 20:16:22.772144;;;;
5419;2014.01.1.132792-8;TJDFT;9;80000.0;3;62;1375;f;0;;;777-002.487/2015;1375;;2015-03-23 19:29:48.63;2018-08-24 20:16:44.220661;;;;
5435;2012.01.1.194713-2;TJDFT;16;1822.62;4;62;1375;f;0;;;777-002.511/2015;1375;;2015-03-24 18:15:22.117;2018-08-24 20:17:17.393846;;;;
5407;OFICIO 64/2015;TJDFT;37;;17;3;514;f;0;;;777-002.474/2015;1385;1;2015-03-23 14:24:24.537;2018-09-28 17:43:29.771648;;;;
5408;OFICIO 165/2015;TJDFT;37;;17;3;514;f;0;;;777-002.475/2015;1385;1;2015-03-23 14:26:12.533;2018-09-28 17:43:45.460759;;;;
5409;OFICIO 456/2015;TJDFT;37;;17;3;514;f;0;;;777-002.476/2015;1385;1;2015-03-23 14:37:08.16;2018-09-28 17:44:12.111729;;;;
5410;OFICIO 66/2015;TJDFT;37;;17;3;514;f;0;;;777-002.477/2015;1385;1;2015-03-23 14:40:41.46;2018-09-28 17:44:27.089487;;;;
5412;1566/2015;GAB/PROMAI;37;;17;3;514;f;0;;;777-002.479/2015;1385;1;2015-03-23 14:46:02.59;2018-09-28 17:59:59.360852;;;;
5418;2012.01.1.198506-7;TJDFT;9;1886.64;2;62;1375;f;0;;;777-002.486/2015;1375;;2015-03-23 19:28:28.04;2018-09-28 18:02:02.996697;;;;
5427;232/2015;TJDFT;37;;17;3;514;f;0;;;777-002.500/2015;1385;1;2015-03-24 17:29:31.217;2018-09-28 18:02:30.311326;;;;
5428;1513/2015;GAB/PROMAI;37;;17;3;514;f;0;;;777-002.502/2015;1385;1;2015-03-24 17:38:38.81;2018-09-28 18:02:41.823622;;;;
5429;043/2015;TJDFT;37;;17;3;514;f;0;;;777-002.503/2015;1385;1;2015-03-24 17:45:18.857;2018-09-28 18:02:50.544268;;;;
5430;73/2015;DPDF NAJ SAM;37;;17;3;514;f;0;;;777-002.504/2015;1385;1;2015-03-24 17:50:02.327;2018-09-28 18:03:01.15148;;;;
5431;071/2015;TJDFT;37;;17;3;514;f;0;;;777-002.505/2015;1385;1;2015-03-24 17:52:49.327;2018-09-28 18:03:14.115004;;;;
5432;19/2015;TJDFT;37;;17;3;514;f;0;;;777-002.506/2015;1385;1;2015-03-24 17:56:08.21;2018-09-28 18:03:23.469085;;;;
5433;60/2015;TJDFT;37;;17;3;514;f;0;;;777-002.508/2015;1385;1;2015-03-24 18:02:07.073;2018-09-28 18:03:42.321071;;;;
5448;392-003.046/2014;CODHAB;37;;16;4;521;f;0;;;777-002.527/2015;1375;;2015-03-24 19:04:05.51;2016-10-06 21:34:35.778;;;;
5449;304.000.147/2015;CODHAB;37;;16;4;521;f;0;;;777-002.528/2015;1375;;2015-03-24 19:08:40.913;2016-10-06 21:34:35.787287;;;;
5450;392-004.559/2015;CODHAB;37;;16;34;521;f;0;;;777-002.529/2015;1375;;2015-03-24 19:13:02.9;2016-10-06 21:34:35.79766;;;;
5451;392-024.037/2012;CODHAB;37;;16;34;521;f;0;;;777-002.530/2015;1375;;2015-03-24 19:18:23.107;2016-10-06 21:34:35.806707;;;;
5452;392-003.676/2011;CODHAB;37;;16;62;521;f;0;;;777-002.536/2015;1375;;2015-03-25 11:33:03.997;2016-10-06 21:34:35.815382;;;;
5453;392-004.559/2015;CODHAB;37;;16;23;521;f;0;;;777-002.537/2015;1375;;2015-03-25 11:36:33.083;2016-10-06 21:34:35.824031;;;;
5462;391-001.610/2013;CODHAB;37;;16;34;521;f;0;;;777-002.553/2015;1375;;2015-03-25 17:00:49.82;2016-10-06 21:34:35.886169;;;;
5437;2013.01.1.121656-6;TJDFT;36;1000.0;4;62;1375;f;0;;;777-002.513/2015;1375;;2015-03-24 18:18:05.167;2018-08-24 20:17:49.300379;;;;
5446;501.000.010/2015;CODHAB;37;;16;4;1373;f;0;;;777-002.523/2015;1375;;2015-03-24 18:44:09.607;2018-10-02 12:21:56.304577;;;;
5438;2012.01.1.156141-9;TJDFT;42;120000.0;16;62;514;f;0;;;777-002.514/2015;1375;;2015-03-24 18:19:26.243;2018-08-24 20:18:18.500485;;;;
5455;197/2015;TJDFT;37;;17;3;514;f;0;;;777-002.540/2015;1385;1;2015-03-25 12:11:59.913;2018-09-28 18:09:13.301938;;;;
5440;2014.01.1.146114-3;TJDFT;9;250000.0;4;15;514;f;0;;;777-002.517/2015;1375;;2015-03-24 18:30:23.473;2018-08-24 20:19:30.901401;;;;
5441;2014.01.1.197500-5;TJDFT;9;100000.0;4;15;514;f;0;;;777-002.518/2015;1375;;2015-03-24 18:31:43.457;2018-08-24 20:20:06.901623;;;;
5443;2010.01.1.217099-3;TJDFT;35;100000.0;9;62;1373;t;0;;;777-002.520/2015;1375;;2015-03-24 18:34:37.257;2018-08-24 20:21:43.235999;;;;
5439;2015.01.1.030292-0;TJDFT;9;50000.0;6;15;514;f;0;;;777-002.516/2015;1375;;2015-03-24 18:29:03.93;2018-09-28 18:06:56.597656;;;;
5463;2012.01.1.190643-0;TJDFT;16;1629.28;7;62;1375;f;0;;;777-002.560/2015;1375;;2015-03-25 18:36:45.32;2018-08-24 20:23:32.310073;;;;
5447;2013.01.1.110817-8;TJDFT;37;617.0;16;14;1375;f;0;;;777-002.524/2015;1375;;2015-03-24 18:46:42.613;2018-08-24 20:23:08.853041;;;;
5464;2013.01.1.053015-8;TJDFT;1;10235.18;7;62;1375;f;0;;;777-002.561/2015;1375;;2015-03-25 18:39:11.673;2018-08-24 20:23:52.480486;;;;
5466;2013.01.1.138452-5;TJDFT;1;80000.0;13;62;1375;f;0;;;777-002.563/2015;1375;;2015-03-25 18:43:37.317;2018-08-24 20:24:33.486987;;;;
5444;2015.01.1.005140-3;TJDFT;16;2799.6;2;15;1373;f;0;;;777-002.521/2015;1375;;2015-03-24 18:39:20.023;2018-09-28 18:06:14.361009;;;;
5458;201/2015;TJDFT;37;;17;3;514;f;0;;;777-002.543/2015;1385;1;2015-03-25 12:39:11.347;2018-09-28 18:10:04.252832;;;;
5459;044/2015;TJDFT;37;;17;3;514;f;0;;;777-002.544/2015;1385;1;2015-03-25 12:43:37.687;2018-09-28 18:10:15.502973;;;;
5460;1368/2015;GAB/PROMAI;37;;17;3;514;f;0;;;777-002.546/2015;1385;1;2015-03-25 12:53:40.897;2018-09-28 18:10:32.502713;;;;
5461;146/2015;TJDFT;37;;17;3;514;f;0;;;777-002.547/2015;1385;1;2015-03-25 12:58:45.257;2018-09-28 18:10:50.774595;;;;
5454;1.504/2015;GAB/PROMAI;37;;17;3;514;f;0;;;777-002.539/2015;1385;1;2015-03-25 12:05:14.387;2018-10-02 12:20:46.930749;;;;
5445;0004923-24.2015.8.07.0018;TJDFT;9;19623.27;2;15;1373;t;0;;;777-002.522/2015;1375;;2015-03-24 18:40:48.973;2018-10-02 12:21:40.869763;;;;
5456;310.000.245/2015;GAB/SEGETH;37;;17;3;514;f;0;;;777-002.541/2015;1385;1;2015-03-25 12:16:00.28;2018-10-02 12:22:22.299734;;;;
5457;111/1;TJDFT;37;;17;3;514;f;0;;;777-002.542/2015;1385;1;2015-03-25 12:20:24.953;2018-10-02 12:22:30.947396;;;;
5471;2012.01.1.171564-9;TJDFT;42;;16;62;1373;f;0;;;777-002.568/2015;1375;;2015-03-25 18:52:47.123;2016-10-06 21:34:35.972881;;;;
5474;16694/94;TJDFT;11;;1;62;514;f;0;;;777-002.572/2015;1375;;2015-03-25 18:58:21.307;2016-10-06 21:34:36.002459;;;;
5478;112-004.457/2011;CODHAB;37;;16;8;521;f;0;;;777-002.578/2015;1375;;2015-03-25 20:27:04.737;2016-10-06 21:34:36.040079;;;;
5479;304.000.171/2015;CODHAB;37;;16;4;521;f;0;;;777-002.579/2015;1375;;2015-03-25 20:33:14.49;2016-10-06 21:34:36.049084;;;;
5480;0;CODHAB;37;;1;34;521;f;0;;;392-004.851/2015;1375;2;2015-04-14 12:26:44.967;2016-10-06 21:34:36.059291;;;;
5481;305.000.051/2015;CODHAB;37;;16;4;521;f;0;;;777-002.583/2015;1375;;2015-03-26 11:58:40.727;2016-10-06 21:34:36.07067;;;;
5485;2011.01.1.180365-0;TJDFT;9;;16;62;1373;f;0;;;777-002.610/2015;1375;;2015-03-26 21:21:49.07;2016-10-06 21:34:36.109086;;;;
5488;392-004.533/2015;CODHAB;37;;16;23;521;f;0;;;777-002.613/2015;1375;;2015-03-26 22:18:16.833;2016-10-06 21:34:36.139606;;;;
5489;392-004.551/2015;CODHAB;37;;16;23;521;f;0;;;777-002.614/2015;1375;;2015-03-26 22:19:35.83;2016-10-06 21:34:36.149007;;;;
5490;392-004.240/2012;CODHAB;37;;16;34;521;f;0;;;777-002.615/2015;1375;;2015-03-26 22:25:40.11;2016-10-06 21:34:36.159322;;;;
5491;392-004.531/2015;CODHAB;37;;16;23;521;f;0;;;777-002.616/2015;1375;;2015-03-26 22:28:48.293;2016-10-06 21:34:36.168191;;;;
5492;102-039.980/1987;CODHAB;37;;16;34;521;f;0;;;777-002.617/2015;1375;;2015-03-26 22:30:41.737;2016-10-06 21:34:36.177518;;;;
5468;2013.01.1.157084-0;TJDFT;1;100000.0;5;62;1373;f;0;;;777-002.565/2015;1375;;2015-03-25 18:47:56.79;2018-08-24 20:25:44.403484;;;;
5469;2012.01.1.168390-7;TJDFT;1;100000.0;4;62;1373;f;0;;;777-002.566/2015;1375;;2015-03-25 18:49:15.853;2018-08-24 20:26:09.644793;;;;
5470;2003.01.1.055277-0;TJDFT;37;11000.0;3;62;1373;t;0;;;777-002.567/2015;1375;;2015-03-25 18:51:02.04;2018-08-24 20:26:32.630802;;;;
5475;2014.01.1.128110-6;TJDFT;9;0.0;3;62;514;f;0;;;777-002.573/2015;1375;;2015-03-25 19:06:16.687;2018-08-24 20:26:52.831619;;;;
5476;2013.01.1.154284-4;TJDFT;1;100.0;3;62;514;f;0;;;777-002.574/2015;1375;;2015-03-25 19:09:39.44;2018-08-24 20:27:20.080045;;;;
5482;2014.01.1.060222-0;TJDFT;9;50000.0;4;62;514;f;0;;;777-002.607/2015;1375;;2015-03-26 21:17:13.447;2018-08-24 20:27:44.814119;;;;
5483;2013.01.1.185121-2;TJDFT;27;1000.0;3;62;514;f;0;;;777-002.608/2015;1375;;2015-03-26 21:18:39.357;2018-08-24 20:28:03.790714;;;;
5494;2013.01.1.148426-8;TJDFT;1;50000.0;1;62;1399;f;0;;;777-002.635/2015;1375;;2015-03-27 20:36:10.387;2018-09-28 18:20:17.787318;;;;
5472;55147/96;TJDFT;8;15066.87;16;62;1373;f;0;;;777-002.570/2015;1375;;2015-03-25 18:54:45.807;2018-09-28 18:12:48.544954;;;;
5473;2010.01.1.175784-6;TJDFT;6;100000.0;3;62;1373;f;0;;;777-002.571/2015;1375;;2015-03-25 18:56:45.007;2018-09-28 18:17:44.934948;;;;
5477;1999.01.1.053428-4;TJDFT;11;100.0;6;62;514;f;0;;;777-002.576/2015;1375;;2015-03-25 19:11:10.403;2018-09-28 18:18:12.058343;;;;
5484;2013.01.1.033824-5;TJDFT;9;40000.0;12;62;1373;f;0;;;777-002.609/2015;1375;;2015-03-26 21:20:21.147;2018-09-28 18:18:32.553809;;;;
5487;32048/94;TJDFT;6;2427.85;3;62;1373;f;0;;;777-002.612/2015;1375;;2015-03-26 21:26:05.02;2018-09-28 18:19:20.734037;;;;
5493;2012.01.1.158609-8;TJDFT;1;150032.47;7;62;1399;f;0;;;777-002.634/2015;1375;;2015-03-27 20:34:40.813;2018-09-28 18:19:52.845144;;;;
5500;392-007.157/2012;CODHAB;16;;16;34;1399;t;0;;;777-002.641/2015;1375;;2015-03-30 11:10:32.957;2016-10-06 21:34:36.258637;;;;
5501;102-236.022/1983;CODHAB;37;;16;26;521;f;0;;;777-002.643/2015;1375;;2015-03-30 11:38:41.3;2016-10-06 21:34:36.267853;;;;
5502;102-039908/1987;CODHAB;37;;16;26;521;f;0;;;777-002.644/2015;1375;;2015-03-30 11:48:03.54;2016-10-06 21:34:36.277476;;;;
5503;392-004.850/2015;CODHAB;37;;16;34;1398;f;0;;;777-002.650/2015;1375;;2015-03-30 17:09:22.863;2016-10-06 21:34:36.287947;;;;
5505;310.000.223/2015;SEGETH;37;;16;3;1398;t;0;;;777-002.656/2015;1375;1;2015-03-30 19:52:33.693;2016-10-06 21:34:36.304126;;;;
5513;2012.01.1.183587-5;TJDFT;1;;8;20;1373;f;0;;;777-002.664/2015;1375;;2015-03-30 20:16:45.89;2016-10-06 21:34:36.378977;;;;
5514;392-004.857/2015;CODHAB;37;;16;34;521;f;0;;;777-002.665/2015;1375;;30/03/2015 21:08;2016-10-06 21:34:36.388418;;;;
5515;392-041.521/2013;CODHAB;37;;16;34;521;f;0;;;777-002.671/2015;1375;;2015-03-31 13:24:56.433;2016-10-06 21:34:36.397627;;;;
5516;300.000.198/2015;CODHAB;37;;16;4;1399;t;0;;;777-002.673/2015;1375;;2015-03-31 14:15:09.97;2016-10-06 21:34:36.411068;;;;
5517;300.000.197/2015;CODHAB;37;;16;4;1399;t;0;;;777-002.674/2015;1375;;2015-03-31 14:17:06.36;2016-10-06 21:34:36.420568;;;;
5521;2014.01.1.180880-3;TJDFT;9;;2;62;1399;f;0;;;777-002.688/2015;1375;;2015-03-31 18:49:46.513;2016-10-06 21:34:36.457373;;;;
5507;2014.01.1.098466-6;TJDFT;37;100000.0;3;62;1399;f;0;;;777-002.658/2015;1375;;2015-03-30 20:00:20.9;2018-06-19 15:41:50.494744;;;;
5499;2013.01.1.162387-7;TJDFT;35;0.0;9;62;1373;f;0;;;777-002.640/2015;1375;;2015-03-27 20:49:03.713;2018-07-03 15:30:40.320796;;;;
5504;2012.01.1.163906-8;TJDFT;1;13200.0;2;62;1399;f;0;;;777-002.655/2015;1375;;2015-03-30 19:49:52.623;2018-07-03 15:31:51.571628;;;;
5506;2012.01.1.169603-2;TJDFT;1;622.0;2;62;1399;f;0;;;777-002.657/2015;1375;;2015-03-30 19:58:03.4;2018-07-03 15:33:03.211869;;;;
5508;2013.01.1.058207-0;TJDFT;1;80000.0;7;62;1398;f;0;;;777-002.659/2015;1375;;2015-03-30 20:02:29.773;2018-07-03 15:35:04.155234;;;;
5509;2014.01.1.066481-9;TJDFT;9;120559.14;3;62;1398;f;0;;;777-002.660/2015;1375;;2015-03-30 20:04:17.85;2018-07-03 15:35:57.981265;;;;
5496;0713613-30.2017.8.07.0018;TJDFT;9;;1;62;514;f;0;;;777-002.637/2015;1375;;2015-03-27 20:45:15.453;2018-10-02 12:23:26.028936;;;;
5511;2012.01.1.190484-4;TJDFT;42;1000.0;16;62;1373;f;0;;;777-002.662/2015;1375;;2015-03-30 20:09:50.817;2018-07-03 15:41:22.307727;;;;
5512;2015.01.1.014032-7;TJDFT;3;200.0;1;15;1373;f;0;;;777-002.663/2015;1375;;2015-03-30 20:14:10.733;2018-07-03 15:42:16.383768;;;;
5518;2011.01.1.215685-2;TJDFT;1;105000.0;3;62;1398;f;0;;;777-002.684/2015;1375;;2015-03-31 18:45:52.2;2018-07-03 15:46:02.008928;;;;
5519;2014.01.1.035722-6;TJDFT;9;163000.0;3;62;1398;f;0;;;777-002.685/2015;1375;;2015-03-31 18:47:28.61;2018-07-03 15:47:59.286743;;;;
5520;2014.01.1.173757-2;TJDFT;9;100000.0;2;62;1399;f;0;;;777-002.687/2015;1375;;2015-03-31 18:48:44.287;2018-07-03 15:50:11.0536;;;;
5522;2014.01.1.087451-2;TJDFT;9;100000.0;3;62;1399;f;0;;;777-002.689/2015;1375;;2015-03-31 18:51:07.807;2018-07-03 15:51:05.443247;;;;
5497;2011.01.1.107350-3;TJDFT;6;50000.0;1;62;1398;f;0;;;777-002.638/2015;1375;;2015-03-27 20:46:16.12;2018-09-28 18:21:46.743814;;;;
5510;2014.01.1.050476-7;TJDFT;12;50000.0;3;62;1398;f;0;;;777-002.661/2015;1375;;2015-03-30 20:06:04.307;2018-09-28 18:27:05.025267;;;;
5526;392-004.613/2015;CODHAB;37;;16;34;521;f;0;;;777-002.701/2015;1375;;2015-04-01 14:17:25.867;2016-10-06 21:34:36.503544;;;;
5527;392-004.850/2015;CODHAB;37;;16;34;1398;t;0;;;777-002.705/2015;1375;;2015-04-01 14:35:07.22;2016-10-06 21:34:36.51279;;;;
5528;391-001.610/2013;CODHAB;37;;16;34;1398;f;0;;;777-002.715/2015;1375;;2015-04-01 19:49:15.503;2016-10-06 21:34:36.522796;;;;
5530;392-004.245/2015;CODHAB;37;;16;34;521;f;0;;;777-002.718/2015;1375;;2015-04-01 20:30:54.497;2016-10-06 21:34:36.541778;;;;
5532;102-070669/1976;CODHAB;37;;16;26;521;f;0;;;777-002.730/2015;1375;;2015-04-02 17:45:00.667;2016-10-06 21:34:36.560241;;;;
5533;102-005.911/1985;CODHAB;37;;16;26;521;f;0;;;777-002.737/2015;1375;;2015-04-06 13:39:58.557;2016-10-06 21:34:36.569911;;;;
5534;390-003.525/2007;CODHAB;37;;16;4;521;f;0;;;777-002.740/2015;1375;;2015-04-06 15:24:19.667;2016-10-06 21:34:36.579073;;;;
5535;392-003.723/2015;CODHAB;37;;16;32;1375;f;0;;;777-002.743/2015;1375;;2015-04-06 17:27:18.137;2016-10-06 21:34:36.590421;;;;
5538;392-004.890/2015;CODHAB;37;;16;23;1375;f;0;;;777-002.751/2015;1375;;2015-04-06 21:04:39.347;2016-10-06 21:34:36.618534;;;;
5539;392-003.534/2015;CODHAB;37;;16;4;521;f;0;;;777-002.752/2015;1375;;2015-04-06 21:06:07.737;2016-10-06 21:34:36.627631;;;;
5540;392-004.887/2015;CODHAB;37;;16;4;521;f;0;;;777-002.753/2015;1375;;2015-04-06 21:12:35.053;2016-10-06 21:34:36.637134;;;;
5541;2014.01.1.191190-5;TJDFT;9;;3;62;1375;f;0;;;777-002.754/2015;1375;;2015-04-06 21:28:35.16;2016-10-06 21:34:36.64686;;;;
5523;2014.01.1.093386-8;TJDFT;9;1000.0;3;62;1373;f;0;;;777-002.690/2015;1375;;2015-03-31 18:52:40.47;2018-07-03 15:51:55.622453;;;;
5524;2013.01.1.024722-8;TJDFT;9;80000.0;15;62;1373;f;0;;;777-002.691/2015;1375;;2015-03-31 18:54:25.757;2018-07-05 15:27:59.834739;;;;
5529;2015.01.1.025359-3;TJDFT;1;85000.0;2;15;1373;f;0;;;777-002.717/2015;1375;;2015-04-01 20:25:20.437;2018-07-09 12:08:00.999249;;;;
5531;2014.01.1.189783-3;TJDFT;25;84983.0;8;15;1373;f;0;;;777-002.719/2015;1375;;2015-04-01 20:55:16.597;2018-07-09 12:09:39.748011;;;;
5542;2014.01.1.198982-9;TJDFT;9;40000.0;5;15;1373;t;0;;;777-002.755/2015;1375;;2015-04-06 21:30:38.713;2018-07-09 12:12:42.987186;;;;
5543;2013.01.1.054734-6;TJDFT;42;85387.47;16;62;1373;f;0;;;777-002.756/2015;1375;;2015-04-06 21:33:35.833;2018-07-09 12:14:07.544185;;;;
5544;2013.01.1.179743-4;TJDFT;35;100000.0;9;62;1373;t;0;;;777-002.757/2015;1375;;2015-04-06 21:37:13.287;2018-07-09 12:15:19.412313;;;;
5545;2012.01.1.190503-5;TJDFT;9;1402.13;3;62;1399;f;0;;;777-002.758/2015;1375;;2015-04-06 21:41:40.71;2018-07-09 12:55:27.833897;;;;
5546;2014.01.1.194056-9;TJDFT;9;1000.0;3;62;1399;f;0;;;777-002.759/2015;1375;;2015-04-06 21:45:15.203;2018-07-09 12:58:01.050529;;;;
5547;2012.01.1.195987-9;TJDFT;1;100000.0;3;62;1399;f;0;;;777-002.760/2015;1375;;2015-04-06 21:48:07.067;2018-07-09 12:58:53.495938;;;;
5548;2014.01.1.193471-4;TJDFT;9;80000.0;3;62;1398;f;0;;;777-002.761/2015;1375;;2015-04-06 21:50:48.373;2018-07-09 12:59:44.241296;;;;
5549;2012.01.1.136715-6;TJDFT;1;80000.0;3;62;1398;f;0;;;777-002.762/2015;1375;;2015-04-06 21:52:09.213;2018-07-09 13:00:32.871216;;;;
5550;2013.01.1.018632-6;TJDFT;10;1000.0;2;62;1398;f;0;;;777-002.763/2015;1375;;2015-04-06 21:55:16.663;2018-07-09 13:01:50.378987;;;;
5551;392-053.066/2014;CODHAB;37;;16;43;1375;t;0;;;777-002.772/2015;1375;;2015-04-07 18:02:07.903;2016-10-06 21:34:36.741304;;;;
5552;392-001.849/2013;CODHAB;37;;16;34;1375;f;0;;;777-002.776/2015;1375;;2015-04-07 19:36:25.973;2016-10-06 21:34:36.750784;;;;
5557;2013.01.1.026307-5;TJDFT;9;;2;62;1399;f;0;;;777-002.783/2015;1375;;2015-04-07 21:11:44.38;2016-10-06 21:34:36.794304;;;;
5559;2012.01.1.183587-5;TJDFT;1;;8;62;1399;f;0;;;777-002.785/2015;1375;;2015-04-07 21:14:23.063;2016-10-06 21:34:36.812152;;;;
5560;2012.01.1.126122-9;TJDFT;14;;15;62;1375;f;0;;;777-002.786/2015;1375;;2015-04-07 21:16:45.837;2016-10-06 21:34:36.820852;;;;
5561;3782-10.2015.4.01.3400;TRF 1;9;;16;62;1375;f;0;;;777-002.787/2015;1375;;2015-04-07 21:19:39.4;2016-10-06 21:34:36.830375;;;;
5565;102-101.635/1977;CODHAB;37;;16;34;1398;t;0;;;777-002.791/2015;1375;;2015-04-07 21:33:35.92;2016-10-06 21:34:36.867049;;;;
5566;392-007.743/2010;CODHAB;37;;16;3;521;f;0;;;777-002.793/2015;1375;;2015-04-08 11:29:04.293;2016-10-06 21:34:36.876997;;;;
5568;501.000.019/2015;CODHAB;37;;16;4;521;f;0;;;777-002.808/2015;1375;;2015-04-08 18:21:56.677;2016-10-06 21:34:36.895763;;;;
5572;0000160-82.2014.5.10.0017;TRT 10;32;;16;62;1375;f;0;;;777-002.819/2015;1375;;2015-04-08 18:53:40.26;2016-10-06 21:34:36.932996;;;;
5573;2013.01.1.059713-3;TJDFT;9;;7;20;1375;f;0;;;777-002.821/2015;1375;;2015-04-08 18:57:48.877;2016-10-06 21:34:36.942304;;;;
5574;2015.01.1.001550-7;TJDFT;3;;6;20;1373;f;0;;;777-002.822/2015;1375;;2015-04-08 18:59:48.17;2016-10-06 21:34:36.951731;;;;
5575;392-010.398/2014;CODHAB;37;;16;23;521;f;0;;;777-002.823/2015;1375;;2015-04-08 19:19:50.187;2016-10-06 21:34:36.960906;;;;
5576;102-003038/73;CODHAB;37;;16;34;521;f;0;;;777-002.825/2015;1375;;2015-04-08 19:26:42.883;2016-10-06 21:34:36.970108;;;;
5577;102-046.850/1989;CODHAB;37;;16;26;1375;t;0;;;777-002.827/2015;1375;;2015-04-08 19:29:01.133;2016-10-06 21:34:36.979162;;;;
5578;392-004.857/2015;CODHAB;37;;16;34;1375;f;0;;;777-002.829/2015;1375;;2015-04-09 11:40:53.203;2016-10-06 21:34:36.987973;;;;
5554;2013.01.1.039233-9;TJDFT;1;80000.0;2;62;1398;f;0;;;777-002.780/2015;1375;;2015-04-07 21:07:17.807;2018-07-09 13:03:55.674328;;;;
5555;2013.01.1.025253-7;TJDFT;1;100000.0;2;62;1398;f;0;;;777-002.781/2015;1375;;2015-04-07 21:09:07.32;2018-07-09 13:04:58.164069;;;;
5556;1999.01.1.062045-0;TJDFT;6;5180.9;2;62;1399;f;0;;;777-002.782/2015;1375;;2015-04-07 21:10:29.813;2018-08-24 20:31:56.830856;;;;
5558;2010.01.1.027355-5;TJDFT;6;129150000.0;9;62;1399;t;0;;;777-002.784/2015;1375;;2015-04-07 21:13:06.063;2018-08-24 20:32:19.946779;;;;
5562;2010.01.1.215586-8;TJDFT;15;2000.0;11;62;1373;f;0;;;777-002.788/2015;1375;;2015-04-07 21:21:15.84;2018-08-24 20:32:43.281814;;;;
5563;2014.01.1.173691-4;TJDFT;9;100.0;1;62;1373;f;0;;;777-002.789/2015;1375;;2015-04-07 21:23:55.927;2018-08-24 20:33:07.994997;;;;
5564;2014.01.1.122104-5;TJDFT;9;130000.0;6;15;1373;t;0;;;777-002.790/2015;1375;;2015-04-07 21:25:26.877;2018-08-24 20:33:28.063639;;;;
5569;2013.01.1.140170-0;TJDFT;1;100000.0;5;62;1399;f;0;;;777-002.813/2015;1375;;2015-04-08 18:45:08.437;2018-08-24 20:33:52.389519;;;;
5570;2011.01.1.206327-6;TJDFT;14;30000.0;13;62;1399;f;0;;;777-002.815/2015;1375;;2015-04-08 18:47:56.997;2018-08-24 20:34:17.542966;;;;
5567;111/2015;TJDFT;37;;17;3;514;f;0;;;777-002.807/2015;1385;;2015-04-08 17:33:02.827;2018-09-28 18:27:25.416743;;;;
5579;392-004.858/2012;CODHAB;37;;16;23;521;f;0;;;777-002.833/2015;1375;;2015-04-09 18:03:25.11;2016-10-06 21:34:36.997566;;;;
5584;2015.00.2.008770-5;TJDFT;35;;13;62;1375;t;0;;;777-002.841/2015;1375;;2015-04-09 19:53:56.863;2016-10-06 21:34:37.047387;;;;
5586;2014.01.1.158446-6;TJDFT;16;;16;62;1375;f;0;;;777-002.843/2015;1375;;2015-04-09 19:58:03.593;2016-10-06 21:34:37.066746;;;;
5591;392-003.723/2015;CODHAB;37;;16;32;1438;f;0;;;777-002.849/2015;1375;;2015-04-09 20:23:00.523;2016-10-06 21:34:37.123417;;;;
5592;392-003.723/2015;CODHAB;37;;16;32;1438;t;0;;;777-002.850/2015;1375;;2015-04-09 20:23:07.577;2016-10-06 21:34:37.134539;;;;
5593;392-004.890/2015;CODHAB;37;;16;23;1438;t;0;;;777-002.851/2015;1375;;2015-04-09 20:44:21.283;2016-10-06 21:34:37.145074;;;;
5594;3782-10.2015.4.01.3400;TRF 1;9;;16;62;1438;t;0;;;777-002.852/2015;1375;;2015-04-09 20:45:46.447;2016-10-06 21:34:37.15606;;;;
5597;392-001.849/2013;CODHAB;37;;16;34;1438;t;0;;;777-002.855/2015;1375;;2015-04-09 20:54:50.59;2016-10-06 21:34:37.195592;;;;
5599;2013.01.1.059713-3;TJDFT;9;;7;20;1438;f;0;;;777-002.857/2015;1375;;2015-04-09 20:57:08.243;2016-10-06 21:34:37.215176;;;;
5600;392-010.398/2014;CODHAB;37;;16;23;521;f;0;;;777-002.859/2015;1375;;2015-04-10 15:14:39.06;2016-10-06 21:34:37.226228;;;;
5601;102-003.945/1985;CODHAB;37;;16;26;1398;f;0;;;777-002.860/2015;1375;;2015-04-10 15:21:42.367;2016-10-06 21:34:37.237002;;;;
5602;102-003.945/1985;CODHAB;37;;16;26;1398;t;0;;;777-002.861/2015;1375;;2015-04-10 17:34:09.207;2016-10-06 21:34:37.248322;;;;
5590;2014.01.1.191190-5;TJDFT;9;100.0;3;62;1438;f;0;;;777-002.848/2015;1375;;2015-04-09 20:21:16.753;2018-06-29 16:24:24.022708;;;;
5595;2012.01.1.126122-9;TJDFT;14;25000.0;15;62;1438;f;0;;;777-002.853/2015;1375;;2015-04-09 20:46:52.293;2018-06-29 16:25:37.52042;;;;
5596;2012.01.1.183587-5;TJDFT;1;80000.0;8;62;1438;f;0;;;777-002.854/2015;1375;;2015-04-09 20:53:39.687;2018-06-29 16:27:07.012131;;;;
5583;0706336-26.2018.8.07.0018;TJDFT;9;;10;62;1438;t;0;;;777-002.840/2015;1375;;2015-04-09 19:51:37.07;2018-07-12 13:52:27.548884;;;;
5604;2013.01.1.101102-3;CODHAB;9;107144.11;13;62;1373;f;0;;;777-002.868/2015;1375;;2015-04-10 19:30:30.277;2018-08-24 20:29:42.676986;;;;
5580;2014.01.1.178443-0;TJDFT;9;50000.0;6;62;1399;f;0;;;777-002.837/2015;1375;;2015-04-09 19:45:54.09;2018-08-24 20:35:01.680991;;;;
5581;2014.01.1.080539-8;TJDFT;9;100000.0;6;62;1373;f;0;;;777-002.838/2015;1375;;2015-04-09 19:47:35.177;2018-08-24 20:35:36.021149;;;;
5582;2014.01.1.052804-8;TJDFT;9;50000.0;7;62;1373;f;0;;;777-002.839/2015;1375;;2015-04-09 19:49:18.59;2018-08-24 20:36:03.613426;;;;
5603;2015.00.2.005755-9;TJDFT;9;3250.0;10;62;1373;f;0;;;777-002.867/2015;1375;;2015-04-10 19:27:07.193;2018-09-28 18:37:39.668955;;;;
5585;2014.01.1.150507-6;TJDFT;9;100000.0;4;62;1375;f;0;;;777-002.842/2015;1375;;2015-04-09 19:56:17.297;2018-09-28 18:27:42.749035;;;;
5587;2012.01.1.194438-2;TJDFT;9;1822.62;8;62;1398;f;0;;;777-002.844/2015;1375;;2015-04-09 20:00:27.223;2018-09-28 18:38:53.640823;;;;
5598;0000160-82.2014.5.10.0017;TRT 10;32;;16;62;1438;f;0;;;777-002.856/2015;1375;;2015-04-09 20:55:54.503;2018-11-27 13:26:42.355396;;;;
5589;0002989-31.2015.8.07.0018;TJDFT;9;100000.0;9;62;1438;t;0;;;777-002.847/2015;1375;;2015-04-09 20:19:38.923;2019-01-24 13:13:37.446059;;;;
5612;0;CODHAB;37;;1;3;521;f;0;;;402-000.083/2015;1375;2;2015-04-14 12:21:52.98;2016-10-06 21:34:37.388206;;;;
5613;0;CODHAB;37;;1;4;521;f;0;;;160-000.073/2015;1375;2;2015-04-14 18:17:23.373;2016-10-06 21:34:37.403546;;;;
5614;0;CODHAB;37;;1;4;521;f;0;;;160-000.073/2015;1375;2;2015-04-14 18:18:11.827;2016-10-06 21:34:37.420057;;;;
5615;0;CODHAB;37;;1;4;521;f;0;;;160-000.074/2015;1375;2;2015-04-14 18:20:36.083;2016-10-06 21:34:37.436506;;;;
5617;0;CODHAB;37;;1;3;1375;t;0;;;100-000.847/2015;1375;2;2015-04-23 18:39:50.153;2016-10-06 21:34:37.467662;;;;
5618;0;CODHAB;37;;1;4;521;f;0;;;501-000.020/2015;1375;2;2015-04-15 18:31:11.137;2016-10-06 21:34:37.481407;;;;
5619;0;CODHAB;37;;1;26;521;f;0;;;777-002.910/2015;1375;2;2015-04-17 13:58:45.833;2016-10-06 21:34:37.494365;;;;
5620;0;CODHAB;37;;1;26;521;f;0;;;777-002.922/2015;1375;2;2015-04-17 18:01:34.427;2016-10-06 21:34:37.510347;;;;
5621;0;CODHAB;37;;1;4;521;f;0;;;305-000.073/2015;1375;2;2015-04-22 21:04:39.24;2016-10-06 21:34:37.52305;;;;
5622;0;CODHAB;37;;1;4;521;f;0;;;160-000.092/2015;1375;2;2015-04-23 13:19:50.377;2016-10-06 21:34:37.538634;;;;
5623;0;CODHAB;37;;1;4;521;f;0;;;300-000.251/2015;1375;2;2015-04-24 20:00:55.983;2016-10-06 21:34:37.554503;;;;
5624;2015.01.1.049950-5;TJDFT;1;;2;14;1375;f;0;;;777-003.111/2015;521;;2015-05-08 18:02:38.7;2016-10-06 21:34:37.576362;;;;
5625;0;CODHAB;37;;1;4;1375;t;0;;;304-000.254/2015;1375;2;2015-06-22 18:32:53.683;2016-10-06 21:34:37.592267;;;;
5626;0;CODHAB;37;;1;4;1398;t;0;;;304-000.254/2015;1375;2;2015-05-22 19:15:03.003;2016-10-06 21:34:37.608205;;;;
5627;0;CODHAB;37;;1;4;1436;t;0;;;300-000.444/2015;1375;2;2015-08-06 18:45:29.433;2016-10-06 21:34:37.622461;;;;
5628;0;CODHAB;37;;1;34;1438;t;0;;;392-011.382/2015;1375;2;2015-08-26 20:33:52.307;2016-10-06 21:34:37.641938;;;;
5629;0;DIRAD;37;;1;34;1438;t;0;;;392-011.382/2015;1375;2;2015-10-01 21:08:50.447;2016-10-06 21:34:37.658654;;;;
5630;0;CODHAB;37;;1;26;1373;t;0;;;777-005.605/2015;1375;2;2015-09-14 21:01:07.653;2016-10-06 21:34:37.672966;;;;
5631;0;CODHAB;37;;1;3;1375;t;0;;;120-000.853/2015;1375;2;2015-09-15 21:21:09.213;2016-10-06 21:34:37.688065;;;;
5607;2014.01.1.006090-0;TJDFT;37;17835.28;3;62;1399;f;0;;;777-002.872/2015;1375;;2015-04-10 19:40:01.333;2018-08-24 20:31:05.796218;;;;
5609;2013.01.1.094853-8;TJDFT;9;85000.0;12;62;1375;f;0;;;777-002.874/2015;1375;;2015-04-10 19:47:55.96;2018-08-24 20:31:28.233695;;;;
5633;0;ASMOB;37;;1;4;1373;f;0;;;850-000.061/2015;1375;2;2015-09-23 21:11:10.89;2018-09-28 12:29:48.202378;;;;
5611;2013.01.1.060658-9;TJDFT;35;0.0;9;62;1375;f;0;;;777-002.876/2015;1375;;2015-04-10 19:50:41.467;2018-08-27 18:03:05.984777;;;;
5746;2016.01.1.015146-6;"VARA DO MEIO AMBIENTE, DESENVOLVIMENTO URBANO E FUNDI脕RIO ";12;600000.0;14;;;t;0;;0.0;;1436;;2017-01-19 16:43:57.39466;2018-08-27 20:00:02.672835;;;;
5608;0000975-18.2014.5.10.0005;TRT 10;32;;16;20;1438;t;0;;;392-004.995/2015;1375;;2015-04-10 19:43:31.023;2018-12-03 13:20:03.351896;;;;
5634;0;ASMOB;37;;1;4;1373;f;0;;;850-000.061/2015;1375;2;2015-09-23 21:11:32.637;2018-09-28 12:30:05.150015;;;;
5632;0;CODHAB;37;;1;3;1375;f;0;;;120-000.854/2015;1375;2;2015-09-15 21:22:10.787;2018-09-28 12:32:41.938877;;;;
5616;fev/15;DPDF NAJ BRAS脥LIA;37;;17;3;514;f;0;;;777-002.898/2015;1436;;2015-04-14 20:52:47.243;2018-09-28 14:39:13.319527;;;;
5610;0049495-81.2009.8.07.0016;TJDFT;35;100000.0;9;62;1375;t;0;;;777-002.875/2015;1375;;2015-04-10 19:49:47.177;2019-01-24 13:11:03.142774;;;;
5639;0;DIMOB;37;;1;4;1373;t;0;;;300-000.598/2015;1375;2;2015-10-14 21:38:17.35;2016-10-06 21:34:37.795446;;;;
5640;0;DIMOB;37;;1;4;521;f;0;;;300-000.628/2015;1375;2;2015-10-27 12:36:29.213;2016-10-06 21:34:37.809371;;;;
5641;0;DIFIN;37;;1;4;521;f;0;;;540-000.046/2015;1375;2;2015-11-19 19:50:38.007;2016-10-06 21:34:37.823776;;;;
485;2016.01.1.062045-6;2 VARA DA FAZENDA;1;100000.0;2;;;f;0;;;;1436;;2016-08-01 14:21:51.73;2018-08-16 20:10:36.556021;;;;
5663;2016.01.1.100502-8;TJDFT;1;141247.08;5;;;t;0;;;;514;;2016-10-21 19:06:34.178685;2016-10-21 19:06:34.178685;;;;
1;2013.01.1.030700-6;TJDFT;30;465.0;4;;;f;0;;;;1375;;2015-04-14 14:57:31.317;2016-11-01 18:18:26.559729;;;;
5680;0036106-76.2016.8.07.0018;TJDFT;1;1000.0;55;;;t;0;;;;514;;2016-11-04 17:32:01.399725;2019-03-19 13:54:31.87414;f;;;
5678;0029833-81.2016.8.07.0018;TJDFT;1;1000.0;7;;;t;0;;;;514;;2016-11-04 17:27:20.874094;2018-12-14 13:26:17.095822;f;;;
5677;2016.01.1.097806-0;TJDFT;3;2000.0;1;;;f;0;;;;514;;2016-10-27 12:47:10.864996;2018-08-27 20:41:27.444751;f;;;
5657;0037389-37.2016.8.07.0018;TJDFT;1;16200.0;59;;;t;0;;;;514;;2016-10-18 10:39:40.126306;2017-08-03 12:22:46.709352;f;;;
5674;2016.01.1.092742-3;TJDFT;14;45000.0;8;;;t;0;;;;514;;2016-10-27 11:30:46.923958;2017-03-08 14:51:16.49318;f;;;
5676;2016.01.1.085659-4;TJDFT;1;1000.0;7;;;f;0;;;;514;;2016-10-27 11:36:08.516362;2018-08-27 20:41:07.978624;f;;;
5675;0036086-85.2016.8.07.0018;TJDFT;1;80000.0;1;;;t;0;;;;514;;2016-10-27 11:33:36.660639;2017-07-10 12:13:07.377269;f;;;
5672;2016.01.1.104639-7;TJDFT;1;80000.0;59;;;f;0;;;;514;;2016-10-27 11:25:33.487836;2018-08-27 20:40:51.130972;f;;;
5666;0036235-81.2016.8.07.0018;TJDFT;1;80000.0;4;;;t;0;;;;514;;2016-10-21 19:14:14.868199;2018-12-14 13:11:40.682324;;;;
5668;2004.01.1.008428-4;TJDFT;37;10000.0;8;;;t;0;;;;514;;2016-10-25 19:48:09.104757;2017-03-09 19:51:33.948241;f;;;
5648;0038711-29.2015.8.07.0018;TJDFT;37;200000.0;1;;;t;;;;;514;;2016-10-10 21:05:13.827;2018-09-04 15:15:55.483834;;;;
5662;0001440-23.2016.5.10.0016;TRT 10;32;100000.0;45;;;t;1;;;392-002.796/2018;514;;2016-10-19 10:58:43.455506;2018-12-04 12:49:16.002396;f;;;
5660;2016.01.1.085670-5;tjdft;1;1000.0;8;;;f;0;;;;514;;2016-10-18 10:56:16.484614;2018-08-27 20:47:05.591631;f;;;
5644;0001056-93.2016.5.10.0005;TJDFT;32;30000.0;37;;;t;;;;392-005.144/2018;514;;2016-10-11 11:34:45.517;2018-12-04 13:07:29.623672;f;;;
4369;2014.01.1.176231-0;TJDFT;37;100000.0;8;14;1006;t;0;;;777-019.367/2014;1167;3;2014-12-18 17:15:08.647;2018-06-21 13:11:54.106213;;;;
5655;2016.01.1.103570-5;TJDFT;1;80000.0;6;;;f;;;;;514;;2016-10-14 12:00:09.863;2018-08-27 20:44:35.903247;;;;
5649;2000.01.1.014680-5;TJDFT;8;10.0;4;;;t;;;;;514;;2016-10-10 20:43:00.097;2017-03-13 13:49:41.659552;f;;;
5650;0009432-88.2016.8.07.0009;TJDFT;27;100000.0;7;;;t;;;;;514;;2016-10-10 20:38:19.513;2018-12-06 16:59:50.028671;f;;;
5669;0016341-56.2015.8.07.0018;TJDFT;16;819848.62;8;;;t;;t;;;514;;2016-10-26 19:31:32.025456;2018-12-11 17:04:38.974849;f;;;
5645;0026092-15.2015.8.07.0003;TJDFT;30;1.0;2;;;t;;;;;514;;2016-10-10 21:17:05.72;2017-09-28 12:39:56.532618;;;;
5664;2016.01.1.089590-7;TJDFT;1;100000.0;5;;;f;0;;;;514;;2016-10-21 19:09:05.577592;2018-08-27 20:39:53.834219;;;;
566;2016.01.1.078432-6;TJDFT;15;100000.0;1;;;f;0;;;;514;;2016-10-06 19:33:47.947;2018-08-16 17:56:17.471424;;;;
488;2016.01.1.079253-9;VARA DO MEIO AMBIENTE DESENVOLVIMENTO URBANO E FUNDIARIO DO DF;37;13320.0;9;;;f;0;;;;1436;;2016-08-05 20:18:48.86;2018-08-16 20:11:14.177123;;;;
4207;2014.01.1.104217-2;TJDFT;37;724.0;8;62;1248;f;0;;;777-017.837/2014;1167;;2014-11-19 21:09:11.483;2018-08-23 19:55:27.765851;;;;
4900;2014.01.1.113337-4;TJDFT;9;5959.5;8;8;1006;f;0;;;777-001.532/2015;521;;2015-02-03 16:36:33.057;2018-08-24 18:13:07.642068;;;;
5213;2012.01.1.028925-5;TJDFT;10;30000.0;5;62;1373;t;0;;;777-002.143/2015;1375;;2015-03-06 18:29:12.867;2018-08-24 19:34:52.08225;;;;
5571;2010.01.1.216431-9;TJDFT;15;30000.0;8;62;1398;f;0;;;777-002.816/2015;1375;;2015-04-08 18:49:31.19;2018-08-24 20:34:39.803568;;;;
5642;0;DIFIN;37;;1;4;1375;f;0;;;540-000.046/2015;1375;2;2015-11-20 17:57:33.473;2018-09-28 11:44:41.37812;;;;
5665;2016.01.1.085665-8;TJDFT;1;1000.0;8;;;f;0;;;;514;;2016-10-21 19:12:03.774291;2018-08-27 20:40:07.591852;;;;
5670;2014.09.1.005335-3;TJDFT;9;150000.0;17;;;f;;;;;514;;2016-10-27 11:16:37.552775;2018-08-27 20:40:26.704459;f;;;
5647;2016.01.1.101910-3;TJDFT;1;100000.0;8;;;t;;;;;514;;2016-10-10 21:09:26.763;2018-08-27 20:43:31.289065;;;;
5646;2016.01.1.096403-3;TJDFT;1;131016.17;5;;;f;;;;;514;;2016-10-10 21:13:13.48;2018-08-27 20:43:52.977097;;;;
5656;00020355/97;TJDFT;37;3000.0;15;;;f;;;;;514;;2016-10-14 11:38:43.137;2018-08-27 20:44:12.659741;f;;;
5654;2016.01.1.099708-5;TJDFT;1;100000.0;7;;;f;;;;;514;;2016-10-14 12:02:09.857;2018-08-27 20:45:06.638538;;;;
5653;2016.01.1.085658-6;TJDFT;1;1000.0;2;;;t;;;;;514;;2016-10-14 12:03:56.967;2018-08-27 20:45:24.911825;;;;
5652;2016.01.1.100507-7;TJDFT;1;79185.79;1;;;f;;;;;514;;2016-10-14 12:05:45.577;2018-08-27 20:45:50.673288;;;;
5651;2016.01.1.095580-6;TJDFT;1;80000.0;5;;;t;;;;;514;;2016-10-14 12:09:08.393;2018-08-27 20:46:09.045664;;;;
5659;2016.01.1.103064-4;TJDFT;10;15000.0;7;;;f;0;f;1500.0;;514;;2016-10-18 10:46:20.847854;2018-08-27 20:46:42.79791;f;;;
5638;0;SECEX;37;;1;26;1375;f;0;;;777-006.335/2015;1375;2;2015-10-05 20:43:25.733;2018-09-28 12:27:28.882054;;;;
5636;0;DIMOB;37;;1;4;1373;f;0;;;300-000.519/2015;1375;2;2015-09-23 21:12:53.383;2018-09-28 12:29:27.592373;;;;
5637;0;DIMOB;37;;1;4;1438;f;0;;;300-000.524/2015;1375;2;2015-09-23 21:07:34.063;2018-09-28 12:30:20.224217;;;;
5667;0001388-36.2016.5.10.0013;TRT 10;32;61129.49;29;;;t;1;;;392-001.497/2017;514;;2016-10-25 18:49:59.164025;2018-12-03 15:51:46.734237;f;;;
5747;2015.01.1.144202-0;"VARA DO MEIO AMBIENTE, DESENVOLVIMENTO URBANO E FUNDI脕RIO ";12;788.0;14;;;t;0;;0.0;;1436;;2017-01-19 16:50:57.109006;2019-01-22 12:30:43.010218;;;;
5713;2016.01.1.122645-7;TJDFT;1;80000.0;2;;;f;0;;;;514;;2016-12-09 13:28:59.102594;2018-08-27 19:28:20.57618;f;;;
5728;2015.01.1.060796-5;VIG脡SIMA VARA C脥VEL DE BRASILIA;12;1000.0;17;;;t;0;;0.0;;1436;;2017-01-12 12:04:55.407192;2018-08-27 19:49:40.447948;;;;
5723;2016.01.1.093446-5;TJDFT;1;16200.0;1;;;f;0;;;;514;;2016-12-15 15:22:46.556924;2018-08-27 19:32:09.560882;f;;;
5688;0708684-17.2018.8.07.0018;TJDFT;1;100000.0;6;;;t;0;;;;514;;2016-11-10 18:44:19.828373;2018-09-14 21:21:13.508926;f;;;
5720;2016.01.1.118682-4;TJDFT;1;40000.0;8;;;t;0;;;;514;;2016-12-15 15:15:57.960385;2017-03-07 18:36:10.930645;f;;;
5722;2016.01.1.093442-4;TJDFT;1;16200.0;1;;;f;;;;;514;;2016-12-15 15:21:20.423384;2018-08-27 19:31:46.665035;f;;;
5686;2016.01.1.111190-9;TJDFT;1;16200.0;6;;;f;0;;;;514;;2016-11-10 18:39:50.667528;2018-08-27 19:29:44.272611;f;;;
5715;2016.01.1.120445-8;TJDFT;15;150000.0;6;;;t;0;;;;514;;2016-12-09 13:32:11.44256;2017-03-07 18:48:28.885001;f;;;
5714;2016.01.1.102297-9;TJDFT;1;100000.0;4;;;t;0;;;;514;;2016-12-09 13:30:38.192099;2017-03-07 18:49:20.268075;f;;;
5716;2016.01.1.116243-4;TJDFT;1;16200.0;8;;;f;0;;;;514;;2016-12-09 13:33:50.87393;2018-08-27 19:28:56.94666;f;;;
5704;0001548-79.2016.5.10.0007;TJDFT;32;30000.0;21;;;t;1;f;;392-000.333/2016;514;;2016-11-25 12:05:44.097735;2018-12-04 13:05:10.654232;f;;;
5709;2015.01.1.131667-4;TJDFT;37;788.0;44;;;f;0;;;;514;;2016-12-01 20:05:41.974649;2018-08-27 19:27:25.947655;;;;
5707;2016.01.1.093448-0;TJDFT;1;16200.0;7;;;t;0;;;;514;;2016-12-01 11:30:11.300653;2017-03-08 13:39:10.000265;f;;;
5706;2016.01.1.106011-6;TJDFT;1;16200.0;7;;;t;0;;;;514;;2016-12-01 11:24:45.286166;2017-03-08 13:39:54.297987;f;;;
5687;0004704-71.2011.8.07.0011;TJDFT;12;100.0;4;;;t;0;;;;514;;2016-11-10 18:41:48.411768;2019-01-15 13:00:28.276215;;;;
5701;0702764-62.2018.8.07.0018;TJDFT;1;100000.0;6;;;t;0;;;;514;;2016-11-23 11:11:19.070772;2018-05-08 13:19:02.509972;f;;;
5702;00004674/92;TJDFT;12;1552592.16;4;;;t;0;t;;;514;;2016-11-23 17:27:44.274531;2017-03-08 13:48:53.988965;f;;;
3087;2014.01.1.012698-7;TJDFT;37;100000.0;4;62;805;t;0;;;777-006.805/2014;1070;;2014-05-20 15:51:24.603;2018-09-28 13:11:24.165779;;;;
5700;2016.01.1.081125-5;TJDFT;1;100000.0;9;;;t;0;;;;514;;2016-11-23 11:08:45.891894;2017-03-08 13:50:22.843432;f;;;
5711;0001627-13.2016.5.10.0022;TRT 10;32;30000.0;17;;;t;1;;;392-006.534/2018;514;;2016-12-07 15:23:27.254731;2018-12-04 13:02:42.669683;f;;;
5718;2016.01.1.095403-2;TJDFT;30;17271.71;9;;;f;0;;;;514;;2016-12-14 11:12:11.405281;2018-08-27 19:31:28.587322;f;;;
5696;0710136-39.2016.8.07.0016;TJDFT;37;17959.14;27;;;t;1;;;;514;;2016-11-17 19:43:22.789146;2017-03-08 14:11:32.082603;f;;;
5717;0703601-37.2019.8.07.0001;TJDFT;9;40000.0;5;;;t;0;;;;514;;2016-12-09 13:35:27.674017;2019-03-18 12:49:26.434835;f;;;
5693;0734323-14.2016.8.07.0016;TJDFT;1;20560.0;55;;;t;1;;;;514;;2016-11-14 18:47:56.466098;2017-03-08 14:15:06.789872;f;;;
5703;0038217-33.2016.8.07.0018;TJDFT;4;1166448.39;7;;;t;0;;;;514;;2016-11-23 17:32:42.174323;2018-02-19 12:34:30.971164;f;;;
5708;2016.01.1.106003-6;TJDFT;1;16200.0;2;;;f;0;;;;514;;2016-12-01 20:00:52.589439;2018-08-27 19:27:04.21158;f;;;
5697;2016.01.1.110469-2;TJDFT;1;80000.0;5;;;f;0;;;;514;;2016-11-17 19:46:22.388338;2018-08-27 19:30:39.973548;f;;;
5732;0703959-82.2018.8.07.0018;QUINTA VARA DA FAZENDA;1;500.0;5;;;t;0;;;;1436;;2017-01-12 12:51:55.529981;2018-09-27 20:30:28.692875;;;;
5689;2016.01.1.107789-2;TJDFT;38;1000.0;12;;;f;0;;;;514;;2016-11-10 19:23:20.110611;2018-08-27 19:30:06.672777;f;;;
5692;0712013-71.2017.8.07.0018;TJDFT;1;100.0;8;;;t;0;;;;514;;2016-11-14 18:46:03.226417;2017-11-23 11:22:20.241376;;;;
5684;0038344-68.2016.8.07.0018;TJDFT;1;100000.0;4;;;t;0;;;;514;;2016-11-08 19:24:17.939951;2017-10-20 11:05:44.156482;f;;;
5682;2016.12.1.002292-6;TJDFT;9;100000.0;17;;;t;0;;;;514;;2016-11-08 19:20:24.746311;2017-03-08 14:25:23.714068;f;;;
5698;0001617-23.2016.5.10.0004;TRT 10;32;100000.0;28;;;t;1;;;392-004.632/2017;514;;2016-11-18 15:04:35.849085;2018-12-03 15:53:04.551665;f;;;
5691;0700799-49.2018.8.07.0018;TJDFT;1;16200.0;4;;;t;0;;;;514;;2016-11-14 18:40:48.116892;2018-02-09 12:18:04.541227;f;;;
5726;00027432/89;TERCEIRA VARA DA FAZENDA P脷BLICA;12;0.0;59;;;f;0;t;;;1436;;2017-01-05 12:54:20.190557;2018-06-12 14:29:19.838269;;;;
3930;2014.01.1.139258-4;TJDFT;9;100000.0;8;14;1248;t;0;;;777-015.639/2014;1070;3;2014-10-16 12:25:15.343;2018-06-20 13:41:45.786571;;;;
5730;2016.01.1.122639-3;PRIMEIRA VARA DA FAZENDA;1;100000.0;1;;;f;0;;;;1436;;2017-01-12 12:26:33.171147;2018-07-09 13:16:41.101399;;;;
4033;2014.01.1.124648-7;TJDFT;37;50000.0;2;62;1252;f;0;;;777-016.343/2014;1167;;2014-10-24 19:58:18.45;2018-06-20 14:45:33.303507;;;;
2414;2014.01.1.014001-5;TJDFT;37;100000.0;7;14;805;t;0;;;777-003.079/2014;1070;3;2014-02-25 13:34:02.623;2018-07-04 12:45:33.506414;;;;
5731;2016.01.1.085661-7;PRIMEIRA VARA DA FAZENDA;1;1000.0;1;;;f;0;;;;1436;;2017-01-12 12:38:48.604819;2018-07-09 13:17:56.369489;;;;
284;0000290-46.2016.5.10.0003;TRT10;32;33283.78;17;;;t;1;t;10000.0;392-000.205/2016;514;;2016-03-22 19:20:59.123;2018-12-03 14:45:42.854197;f;;;
2957;2012.01.1.049237-2;TJDFT;13;20000.0;7;62;739;t;0;;;777-006.107/2014;1070;;2014-05-06 13:47:45.317;2018-08-23 18:25:36.689732;;;;
3624;2008.01.1.134449-3;TJDFT;37;500.0;4;62;1006;t;0;;;777-012.267/2014;1167;;2014-08-22 17:35:11.923;2018-08-23 18:43:07.656717;;;;
4939;2012.01.1.198513-9;TJDFT;16;1886.64;1;62;1248;t;0;;;777-001.604/2015;1070;;2015-02-05 10:43:40.543;2018-08-24 18:24:02.301628;;;;
5690;2013.01.1.064656-8;TJDFT;9;100000.0;1;;;f;0;;;;514;;2016-11-14 11:52:31.778575;2018-08-27 18:27:46.863753;f;;;
5710;2016.01.1.119339-2;TJDFT;25;90000.0;7;;;f;0;;;;514;;2016-12-01 20:07:22.749711;2018-08-27 19:27:46.717447;f;;;
5729;2016.01.1.015267-8;VIG脡SIMA VARA C脥VEL DE BRASILIA;12;60000.0;17;;;t;0;;0.0;;1436;;2017-01-12 12:20:04.238256;2018-08-27 19:50:05.714945;;;;
5721;0024131-57.2016.8.07.0018;TJDFT;1;50000.0;1;;;t;0;;;;514;;2016-12-15 15:19:41.279814;2018-09-06 19:22:42.822976;f;;;
2662;2013.01.1.015183-2;TJDFT;30;0.0;7;14;1006;t;0;;;777-004.418/2014;1070;3;2014-03-27 16:00:12.29;2018-10-19 20:31:44.356169;;;;
5695;0038419-10.2016.8.07.0018;TJDFT;1;100000.0;7;;;t;0;;;;514;;2016-11-16 19:03:53.501515;2019-01-23 12:16:28.577127;f;;;
5791;0700865-63.2017.8.07.0018;TJDFT;1;80000.0;5;;;t;1;;;;514;;2017-03-09 19:31:47.789631;2017-05-15 13:04:33.717974;f;;;
5759;2017.01.1.002800-6;TJDFT;26;880.0;9;;;t;0;;;;514;;2017-02-02 12:00:05.430269;2017-02-02 12:00:05.430269;;;;
5764;0700051-85.2016.8.07.0018;TJDFT;1;;7;;;f;1;;;;514;;2017-02-07 19:55:29.823327;2017-02-08 12:07:59.301873;;;;
391;2016.01.1.044558-6;TJDFT;1;80000.0;1;;;t;0;;;102-021.725/1986;514;;2016-05-24 11:42:39.927;2017-02-08 16:18:09.06134;;;;
5767;0700902-90.2017.8.07.0018;TJDFT;15;;2;;;t;1;;;;514;;2017-02-17 11:21:15.205032;2017-02-17 11:21:15.205032;;;;
5673;0037387-67.2016.8.07.0018;TJDFT;1;100000.0;4;;;t;0;;;;514;;2016-10-27 11:27:53.852294;2017-10-23 11:53:39.251602;f;;;
5777;0700945-27.2017.8.07.0018;TJDFT;1;100.0;4;;;t;1;;;;514;;2017-02-24 18:59:28.046329;2017-02-24 18:59:28.046329;;;;
5712;2016.01.1.110448-3;TJDFT;1;180000.0;2;;;t;0;;;;514;;2016-12-09 13:26:05.0731;2017-03-07 18:50:50.804536;f;;;
5752;2016.01.1.121647-2;TJDFT;1;100000.0;8;;;t;0;;;;514;;2017-01-25 18:00:27.731003;2018-08-27 20:01:34.396244;;;;
661;0;CODHAB;37;;1;34;1399;f;0;;;102-004.105/1985;1436;2;2015-08-27 20:51:19.82;2017-03-07 19:40:54.983438;f;;;
5780;0701515-13.2017.8.07.0018;TJDFT;1;1000.0;2;;;t;1;;;;514;;2017-03-07 19:47:39.91017;2017-03-07 19:47:39.91017;f;;;
5694;2016.01.1.098825-5;TJDFT;9;46800.0;8;;;t;0;;;;514;;2016-11-16 19:02:09.818352;2017-03-08 14:13:08.360594;f;;;
5685;2016.01.1.111816-5;TJDFT;1;100000.0;1;;;t;0;;;;514;;2016-11-10 10:57:19.194882;2017-03-08 14:20:53.262026;f;;;
5681;2016.01.1.102295-4;TJDFT;1;100000.0;59;;;t;0;;;;514;;2016-11-04 18:03:49.415501;2017-03-08 14:25:50.403215;f;;;
5783;0001151-27.2017.8.07.0004;TJDFT;14;270000.0;4;;;t;1;;;;514;;2017-03-09 13:41:53.212863;2017-03-09 13:41:53.212863;f;;;
5784;0700869-03.2017.8.07.0018;TJDFT;1;100000.0;6;;;t;1;;;;514;;2017-03-09 13:48:02.409592;2017-03-09 13:48:02.409592;f;;;
5785;2016.01.1.107657-6;TJDFT;1;54000.0;5;;;t;1;;;;514;;2017-03-09 13:49:53.026595;2017-03-09 13:49:53.026595;f;;;
5778;0701363-62.2017.8.07.0018;TJDFT;1;0.0;4;;;t;1;;;;514;;2017-02-24 19:24:50.149744;2017-03-07 18:01:13.385817;f;;;
5787;;;;;;;1399;f;;;;;1399;1;2017-03-09 14:46:23.042618;2017-03-09 14:46:23.042618;;;;
5788;;;;;;;1399;f;;;;;1399;1;2017-03-09 14:47:12.675591;2017-03-09 14:47:12.675591;;;;
5789;0701691-89.2017.8.07.0018;TJDFT;1;100000.0;59;;;t;1;;;;514;;2017-03-09 19:18:24.910063;2017-03-09 19:18:24.910063;f;;;
5758;0700276-71.2017.8.07.0018;TJDFT;3;;2;;;f;1;;;;514;;2017-02-01 18:15:21.451344;2018-09-27 20:40:27.598523;;;;
5782;0712080-36.2017.8.07.0018;TJDFT;1;10000.0;27;;;t;1;;;;514;;2017-03-09 13:32:57.899547;2017-11-28 10:50:45.306689;f;;;
5027;2011.01.1.169938-9;TJDFT;14;11000.0;14;34;1248;t;0;;;777-001.780/2015;521;;2015-02-13 12:21:29.55;2018-06-26 12:17:33.148247;;;;
5296;2015.01.1.022245-9;TJDFT;1;100000.0;5;15;514;f;0;;;777-002.308/2015;1375;3;2015-03-16 19:22:35.387;2018-06-28 15:07:00.153761;;;;
3796;2014.01.1.016270-5;TJDFT;37;100000.0;7;62;1248;f;0;;;777-014.037/2014;1167;;2014-09-18 21:12:35.013;2018-08-23 19:14:30.453913;;;;
94;2015.01.1.062478-2;TJDFT;9;1000.0;4;;;f;0;;;;1375;;2015-07-10 17:31:04.057;2018-08-27 18:31:50.059564;;;;
5705;2009.01.1.003845-8;TJDFT;9;15000.0;7;;;f;0;;;;514;;2016-11-28 18:07:48.938786;2018-08-27 19:26:42.205183;f;;;
5699;2016.01.1.110945-6;TJDFT;1;80000.0;1;;;f;;;;;514;;2016-11-23 11:06:23.107245;2018-08-27 19:31:03.728372;f;;;
5724;2016.01.1.085668-2;TJDFT;1;1000.0;1;;;f;0;;;;514;;2016-12-15 15:24:19.603939;2018-08-27 19:32:30.507877;;;;
5756;2016.01.1.128309-3;TJDFT;1;100000.0;6;;;f;0;;;;514;;2017-02-01 18:11:28.353079;2018-08-27 20:02:00.087258;;;;
5781;2011.01.1.099512-8;TJDFT;10;;7;;;f;0;;;;514;;2017-03-09 12:38:21.393835;2018-08-27 20:28:08.671137;f;;;
5786;2000.01.1.057427-8;TJDFT;4;10887.02;2;;;f;0;;;;514;;2017-03-09 13:54:07.220629;2018-08-27 20:28:24.541882;f;;;
5790;2016.01.1.098844-8;TJDFT;20;5000.0;8;;;f;0;;;;514;;2017-03-09 19:23:46.027146;2018-08-27 20:28:38.737202;f;;;
5679;2016.01.1.108527-7;TJDFT;1;150000.0;7;;;f;0;;;;514;;2016-11-04 17:29:40.469497;2018-08-27 20:42:03.487205;f;;;
632;2015.01.1.105215-5;TJDFT;1;80000.0;1;;;f;0;f;800.0;;1375;;2015-11-26 20:33:22.377;2018-08-28 18:20:10.951803;;;;
5770;0701162-70.2017.8.07.0018;TJDFT;1;;6;;;f;1;;;;514;;2017-02-21 20:20:32.073145;2018-09-12 20:49:34.456191;;;;
5737;0700051-85.2016.8.07.0018;SETIMA VARA DA FAZENDA ;1;100000.0;7;;;t;1;;;;1436;;2017-01-12 13:27:03.615637;2018-09-27 20:31:49.981929;;;;
5753;4674/92;TJDFT;12;;4;;;f;0;;;;514;;2017-01-26 11:45:00.00659;2018-09-27 20:35:50.990909;;;;
5755;0700198-77.2017.8.07.0018;TJDFT;1;;4;;;f;1;;;;514;;2017-01-30 16:50:51.95761;2018-09-27 20:36:49.168989;;;;
5757;0043309-89.2016.8.07.0018;TJDFT;1;100000.0;6;;;t;0;;;;514;;2017-02-01 18:13:09.500697;2018-09-27 20:39:39.834758;;;;
5760;2015.01.1.141517-2;TJDFT;12;1000.0;7;;;t;0;;;;514;;2017-02-06 19:34:37.116754;2018-09-27 20:41:02.694637;;;;
5761;0002585-49.2017.4.01.3400;TJDFT;9;0.0;17;;;t;1;;;;514;;2017-02-06 19:38:58.200898;2018-09-27 20:52:54.274077;;;;
5762;0000086-50.2017.5.10.0008;TRT 10;32;;23;;;f;;;;;514;;2017-02-07 19:11:37.385923;2018-09-27 20:54:20.345227;;;;
5763;0700386-70.2017.8.07.0018;TJDFT;1;;6;;;f;1;;;;514;;2017-02-07 19:52:10.940163;2018-09-28 13:20:02.992258;;;;
5765;2016.01.1.116248-3;TJDFT;1;;8;;;f;0;;;;514;;2017-02-08 11:39:46.926109;2018-09-28 13:20:50.262112;;;;
5766;0700784-17.2017.8.07.0018;TRT 10;1;;4;;;f;1;;;;514;;2017-02-10 18:48:22.311696;2018-09-28 13:21:26.067178;;;;
5768;2000.01.1.028904-5;TJDFT;4;;2;;;f;0;;;;514;;2017-02-20 19:47:07.277515;2018-09-28 13:22:01.503847;;;;
5771;2016.01.1.126606-7;TJDFT;1;100000.0;6;;;t;0;;;;514;;2017-02-21 20:25:27.432451;2018-09-28 13:26:12.711565;;;;
5772;0701149-71.2017.8.07.0018;TJDFT;1;;7;;;f;1;;;;514;;2017-02-21 20:31:48.853117;2018-09-28 13:26:55.330223;;;;
5773;2007.01.1.118274-3;TJDFT;4;;4;;;f;0;;;;514;;2017-02-22 18:55:48.861081;2018-09-28 13:28:58.451432;;;;
5774;0005005-58.2015.8.07.0017;TJDFT;14;150000.0;2;;;t;1;;;;514;;2017-02-22 19:07:22.975207;2018-09-28 13:29:47.53533;;;;
5775;0700114-76.2017.8.07.0018;TJDFT;14;;5;;;f;1;;;;514;;2017-02-22 19:14:49.426511;2018-09-28 13:30:22.348442;;;;
5661;0036545-87.2016.8.07.0018;TJDFT;1;200000.0;5;;;t;0;;;;514;;2016-10-18 10:58:00.154223;2019-02-28 17:47:50.504606;f;;;
5719;0001609-16.2016.5.10.0014;TRT 10;32;30000.0;31;;;f;1;;;;514;;2016-12-14 12:05:54.897358;2018-10-09 13:21:10.070909;f;;;
5779;0000235-58.2017.5.10.0004;TRT 10;32;30000.0;28;;;t;1;;;392-005.077/2018;514;;2017-03-07 18:55:23.127764;2018-12-04 12:59:24.103835;f;;;
5146;2012.01.1.188958-5;TJDFT;1;1000.0;3;62;1248;t;0;f;500.0;777-002.015/2015;1375;;2015-03-02 17:28:28.713;2017-03-13 14:35:21.755261;f;;;
5795;0700240-29.2017.8.07.0018;TJDFT;14;170000.0;8;;;t;1;;;;514;;2017-03-14 12:15:14.976001;2017-03-14 12:15:14.976001;f;;;
5796;10464-10.2017.4.01.3400;JUSTI脟A FEDERAL;10;2030590.14;17;;;t;1;;;;514;;2017-03-16 19:29:45.511618;2017-03-16 19:29:45.511618;f;;;
2832;2012.03.1.006053-0;TJDFT;30;;17;62;739;f;0;;;777-005.234/2014;1070;;2014-04-11 15:38:52.057;2017-03-17 12:23:40.345613;f;;;
5798;0701901-43.2017.8.07.0018;TJDFT;1;100000.0;5;;;t;1;;;;514;;2017-03-17 20:44:44.988234;2017-03-17 20:44:44.988234;f;;;
5800;0701725-64.2017.8.07.0018;TJDFT;3;100.0;6;;;t;1;;;;514;;2017-03-17 20:48:45.507082;2017-03-17 20:48:45.507082;f;;;
5801;0700807-60.2017.8.07.0018;TJDFT;1;1000000.0;6;;;t;1;;;;514;;2017-03-17 20:52:44.347533;2017-03-17 20:52:44.347533;f;;;
341;0705466-55.2016.8.07.0016;TJDFT;37;51777.0;17;;;t;0;f;0.0;;514;;2016-04-25 11:44:40.26;2017-03-22 13:04:16.127141;f;;;
292;1999.01.1.037539-5;TJDFT;6;9811.1;1;;;t;0;t;0.0;;514;;2016-03-29 19:15:55.027;2017-03-22 13:09:46.676904;f;;;
277;2014.01.1.091081-7;TJDFT;9;40000.0;2;;;t;0;;;;514;;2016-03-22 18:26:26.727;2017-03-22 13:25:40.382531;f;;;
5821;0701841-70.2017.8.07.0018;TJDFT;1;100000.0;5;;;t;1;;;;514;;2017-04-05 13:38:03.734678;2017-06-20 12:13:05.772483;f;;;
5805;0702317-11.2017.8.07.0018;TJDFT;1;100000.0;4;;;t;1;;;;514;;2017-03-23 13:50:55.886462;2017-03-23 13:50:55.886462;f;;;
5804;0702120-56.2017.8.07.0018;TJDFT;1;100000.0;2;;;t;1;;;;514;;2017-03-23 13:48:36.496754;2017-03-24 17:26:24.714044;f;;;
5808;0700374-56.2017.8.07.0018;TJDFT;10;1000.0;8;;;t;1;;;;514;;2017-03-24 17:47:55.555395;2017-03-24 17:47:55.555395;f;;;
5809;0702388-13.2017.8.07.0018;TJDFT;1;150000.0;5;;;t;1;;;;514;;2017-03-27 19:47:53.088306;2017-03-27 19:47:53.088306;f;;;
5810;0700648-20.2017.8.07.0018;TJDFT;14;182153.57;4;;;t;1;;;;514;;2017-03-27 19:50:46.200224;2017-03-27 19:50:46.200224;f;;;
5812;0701320-28.2017.8.07.0018;TJDFT;38;0.0;19;;;t;1;;;;514;;2017-03-27 19:58:56.468605;2017-03-27 19:58:56.468605;f;;;
5813;0701690-07.2017.8.07.0018;TJDFT;1;100000.0;6;;;t;1;;;;514;;2017-03-30 20:20:38.964049;2017-03-30 20:20:38.964049;f;;;
5814;0701265-77.2017.8.07.0018;TJDFT;1;40000.0;7;;;t;1;;;;514;;2017-03-30 20:24:22.022997;2017-03-30 20:24:22.022997;f;;;
5815;0700120-20.2016.8.07.0018;TJDFT;9;1000.0;1;;;t;1;;;;514;;2017-03-30 20:27:15.431824;2017-03-30 20:27:15.431824;f;;;
5816;0702182-96.2017.8.07.0018;TJDFT;1;239000.0;1;;;t;1;;;;514;;2017-03-30 20:29:25.825448;2017-03-30 20:29:25.825448;f;;;
5817;0702645-38.2017.8.07.0018;TJDFT;1;100000.0;4;;;t;1;;;;514;;2017-03-30 20:31:47.122608;2017-03-30 20:31:47.122608;f;;;
5818;0010464-10.2017.4.01.3400;TRF1;37;2030590.14;17;;;t;0;;;;514;;2017-04-04 12:34:39.564557;2017-04-04 12:34:39.564557;f;;;
5820;0701260-55.2017.8.07.0018;TJDFT;1;80000.0;1;;;t;1;;;;514;;2017-04-05 13:35:30.334315;2017-04-05 13:35:30.334315;f;;;
5822;0700830-06.2017.8.07.0018;TJDFT;1;100000.0;1;;;t;1;;;;514;;2017-04-05 13:40:08.647824;2017-04-05 13:40:08.647824;f;;;
5824;0702700-86.2017.8.07.0018;TJDFT;4;121242.33;1;;;t;1;;;;514;;2017-04-05 13:44:36.389518;2017-04-05 13:44:36.389518;f;;;
5825;0701680-60.2017.8.07.0018;TJDFT;1;100000.0;5;;;t;1;;;;514;;2017-04-05 13:46:20.02205;2017-04-05 13:46:20.02205;f;;;
5826;0702807-33.2017.8.07.0018;TJDFT;1;100000.0;59;;;t;1;;;;514;;2017-04-05 13:49:22.568465;2017-04-05 13:49:22.568465;f;;;
5827;0701381-83.2017.8.07.0018;TJDFT;1;;5;;;t;1;;;;514;;2017-04-05 20:30:43.334167;2017-04-05 20:30:43.334167;f;;;
5829;0703187-56.2017.8.07.0018;TJDFT;1;100000.0;7;;;t;1;;;;514;;2017-04-12 19:59:12.087586;2017-04-12 19:59:12.087586;f;;;
5830;0702733-76.2017.8.07.0018;TJDFT;1;80000.0;4;;;t;1;;;;514;;2017-04-12 20:11:51.199229;2017-04-12 20:11:51.199229;f;;;
5831;0703085-34.2017.8.07.0018;TJDFT;1;100000.0;7;;;t;1;;;;514;;2017-04-12 20:29:54.618113;2017-04-12 20:29:54.618113;f;;;
5832;0702927-76.2017.8.07.0018;TJDFT;1;100000.0;4;;;t;1;;;;514;;2017-04-12 20:32:04.348761;2017-04-12 20:32:04.348761;f;;;
5833;0702937-23.2017.8.07.0018;TJDFT;1;150000.0;2;;;t;1;;;;514;;2017-04-12 20:34:13.678004;2017-04-12 20:34:13.678004;f;;;
5834;2016.01.1.109006-3;TJDFT;37;100000.0;6;;;t;1;;;;514;;2017-04-12 20:37:17.269042;2017-04-12 20:37:17.269042;f;;;
5835;0702327-55.2017.8.07.0018;TJDFT;1;100000.0;5;;;t;1;;;;514;;2017-04-12 20:40:19.149273;2017-04-12 20:40:19.149273;f;;;
5836;0703100-03.2017.8.07.0018;TJDFT;1;140000.0;7;;;t;1;;;;514;;2017-04-12 20:45:08.983492;2017-04-12 20:45:08.983492;f;;;
5837;0701689-22.2017.8.07.0018;TJDFT;1;300000.0;5;;;t;1;;;;514;;2017-04-12 20:47:39.042296;2017-04-12 20:47:39.042296;f;;;
5838;0702885-27.2017.8.07.0018;TJDFT;1;100000.0;59;;;t;1;;;;514;;2017-04-12 20:50:33.082122;2017-04-12 20:50:33.082122;f;;;
5839;0702687-87.2017.8.07.0018;TJDFT;1;100000.0;6;;;t;1;;;;514;;2017-04-12 20:52:30.747133;2017-04-12 20:52:30.747133;f;;;
5819;0701138-42.2017.8.07.0018;TJDFT;1;100000.0;1;;;t;1;;;;514;;2017-04-05 13:32:34.02841;2017-07-10 12:22:22.453138;f;;;
5823;0042738-21.2016.8.07.0018;TJDFT;1;1000.0;2;;;t;0;;;;514;;2017-04-05 13:42:14.719717;2017-09-12 14:12:35.199294;f;;;
5807;0701132-98.2018.8.07.0018;TJDFT;1;200000.0;59;;;t;1;;;;514;;2017-03-24 17:45:21.979291;2018-02-21 14:04:49.014783;f;;;
5811;0004578-87.2017.8.07.0018;TJDFT;22;500000.0;9;;;t;0;;;;514;;2017-03-27 19:54:23.828042;2018-03-22 19:57:50.681117;f;;;
238;0703801-27.2018.8.07.0018;TJDFT;16;990990.0;1;;;t;0;f;128700.0;;514;;2016-02-26 19:34:10.237;2018-05-07 13:15:33.676511;f;;;
5803;0706973-74.2018.8.07.0018;TJDFT;1;80000.0;1;;;t;0;;;;514;;2017-03-23 13:34:46.13059;2018-07-27 13:52:20.283639;f;;;
5843;2013.03.1.024617-3;TJDFT;30;;17;;;f;0;;;;514;;2017-04-27 11:25:29.618453;2018-08-24 20:07:09.534986;f;;;
5465;2013.01.1.138580-9;TJDFT;14;25943.01;4;62;1375;f;0;t;500.0;777-002.562/2015;1375;;2015-03-25 18:40:56.51;2018-08-24 20:24:10.437036;f;;;
243;2016.01.1.009663-6;TJDFT;9;0.0;7;;;f;0;;;;514;;2016-03-04 13:37:15.237;2018-08-28 16:56:22.077757;f;;;
219;2013.01.1.083314-7;TJDFT;1;40000.0;1;;;f;0;t;0.0;;514;;2016-02-04 17:18:59.173;2018-08-28 17:13:30.944504;f;;;
5797;0702091-06.2017.8.07.0018;TJDFT;3;;4;;;f;1;;;;514;;2017-03-17 20:25:24.559483;2018-09-28 13:32:06.972485;f;;;
5828;0702898-26.2017.8.07.0018;6陋 VARA DA FAZENDA P脷BLICA DO DF;37;;6;;;f;1;;;;1436;;2017-04-10 18:51:00.823303;2018-09-28 13:41:19.869518;t;;;
342;0000478-09.2016.5.10.0013;TRT10;32;100000.0;17;;;f;0;t;4000.0;;514;;2016-04-25 12:02:14.487;2018-10-05 13:41:12.04008;f;;;
347;0000467-56.2016.5.10.0020;TRT10;32;30000.0;17;;;f;1;;;;514;;2016-04-27 19:21:32.66;2018-10-10 13:49:55.32977;f;;;
308;0000352-62.2016.5.10.0011;TRT10;32;30000.0;49;;;t;0;t;10000.0;392-000.339/2016;514;;2016-04-07 20:04:48.05;2018-12-03 15:11:34.324664;f;;;
356;0000278-11.2016.5.10.0010;TRT10;32;30000.0;17;;;t;0;t;10000.0;392-000.428/2016;514;;2016-04-29 19:05:51.38;2018-12-03 15:23:38.905825;f;;;
218;0000094-19.2016.5.10.0022;TRT10;32;2207.0;17;;;t;0;;;392-011.382/2015;514;;2016-02-04 12:07:52.327;2018-12-04 12:22:13.971706;f;;;
5866;2016.01.1.126923-5;TJDFT;25;109980.0;8;;;t;0;;;;514;;2017-05-17 14:13:17.256008;2017-05-17 14:13:17.256008;f;;;
5868;0701395-67.2017.8.07.0018;TJDFT;12;1000.0;8;;;t;1;;;;514;;2017-05-18 14:01:17.829732;2017-05-18 14:01:17.829732;f;;;
5840;0004853-87.2017.8.07.0001;TJDFT;1;102959.99;17;;;t;0;;;;514;;2017-04-13 11:14:12.181228;2017-05-22 20:08:03.205442;f;;;
5871;2016.01.1.082671-9;TJDFT;15;200000.0;8;;;t;1;;;;514;;2017-05-24 20:32:28.373093;2017-05-24 20:32:28.373093;f;;;
5873;0703629-22.2017.8.07.0018;TJDFT;1;115000.0;8;;;t;1;;;;514;;2017-05-24 20:36:50.288892;2017-05-24 20:36:50.288892;f;;;
5874;0703826-74.2017.8.07.0018;TJDFT;1;100000.0;8;;;t;1;;;;514;;2017-05-24 20:38:44.517368;2017-05-24 20:38:44.517368;f;;;
5878;0705063-46.2017.8.07.0018;TJDFT;1;100000.0;59;;;t;1;;;;514;;2017-05-31 17:43:54.086635;2017-05-31 17:43:54.086635;f;;;
5879;0701538-56.2017.8.07.0018;TJDFT;1;100000.0;5;;;t;1;;;;514;;2017-06-06 11:58:04.666052;2017-06-06 11:58:04.666052;f;;;
5880;0705015-87.2017.8.07.0018;TJDFT;10;90000.0;4;;;t;1;;;;514;;2017-06-06 12:21:08.296757;2017-06-06 12:21:08.296757;f;;;
5881;0705360-53.2017.8.07.0018;TJDFT;1;100000.0;4;;;t;1;;;;514;;2017-06-06 12:23:25.10482;2017-06-06 12:23:25.10482;f;;;
5882;0705016-72.2017.8.07.0018;TJDFT;1;80000.0;5;;;t;1;;;;514;;2017-06-06 12:25:12.869174;2017-06-06 12:25:12.869174;f;;;
5802;0701737-78.2017.8.07.0018;TJDFT;1;100000.0;4;;;t;1;;;;514;;2017-03-17 20:56:14.387433;2017-06-07 12:32:25.58258;f;;;
5884;0002632-25.2017.8.07.0004;TJDFT;20;10000.0;2;;;t;1;;;;514;;2017-06-07 13:56:25.104425;2017-06-07 13:56:25.104425;f;;;
5885;0705491-28.2017.8.07.0018;TJDFT;1;80000.0;5;;;t;1;;;;514;;2017-06-07 13:58:42.154408;2017-06-07 13:58:42.154408;f;;;
5886;0704344-64.2017.8.07.0018;TJDFT;14;30000.0;2;;;t;1;;;;514;;2017-06-07 14:00:21.022128;2017-06-07 14:00:21.022128;f;;;
5887;0705270-45.2017.8.07.0018;TJDFT;1;51000.0;7;;;t;1;;;;514;;2017-06-07 14:02:10.341438;2017-06-07 14:02:10.341438;f;;;
5888;0704527-35.2017.8.07.0018;TJDFT;12;135000.0;1;;;t;1;;;;514;;2017-06-07 14:03:38.997122;2017-06-07 14:03:38.997122;f;;;
5889;0704319-51.2017.8.07.0018;TJDFT;1;100000.0;2;;;t;1;;;;514;;2017-06-07 14:05:23.357193;2017-06-07 14:05:23.357193;f;;;
5891;0704479-76.2017.8.07.0018;TJDFT;1;80000.0;2;;;t;1;;;;514;;2017-06-07 14:10:04.028204;2017-06-07 14:10:04.028204;f;;;
5893;0703572-04.2017.8.07.0018;TJDFT;1;150000.0;2;;;t;1;;;;514;;2017-06-07 14:25:50.827619;2017-06-07 14:25:50.827619;f;;;
5895;0705409-94.2017.8.07.0018;TJDFT;1;80000.0;59;;;t;1;;;;514;;2017-06-13 13:43:32.156068;2017-06-13 13:43:32.156068;f;;;
5896;0703512-31.2017.8.07.0018;TJDFT;10;100000.0;8;;;t;1;;;;514;;2017-06-13 13:45:56.767505;2017-06-13 13:45:56.767505;f;;;
5899;0705501-72.2017.8.07.0018;TJDFT;1;100000.0;7;;;t;1;;;;514;;2017-06-16 14:34:08.3545;2017-06-16 14:34:08.3545;f;;;
5900;0705346-69.2017.8.07.0018;TJDFT;1;100000.0;6;;;t;1;;;;514;;2017-06-16 14:40:47.444238;2017-06-16 14:40:47.444238;f;;;
5901;0065255-60.2016.4.01.0034;TJDFT;16;35129.19;18;;;t;1;;;;514;;2017-06-20 12:43:52.672887;2017-06-20 12:43:52.672887;f;;;
4334;0713970-10.2017.8.07.0018;TJDFT;1;;1;62;1252;f;0;;;777-019.237/2014;1167;;2014-12-11 16:43:52.817;2018-10-02 14:19:08.289702;;;;
5902;0705478-29.2017.8.07.0018;TJDFT;1;15000.0;4;;;t;1;;;;514;;2017-06-20 19:48:59.874819;2017-06-20 19:48:59.874819;f;;;
5903;2016.15.1.005813-9;TJDFT;16;37379.14;17;;;t;0;;;;514;;2017-06-20 19:54:59.618016;2017-06-20 19:54:59.618016;f;;;
5905;2014.01.1.089645-6;TJDFT;37;80000.0;7;;;t;0;;;;514;;2017-06-22 12:22:36.124636;2017-06-22 12:22:36.124636;f;;;
5906;0703378-04.2017.8.07.0018;TJDFT;1;180000.0;6;;;t;1;;;;514;;2017-06-22 12:34:51.680775;2017-06-22 12:34:51.680775;f;;;
5907;0023775-62.2016.8.07.0018;TJDFT;1;880.0;5;;;t;1;;;;514;;2017-06-22 12:36:38.479557;2017-06-22 12:36:38.479557;f;;;
21;0024742-26.2014.8.07.0003;TJDFT;30;51000.0;17;;;t;0;;;;1375;;2015-05-04 18:09:03.037;2017-06-27 13:08:36.589946;f;;;
276;0000284-85.2016.5.10.0020;TRT10;32;30000.0;17;;;t;1;;;392-000.292/2016;514;;2016-03-22 11:25:45.193;2018-12-03 14:44:40.385273;f;;;
5870;0704527-98.2018.8.07.0018;TJDFT;1;496000.0;59;;;t;1;;;;514;;2017-05-24 12:50:01.831033;2018-05-30 13:04:29.24941;f;;;
5892;0005609-87.2013.8.07.0017;TJDFT;37;54555.51;51;;;t;0;;;;514;;2017-06-07 14:11:47.881188;2018-09-28 13:44:46.766581;f;;;
5872;0009667-10.2015.8.07.0003;TJDFT;14;53607.26;2;;;t;0;;;;514;;2017-05-24 20:34:33.421607;2018-02-22 13:19:15.294952;f;;;
5495;0703671-71.2017.8.07.0018;TJDFT;9;;8;62;514;f;0;;;777-002.636/2015;1375;;2015-03-27 20:44:11.93;2018-10-02 12:22:58.807162;f;;;
5875;2014.01.1.116015-0;TJDFT;12;33112.83;7;;;f;0;;;;514;;2017-05-25 20:32:24.84956;2018-08-27 19:20:56.770357;f;;;
5897;2016.15.1.003784-0;TJDFT;12;240000.0;17;;;t;0;;;;514;;2017-06-13 13:47:41.740199;2018-08-27 19:21:58.618947;f;;;
5904;2016.15.1.006452-2;TJDFT;16;43696.15;17;;;f;0;;;;514;;2017-06-20 19:57:44.525279;2018-08-27 19:22:20.915486;f;;;
5867;2016.15.1.005663-0;TJDFT;9;100000.0;17;;;t;0;;;;514;;2017-05-17 14:14:53.969643;2018-08-27 20:29:17.592811;f;;;
5877;0706500-79.2017.8.07.0000;TJDFT;38;0.0;19;;;t;1;;;;514;;2017-05-31 12:29:12.573696;2018-09-28 13:43:09.693228;f;;;
5883;0702857-62.2017.8.07.0017;TJDFT;12;;51;;;f;0;;;;514;;2017-06-06 12:28:02.055681;2018-09-28 13:43:45.90818;f;;;
5106;0704961-24.2017.8.07.0018;TJDFT;9;;1;62;1376;f;0;;;777-001.947/2015;1375;;2015-02-26 17:35:27.027;2018-10-02 12:41:11.410137;f;;;
4782;0000008-27.2015.5.10.0008;Tribunal Regional do Trabalho;37;491297.82;17;20;1006;t;0;;;777-001.228/2015;1070;3;2015-01-26 12:39:35.623;2018-10-02 12:43:26.953165;f;;;
4715;0701285-68.2017.8.07.0018;TJDFT;37;;1;62;1006;f;0;;;777-001.045/2015;1167;;2015-01-21 12:05:17.827;2018-10-02 12:47:43.06826;f;;;
4748;0702225-33.2017.8.07.0018;TJDFT;37;;7;62;1248;f;0;;;777-001.150/2015;1070;;2015-01-22 18:13:19.217;2018-10-02 12:48:11.245553;f;;;
4245;0705509-49.2017.8.07.0018;TJDFT;37;;6;14;1252;f;0;;;777-018.385/2014;1167;3;2014-11-26 18:42:51.893;2018-10-02 14:11:08.043888;f;;;
5894;0000702-28.2017.5.10.0007;TJDFT;32;30000.0;21;;;t;1;;;392-000.333/2016;514;;2017-06-08 11:36:38.959481;2018-12-03 15:54:27.827715;f;;;
5869;0000512-29.2017.5.10.0019;TRT 10;32;30000.0;25;;;t;1;;;392-009.143/2018;514;;2017-05-24 11:31:46.942844;2018-12-04 12:57:21.181228;f;;;
5876;0004074-12.1992.8.07.0001;TJDFT;4;647813.0;4;;;t;0;;;;514;;2017-05-29 12:33:29.897788;2018-12-06 16:41:52.90762;f;;;
3356;2012.01.1.195990-0;TJDFT;41;;16;62;805;f;0;;;777-009.117/2014;1070;;2014-07-10 12:42:34.88;2017-06-29 20:54:09.689146;;;;
5909;0705557-08.2017.8.07.0018;TJDFT;1;100000.0;1;;;t;1;;;;514;;2017-07-03 19:34:38.587807;2017-07-03 19:34:38.587807;f;;;
5910;0705610-86.2017.8.07.0018;TJDFT;1;100000.0;6;;;t;1;;;;514;;2017-07-03 19:40:35.441306;2017-07-03 19:40:35.441306;f;;;
5911;0704018-07.2017.8.07.0018;TJDFT;1;100000.0;6;;;t;1;;;;514;;2017-07-03 19:42:08.416017;2017-07-03 19:42:08.416017;f;;;
5912;0706166-88.2017.8.07.0018;TJDFT;15;70000.0;59;;;t;1;;;;514;;2017-07-03 19:43:44.114803;2017-07-03 19:43:44.114803;f;;;
5913;0705223-71.2017.8.07.0018;TJDFT;10;100000.0;8;;;t;1;;;;514;;2017-07-03 20:01:55.490882;2017-07-03 20:01:55.490882;f;;;
5914;0705814-33.2017.8.07.0018;TJDFT;3;1000.0;5;;;t;1;;;;514;;2017-07-03 20:05:50.900366;2017-07-03 20:05:50.900366;f;;;
5915;0706539-22.2017.8.07.0018;TJDFT;1;100000.0;59;;;t;1;;;;514;;2017-07-03 20:08:37.794706;2017-07-03 20:08:37.794706;f;;;
146;0702528-47.2017.8.07.0018;TJDFT;1;80000.0;3;;;t;0;;;;1375;;2015-10-02 20:45:35.92;2017-07-04 11:48:32.33181;f;;;
5916;0708276-17.2017.8.07.0000;TJDFT;38;;14;;;t;1;;;;514;;2017-07-05 15:11:41.301434;2017-07-05 15:11:41.301434;f;;;
5917;1998.01.1.070971-6;TJDFT;4;7962.35;1;;;t;0;;;;514;;2017-07-07 12:16:07.134796;2017-07-07 12:16:07.134796;f;;;
5918;2016.01.1.064314-4;TJDFT;37;880.0;44;;;t;0;;;;514;;2017-07-07 12:18:26.586955;2017-07-07 12:18:26.586955;f;;;
5919;2016.01.1.079379-0;TJDFT;15;1000.0;8;;;t;0;;;;514;;2017-07-12 12:36:39.615024;2017-07-12 12:36:39.615024;f;;;
5920;0705894-94.2017.8.07.0018;TJDFT;1;100000.0;5;;;t;1;;;;514;;2017-07-12 12:38:52.013103;2017-07-12 12:38:52.013103;f;;;
5921;0704718-80.2017.8.07.0018;TJDFT;15;150000.0;6;;;t;;;;;514;;2017-07-12 12:40:43.098615;2017-07-12 12:40:43.098615;f;;;
5922;0705827-32.2017.8.07.0018;TJDFT;1;1000.0;18;;;t;1;;;;514;;2017-07-12 12:44:13.983932;2017-07-12 12:44:13.983932;f;;;
5890;0002571-62.2016.8.07.0017;TJDFT;21;66668.0;7;;;t;1;;;;514;;2017-06-07 14:08:10.08778;2017-07-13 12:03:55.680815;f;;;
5923;0705593-95.2017.8.07.0003;TJDFT;14;140000.0;4;;;t;1;;;;514;;2017-07-18 13:00:00.299723;2017-07-18 13:00:00.299723;f;;;
5924;0708265-85.2017.8.07.0000;TJDFT;38;;15;;;t;1;;;;514;;2017-07-18 13:07:18.233435;2017-07-18 13:07:18.233435;f;;;
5926;0706396-33.2017.8.07.0018;TJDFT;1;3500.0;8;;;t;1;;;;514;;2017-07-19 22:26:02.194697;2017-07-19 22:26:02.194697;f;;;
5927;0705295-58.2017.8.07.0018;TJDFT;1;1000.0;1;;;t;1;;;;514;;2017-07-21 12:01:02.931182;2017-07-21 12:01:02.931182;f;;;
5929;0707071-93.2017.8.07.0018;TJDFT;9;1000.0;1;;;t;1;;;;514;;2017-07-21 21:19:21.70464;2017-07-21 21:19:21.70464;f;;;
5930;2016.07.1.013500-2;2 VARA C脥VEL DE TAGUATINGA;14;0.0;17;;;t;0;;;;1436;;2017-07-25 19:07:33.41471;2017-07-25 19:07:33.41471;f;;;
5936;0707009-53.2017.8.07.0018;2陋 VARA DA FAZENDA;14;59936.83;2;;;t;1;;;;1436;;2017-07-27 20:07:13.736096;2017-07-27 20:07:13.736096;f;;;
4257;2011.01.1.131562-0;TJDFT;37;175000.0;16;62;805;f;0;;;777-018.644/2014;1167;;2014-11-28 16:27:35.2;2018-08-23 20:09:35.968285;;;;
2833;2012.01.1.168381-9;TJDFT;37;100000.0;1;62;805;f;0;;;777-005.235/2014;1070;;2014-04-11 15:40:22.713;2018-08-23 17:32:25.026645;f;;;
5940;2016.01.1.115222-4;2陋 VARA DA FAZENDA;1;800000.0;2;;;t;0;;;;1436;;2017-08-02 20:04:02.358219;2017-08-02 20:04:02.358219;f;;;
5941;0707942-26.2017.8.07.0018;7陋 VARA DA FAZENDA;14;91902.66;7;;;t;1;;;;1436;;2017-08-02 20:10:12.85572;2017-08-02 20:10:12.85572;f;;;
5943;0706425-83.2017.8.07.0018;TJDFT;1;96000.0;8;;;t;1;;;;514;;2017-08-04 12:14:58.425078;2017-08-04 12:14:58.425078;f;;;
5944;0703593-34.2017.8.07.0000;TJDFT;4;30000.0;11;;;t;1;;;;514;;2017-08-08 13:02:04.402353;2017-08-08 13:02:04.402353;f;;;
5945;0020071-79.2013.8.07.0007;TJDFT;9;89323.83;8;;;t;;;;;514;;2017-08-08 13:03:57.665662;2017-08-08 13:03:57.665662;f;;;
5947;0708186-52.2017.8.07.0018;TJDFT;1;100000.0;2;;;t;1;;;;514;;2017-08-09 14:28:04.277147;2017-08-09 14:28:04.277147;f;;;
5949;0706616-31.2017.8.07.0018;TJDFT;1;80000.0;8;;;t;;;;;514;;2017-08-14 20:24:08.212542;2017-08-14 20:24:08.212542;f;;;
5951;0718010-41.2017.8.07.0016;TJDFT;1;20000.0;27;;;t;1;;;;514;;2017-08-21 13:06:52.042946;2017-08-21 13:06:52.042946;f;;;
5952;0708188-22.2017.8.07.0018;TJDFT;1;100000.0;7;;;t;1;;;;514;;2017-08-21 13:08:44.353793;2017-08-21 13:08:44.353793;f;;;
5928;2017.01.1.040428-9;TJDFT;3;100.0;9;;;f;0;;;;514;;2017-07-21 21:13:42.765817;2018-08-27 19:17:58.339742;f;;;
5950;2007.01.1.145281-8;TJDFT;1;73100.0;9;;;t;0;;;;514;;2017-08-16 20:08:33.899487;2018-08-27 18:54:16.761611;f;;;
5932;30803/92;2陋 VARA DA FAZENDA;12;117242.76;2;;;f;0;;;;1436;;2017-07-26 17:46:35.965013;2018-08-27 19:18:21.585422;f;;;
5937;2017.03.1.004489-4;1陋 VARA C脥VEL DE CEILANDIA;30;73000.0;17;;;t;0;;;;1436;;2017-07-28 19:54:53.404719;2018-08-27 19:18:50.827825;f;;;
5938;2017.01.1.041583-8;VARA DO MEIO AMBIENTE;12;59341.0;9;;;t;0;;;;1436;;2017-07-31 22:19:41.698243;2018-08-27 19:19:24.646562;f;;;
5939;2010.01.1.193497-0;2陋 VARA DA FAZENDA;15;30000.0;2;;;t;0;;;;1436;;2017-08-02 19:21:20.703054;2018-08-27 19:19:44.161817;f;;;
5925;2016.03.1.011403-0;TJDFT;30;60000.0;17;;;f;0;;;;514;;2017-07-19 22:17:17.553467;2018-08-27 19:20:25.229877;f;;;
1582;2013.01.1.015708-6;TJDFT;1;;5;62;805;f;0;;;777-006.577/2013;514;;2013-10-31 12:10:07.053;2018-09-27 20:47:39.442424;;;;
5931;0704766-39.2017.8.07.0018;1陋 VARA DA FAZENDA;8;;1;;;f;1;;;;1436;;2017-07-26 17:39:09.949305;2018-09-28 13:46:30.808059;f;;;
5933;0701755-02.2017.8.07.0018;7陋 VARA DA FAZENDA;20;376203.6;7;;;t;1;;;;1436;;2017-07-26 17:58:41.24675;2018-09-28 13:47:19.571033;f;;;
5934;0707653-93.2017.8.07.0018;1陋 VARA DA FAZENDA;6;;1;;;f;1;;;;1436;;2017-07-27 14:56:51.687464;2018-09-28 13:47:53.156136;f;;;
5935;0706208-40.2017.8.07.0018;1陋 VARA DA FAZENDA;1;;1;;;f;1;;;;1436;;2017-07-27 15:03:00.79213;2018-09-28 13:48:17.612472;f;;;
5942;33684/94;2陋 VARA DA FAZENDA;12;;2;;;f;0;;;;1436;;2017-08-02 20:13:53.417645;2018-09-28 13:48:48.596069;f;;;
3114;0708573-67.2017.8.07.0018;TJDFT;1;;7;62;1006;f;0;;;777-007.011/2014;1070;;2014-05-23 15:14:33.063;2018-10-02 12:16:25.465506;f;;;
4674;0700787-69.2017.8.07.0018;TJDFT;1;;7;14;1252;f;0;;;777-000.969/2015;805;3;2015-01-20 13:41:17.117;2018-10-02 14:22:04.415666;f;;;
5971;0708480-07.2017.8.07.0018;TJDFT;1;300000.0;8;;;t;1;;;;514;;2017-09-04 12:59:41.650288;2017-09-04 12:59:41.650288;f;;;
5972;0707697-15.2017.8.07.0018;TJDFT;9;500.0;1;;;t;1;;;;514;;2017-09-04 13:02:05.491591;2017-09-04 13:02:05.491591;f;;;
5974;0706692-55.2017.8.07.0018;TJDFT;1;100000.0;8;;;t;1;;;;514;;2017-09-04 13:06:18.186133;2017-09-04 13:06:18.186133;f;;;
5976;0708963-37.2017.8.07.0018;TJDFT;37;155000.0;5;;;t;1;;;;514;;2017-09-04 13:11:13.062867;2017-09-04 13:11:13.062867;f;;;
5977;0709249-15.2017.8.07.0018;TJDFT;1;200000.0;4;;;t;1;;;;514;;2017-09-04 13:13:33.361563;2017-09-04 13:14:23.66186;f;;;
5978;0723891-44.2017.8.07.0001;TJDFT;1;1000.0;2;;;t;1;;;;514;;2017-09-06 20:39:33.944276;2017-09-06 20:39:33.944276;f;;;
5979;0080751-87.2009.8.07.0001;TJDFT;30;35000.0;4;;;t;1;;;;514;;2017-09-06 20:41:15.743868;2017-09-06 20:41:15.743868;f;;;
5980;0708853-38.2017.8.07.0018;TJDFT;1;100000.0;5;;;t;1;;;;514;;2017-09-06 20:42:38.065326;2017-09-06 20:42:38.065326;f;;;
5982;0708671-52.2017.8.07.0018;TJDFT;1;200000.0;5;;;t;1;;;;514;;2017-09-12 13:49:34.484832;2017-09-12 13:49:34.484832;f;;;
5983;2016.01.1.056448-8;TJDFT;9;200000.0;9;;;t;0;;;;514;;2017-09-12 13:51:34.047933;2017-09-12 13:51:34.047933;f;;;
5946;0715346-37.2017.8.07.0016;TJDFT;16;30583.0;18;;;t;1;;;;514;;2017-08-08 13:06:04.100967;2017-09-12 14:14:24.551901;f;;;
5986;20315/90;TJDFT;12;1000000.0;1;;;t;0;;;;514;;2017-09-15 13:24:47.350703;2017-09-15 13:24:47.350703;f;;;
5958;0708625-63.2017.8.07.0018;TJDFT;1;120000.0;2;;;t;1;;;;514;;2017-08-21 13:27:14.039005;2017-09-20 11:40:39.7418;f;;;
5525;0701734-26.2017.8.07.0018;TJDFT;1;;5;15;1373;t;0;;;777-002.693/2015;1375;;2015-03-31 18:57:37.887;2017-09-21 13:03:28.263276;f;;;
5988;0708198-66.2017.8.07.0018;TJDFT;1;;8;;;t;1;;;;514;;2017-09-25 18:46:37.731583;2017-09-25 18:46:37.731583;;;;
5990;0710394-09.2017.8.07.0018;TJDFT;1;80000.0;2;;;t;1;;;;514;;2017-09-25 20:03:14.013478;2017-09-25 20:03:14.013478;;;;
5991;0710579-47.2017.8.07.0018;TJDFT;1;100000.0;7;;;t;1;;;;514;;2017-09-25 21:34:36.503432;2017-09-25 21:34:36.503432;;;;
5992;0000043-15.2017.8.07.0019;TJDFT;1;100000.0;1;;;t;1;;;;514;;2017-09-25 21:37:15.753792;2017-09-25 21:37:15.753792;;;;
5994;0710301-46.2017.8.07.0018;TJDFT;1;100000.0;4;;;t;1;;;;514;;2017-09-25 21:41:39.734568;2017-09-25 21:41:39.734568;;;;
5995;0707256-79.2017.8.07.0003;TJDFT;30;61816.25;5;;;t;1;;;;514;;2017-09-27 14:15:01.234898;2017-09-27 14:15:01.234898;;;;
5996;0705516-35.2017.8.07.0020;TJDFT;14;73000.0;7;;;t;1;;;;514;;2017-09-27 14:19:54.535698;2017-09-27 14:19:54.535698;;;;
5997;0710830-65.2017.8.07.0018;TJDFT;1;120000.0;2;;;t;1;;;;514;;2017-09-29 12:45:12.328586;2017-09-29 12:45:12.328586;;;;
5998;0710516-22.2017.8.07.0018;TJDFT;1;100000.0;5;;;t;1;;;;514;;2017-09-29 12:47:40.578953;2017-09-29 12:47:40.578953;;;;
5999;2015.14.1.007036-9;TJDFT;30;150000.0;17;;;t;0;;;;514;;2017-10-04 14:22:28.475632;2017-10-04 14:22:28.475632;;;;
6000;0710473-85.2017.8.07.0018;TJDFT;14;50000.0;8;;;t;1;;;;514;;2017-10-04 14:28:42.241282;2017-10-04 14:28:42.241282;;;;
6001;0732422-74.2017.8.07.0016;TJDFT;1;1000.0;59;;;t;1;;;;514;;2017-10-06 20:09:44.073508;2017-10-06 20:09:44.073508;;;;
6002;0711085-23.2017.8.07.0018;TJDFT;1;100000.0;7;;;t;1;;;;514;;2017-10-10 14:42:21.730781;2017-10-10 14:42:21.730781;;;;
6003;0711122-50.2017.8.07.0018;TJDFT;1;80000.0;4;;;t;1;;;;514;;2017-10-10 14:43:42.70845;2017-10-10 14:43:42.70845;;;;
6004;0710524-96.2017.8.07.0018;TJDFT;15;220000.0;5;;;t;1;;;;514;;2017-10-10 14:45:12.103771;2017-10-10 14:45:12.103771;;;;
6005;0709463-06.2017.8.07.0018;TJDFT;1;170290.77;8;;;t;1;;;;514;;2017-10-11 12:25:05.161916;2017-10-11 12:25:05.161916;;;;
5683;0711409-13.2017.8.07.0018;TJDFT;1;110000.0;1;;;t;0;;;;514;;2016-11-08 19:22:37.486379;2017-10-13 11:45:13.124333;f;;;
6006;0709568-80.2017.8.07.0018;TJDFT;1;100720.36;2;;;t;1;;;;514;;2017-10-13 12:24:11.650004;2017-10-13 12:24:11.650004;;;;
6008;0710928-50.2017.8.07.0018;TJDFT;1;100000.0;2;;;t;1;;;;514;;2017-10-16 12:02:05.117934;2017-10-16 12:02:05.117934;;;;
6009;0711317-35.2017.8.07.0018;TJDFT;10;236995.19;4;;;t;1;;;;514;;2017-10-16 12:03:34.090329;2017-10-16 12:03:34.090329;;;;
6010;0709450-07.2017.8.07.0018;TJDFT;9;61377.08;1;;;t;1;;;;514;;2017-10-16 12:05:53.15385;2017-10-16 12:05:53.15385;;;;
6011;0711072-24.2017.8.07.0018;TJDFT;14;18000.0;1;;;t;1;;;;514;;2017-10-16 12:08:47.870453;2017-10-16 12:08:47.870453;;;;
6012;0038490-12.2016.8.07.0018;TJDFT;1;180000.0;27;;;t;1;;;;514;;2017-10-16 12:10:32.493486;2017-10-16 12:10:32.493486;;;;
3401;2013.01.1.162378-9;TJDFT;35;0.0;2;62;805;f;0;;;777-009.575/2014;1070;;2014-07-17 12:42:01.38;2018-06-19 14:07:05.708643;;;;
1227;2012.01.1.051867-8;TJDFT;37;500.0;8;14;812;t;0;;;777-005.868/2013;290;3;2013-10-14 18:00:39.3;2018-08-21 19:38:47.054608;;;;
4352;2013.01.1.157045-6;TJDFT;1;100.0;1;62;805;t;0;;;777-019.307/2014;1167;;2014-12-15 18:46:21.163;2018-09-28 13:39:49.415237;;;;
5989;2017.01.1.036948-5;TJDFT;9;90000.0;9;;;t;0;;;;514;;2017-09-25 19:03:48.977917;2018-08-27 19:09:42.323873;;;;
5993;2007.01.1.144680-3;TJDFT;4;2000.0;8;;;f;0;;;;514;;2017-09-25 21:39:17.86634;2018-08-27 18:51:34.645995;;;;
5975;2017.15.1.001323-2;TJDFT;21;26215.74;17;;;t;1;;;;514;;2017-09-04 13:08:21.507131;2018-08-27 18:55:12.662104;f;;;
5987;2017.01.1.036948-5;TJDFT;37;34288.26;17;;;f;0;;;;514;;2017-09-20 12:02:17.54658;2018-08-27 19:09:18.537725;f;;;
5973;2016.01.1.022928-3;TJDFT;14;100.0;7;;;f;1;;;;514;;2017-09-04 13:04:04.144462;2018-08-27 19:12:16.217231;f;;;
5970;1999.01.1.059319-6;TJDFT;4;;1;;;f;0;;;;514;;2017-09-04 12:09:55.712463;2018-09-28 13:50:24.410192;f;;;
5984;0704449-86.2017.8.07.0003;TJDFT;30;;17;;;f;1;;;;514;;2017-09-12 13:53:02.844266;2018-09-28 13:55:59.049766;f;;;
6013;0711515-72.2017.8.07.0018;TJDFT;12;100000.0;9;;;t;1;;;;514;;2017-10-17 11:42:50.609009;2018-09-28 13:57:19.132157;;;;
2807;0003137-47.2012.8.07.0018;TJDFT;14;29604.05;5;62;805;t;0;;;777-005.131/2014;1070;;2014-04-10 15:29:33.393;2018-10-02 12:13:33.216284;;;;
5190;0704050-12.2017.8.07.0018;TJDFT;9;;7;62;1375;f;0;;;777-002.090/2015;1375;;2015-03-04 19:00:19.427;2018-10-02 12:49:23.559549;f;;;
5343;0020147-36.2014.8.07.0018;TJDFT;1;38459.21;2;20;1373;t;0;;;777-002.381/2015;1375;;2015-03-18 21:34:18.223;2018-10-02 13:16:23.418007;f;;;
6007;0711161-47.2017.8.07.0018;TJDFT;1;142000.0;7;;;f;1;;;;514;;2017-10-13 12:25:37.453258;2018-10-17 14:35:38.560268;;;;
5981;0009522-35.2017.8.07.0018;TJDFT;37;80000.0;7;;;t;1;;;;514;;2017-09-12 13:47:14.762694;2018-12-21 15:41:29.27044;f;;;
6015;0711092-15.2017.8.07.0018;TJDFT;1;100000.0;59;;;t;1;;;;514;;2017-10-19 11:56:41.113831;2017-10-19 11:56:41.113831;;;;
6016;0711377-08.2017.8.07.0018;TJDFT;15;80000.0;59;;;t;1;;;;514;;2017-10-19 11:58:32.467895;2017-10-19 11:58:32.467895;;;;
6017;0709517-69.2017.8.07.0018;TJDFT;1;80000.0;1;;;t;1;;;;514;;2017-10-19 12:00:31.995238;2017-10-19 12:00:31.995238;;;;
6018;0710978-24.2017.8.07.0003;TJDFT;30;200000.0;17;;;t;1;;;;514;;2017-10-19 12:02:26.975914;2017-10-19 12:02:26.975914;;;;
6019;0710417-52.2017.8.07.0018; TJDFT;14;13000.0;1;;;t;1;;;;514;;2017-10-19 12:05:09.30297;2017-10-19 12:05:09.30297;;;;
6020;0711350-25.2017.8.07.0018;TJDFT;1;100000.0;4;;;t;1;;;;514;;2017-10-19 12:14:49.903887;2017-10-19 12:14:49.903887;;;;
6021;0708438-55.2017.8.07.0018;TJDFT;1;400000.0;5;;;t;1;;;;514;;2017-10-20 11:45:46.842379;2017-10-20 11:45:46.842379;;;;
6023;0708620-41.2017.8.07.0018;TJDFT;14;142810.66;4;;;t;1;;;;514;;2017-10-23 13:08:08.172997;2017-10-23 13:08:08.172997;;;;
6024;0704795-89.2017.8.07.0018;TJDFT;1;100000.0;6;;;t;1;;;;514;;2017-10-23 13:11:13.223734;2017-10-23 13:11:13.223734;;;;
6026;0708352-84.2017.8.07.0018;TJDFT;1;100000.0;6;;;t;1;;;;514;;2017-10-26 12:01:05.142894;2017-10-26 12:01:05.142894;;;;
6027;0711373-68.2017.8.07.0018;TJDFT;1;110327.73;6;;;t;1;;;;514;;2017-10-26 12:03:04.56688;2017-10-26 12:03:04.56688;;;;
6028;0710848-86.2017.8.07.0018;TJDFT;1;120000.0;8;;;t;0;;;;514;;2017-10-26 12:04:26.390687;2017-10-26 12:04:26.390687;;;;
6030;0711083-53.2017.8.07.0018;TJDFT;1;100000.0;7;;;t;1;;;;514;;2017-10-26 15:59:35.570415;2017-10-26 15:59:35.570415;;;;
6032;0036097-23.2017.4.01.3400;TJDFT;9;;17;;;t;1;;;;514;;2017-11-07 10:54:53.202839;2017-11-07 10:54:53.202839;;;;
6033;0711939-17.2017.8.07.0018;TJDFT;1;100000.0;7;;;t;1;;;;514;;2017-11-07 11:03:51.911168;2017-11-07 11:03:51.911168;;;;
6035;0703084-49.2017.8.07.0018;TJDFT;14;100000.0;6;;;t;1;;;;514;;2017-11-08 16:37:55.250678;2017-11-08 16:37:55.250678;;;;
6036;0711802-35.2017.8.07.0018;TJDFT;37;122000.0;9;;;t;1;;;;514;;2017-11-08 16:39:36.024142;2017-11-08 16:39:36.024142;;;;
6038;0706483-86.2017.8.07.0018;TJDFT;1;100000.0;59;;;t;1;;;;514;;2017-11-10 17:25:26.298205;2017-11-10 17:25:26.298205;;;;
6039;0712509-03.2017.8.07.0018;TJDFT;1;80000.0;4;;;t;;;;;514;;2017-11-14 12:10:10.977261;2017-11-14 12:10:10.977261;;;;
6040;0000375-79.2017.8.07.0019;TJDFT;10;15102.28;7;;;t;1;;;;514;;2017-11-14 12:11:45.093448;2017-11-14 12:11:45.093448;;;;
6042;0710300-61.2017.8.07.0018;TJDFT;1;100000.0;7;;;t;1;;;;514;;2017-11-17 15:51:01.717527;2017-11-17 15:51:01.717527;;;;
6044;0712672-80.2017.8.07.0018;TJDFT;1;100000.0;2;;;t;1;;;;514;;2017-11-17 16:17:19.750487;2017-11-17 16:17:19.750487;;;;
6045;0712515-10.2017.8.07.0018;TJDFT;1;250000.0;6;;;t;1;;;;514;;2017-11-17 16:20:36.40364;2017-11-17 16:20:36.40364;;;;
6046;0712532-46.2017.8.07.0018;TJDFT;15;170000.0;6;;;t;1;;;;514;;2017-11-17 16:23:32.592512;2017-11-17 16:23:32.592512;;;;
6049;0712688-34.2017.8.07.0018;TJDFT;1;80000.0;59;;;t;1;;;;514;;2017-11-24 11:11:41.690902;2017-11-24 11:11:41.690902;;;;
6050;0710932-87.2017.8.07.0018;TJDFT;15;250000.0;8;;;t;1;;;;514;;2017-11-24 11:13:31.398115;2017-11-24 11:13:31.398115;;;;
6051;0712784-49.2017.8.07.0018;TJDFT;1;100000.0;1;;;t;1;;;;514;;2017-11-24 11:15:05.823422;2017-11-24 11:15:05.823422;;;;
6052;0711078-31.2017.8.07.0018;TJDFT;1;100000.0;8;;;t;1;;;;514;;2017-11-28 11:24:25.098392;2017-11-28 11:24:25.098392;;;;
6053;0744064-44.2017.8.07.0016;TJDFT;1;18794.36;55;;;t;1;;;;514;;2017-11-28 11:26:54.24843;2017-11-28 11:26:54.24843;;;;
6054;0712531-61.2017.8.07.0018;TJDFT;1;100000.0;59;;;t;;;;;514;;2017-11-29 11:54:31.156589;2017-11-29 11:54:31.156589;;;;
6055;0712957-73.2017.8.07.0018;TJDFT;1;80000.0;2;;;t;1;;;;514;;2017-11-29 11:55:58.87887;2017-11-29 11:55:58.87887;;;;
6057;0713104-02.2017.8.07.0018;TJDFT;1;80000.0;4;;;t;1;;;;514;;2017-11-29 20:22:54.938991;2017-11-29 20:22:54.938991;;;;
6058;0709257-89.2017.8.07.0018;VARA DA FAZENDA PUBLICA;1;100000.0;6;;;t;1;;;;1436;;2017-12-04 18:15:58.739497;2017-12-04 18:15:58.739497;t;;;
6059;0712505-63.2017.8.07.0018;VARA DA FAZENDA PUBLICA;1;500.0;7;;;t;1;;;;1436;;2017-12-04 20:35:42.222496;2017-12-04 20:35:42.222496;t;;;
6060;0707753-48.2017.8.07.0018;VARA DA FAZENDA PUBLICA;9;1000.0;6;;;t;1;;;;1436;;2017-12-06 12:44:24.618986;2017-12-06 12:44:24.618986;t;;;
6061;0708998-42.2017.8.07.0003;VARA C脥VEL DE CEIL脗NDIA;30;26430.7;17;;;t;1;;;;1436;;2017-12-06 19:39:19.723516;2017-12-06 19:39:19.723516;;;;
6062;0711780-74.2017.8.07.0018;VARA DA FAZENDA PUBLICA;14;20000.0;5;;;t;1;;;;1436;;2017-12-07 13:16:30.914801;2017-12-07 13:16:30.914801;t;;;
6063;0705458-38.2017.8.07.0018;VARA DA FAZENDA PUBLICA;37;45000.0;7;;;t;1;;;;1436;;2017-12-08 18:32:30.100038;2017-12-08 18:32:30.100038;t;;;
6064;0713483-40.2017.8.07.0018;VARA DA FAZENDA PUBLICA;1;100000.0;7;;;t;1;;;;1436;;2017-12-08 18:57:34.94639;2017-12-08 18:57:34.94639;t;;;
6065;1015738-35.2017.4.01.3400;JUSTI脟A FEDERAL;1;132647.65;17;;;t;1;;;;1436;;2017-12-08 19:41:00.394826;2017-12-08 19:41:00.394826;t;;;
6066;227813-34.2013.8.09.0164;TJGO;37;;17;;;t;0;;;;1436;;2017-12-08 19:52:04.098347;2017-12-08 19:52:04.098347;;;;
6067;0713113-61.2017.8.07.0018;VARA DA FAZENDA PUBLICA;1;80000.0;4;;;t;1;;;;1436;;2017-12-08 20:02:44.118989;2017-12-08 20:02:44.118989;t;;;
6068;0712348-90.2017.8.07.0018;VARA DA FAZENDA PUBLICA;1;1929.09;8;;;t;1;;;;1436;;2017-12-12 14:00:08.139451;2017-12-12 14:00:08.139451;;;;
6069;0706540-07.2017.8.07.0018;VARA DA FAZENDA PUBLICA;1;100000.0;59;;;t;0;;;;1436;;2017-12-12 14:23:56.983746;2017-12-12 14:23:56.983746;t;;;
6070;0713410-68.2017.8.07.0018;VARA DA FAZENDA PUBLICA;1;80000.0;59;;;t;0;;;;1436;;2017-12-12 14:31:30.852126;2017-12-12 14:31:30.852126;t;;;
6071;0016388-02.2017.4.01.3400;VARA FEDERAL;37;;17;;;t;0;;;;1436;;2017-12-13 12:23:15.290322;2017-12-13 12:23:15.290322;;;;
6014;0711192-67.2017.8.07.0018;TJDFT;3;;9;;;f;1;;;;514;;2017-10-17 12:52:20.964734;2018-09-28 14:05:05.776517;;;;
6034;2012.01.1.053846-2;TJDFT;14;29604.05;5;;;f;1;;;;514;;2017-11-07 11:59:42.438766;2018-08-27 18:50:41.750736;;;;
6072;18859/93;VARA DA FAZENDA PUBLICA;37;0.0;59;;;t;0;;;;1436;;2017-12-14 13:03:06.529356;2018-08-27 19:01:36.788261;;;;
6073;2013.01.1.139476-8;VARA DO MEIO AMBIENTE;37;50000.0;9;;;t;0;;;;1436;;2017-12-14 17:59:38.022427;2018-08-27 19:01:57.154107;;;;
6056;0009293-75.2017.8.07.0018;TJDFT;44;70000.0;7;;;t;0;;;;514;;2017-11-29 20:11:35.416218;2018-12-21 15:35:48.521976;;;;
6029;11946/96;TJDFT;4;3500.0;6;;;t;0;;;;514;;2017-10-26 12:05:44.096034;2018-08-27 19:03:32.904938;;;;
6031;2016.13.1.004436-5;TJDFT;9;0.0;17;;;f;0;;;;514;;2017-10-31 10:44:51.491527;2018-08-27 19:03:54.867304;;;;
6041;2015.13.1.005777-8;TJDFT;37;0.0;17;;;t;0;;;;514;;2017-11-14 12:14:27.530892;2018-08-27 19:07:05.51868;;;;
6043;2013.01.1.096097-7;TJDFT;1;19926.11;2;;;t;0;;;;514;;2017-11-17 16:00:37.459991;2018-08-27 19:07:27.409056;;;;
6047;2012.09.1.007204-2;TJDFT;6;6294.92;17;;;t;0;;;;514;;2017-11-21 11:29:23.829758;2018-08-27 19:08:48.804711;;;;
6037;0009365-41.2016.8.07.0004;TJDFT;10;180000.0;1;;;t;0;;;;514;;2017-11-08 16:41:42.272222;2018-09-13 19:38:04.090226;;;;
6022;0022043-66.2017.8.07.0000;TJDFT;38;0.0;19;;;t;1;;;;514;;2017-10-23 11:50:01.525101;2018-09-28 14:05:35.429655;;;;
6048;0712406-93.2017.8.07.0018;TJDFT;14;64000.0;2;;;t;1;;;;514;;2017-11-24 10:50:08.021176;2018-09-28 14:21:08.180684;;;;
6025;0003661-96.1992.8.07.0001;TJDFT;9;500000.0;4;;;t;0;;;;514;;2017-10-24 10:57:13.536672;2018-11-07 19:02:53.302334;;;;
6104;0700417-56.2018.8.07.0018;TJDFT;1;100000.0;5;;;t;1;;;;514;;2018-01-29 18:15:59.744161;2018-01-29 18:15:59.744161;;;;
6105;0751296-10.2017.8.07.0016;TJDFT;37;1000.0;55;;;t;1;;;;514;;2018-01-29 18:21:30.330891;2018-01-29 18:21:30.330891;;;;
6106;0700132-66.2018.8.07.0017;TJDFT;10;31000.0;17;;;t;1;;;;514;;2018-01-29 18:31:43.756064;2018-01-29 18:31:43.756064;;;;
6107;0711846-54.2017.8.07.0018;TJDFT;14;350000.0;6;;;t;1;;;;514;;2018-01-31 16:17:25.387586;2018-01-31 16:17:25.387586;;;;
6108;0711948-76.2017.8.07.0018;TJDFT;10;1000.0;9;;;t;1;;;;514;;2018-01-31 16:20:52.001769;2018-01-31 16:20:52.001769;;;;
6109;0712689-19.2017.8.07.0018;TJDFT;10;70000.0;1;;;t;1;;;;514;;2018-01-31 16:24:10.535715;2018-01-31 16:24:10.535715;;;;
6110;0714310-51.2017.8.07.0018;TJDFT;1;1000.0;2;;;t;1;;;;514;;2018-01-31 16:27:10.526404;2018-01-31 16:27:10.526404;;;;
6111;0700328-33.2018.8.07.0018;TJDFT;1;100000.0;1;;;t;1;;;;514;;2018-01-31 16:29:40.539636;2018-01-31 16:29:40.539636;;;;
6112;0700599-42.2018.8.07.0018;TJDFT;14;66635.15;2;;;t;1;;;;514;;2018-02-02 18:56:27.968897;2018-02-02 18:56:27.968897;;;;
6113;0700470-37.2018.8.07.0018;TJDFT;1;100000.0;1;;;t;1;;;;514;;2018-02-02 18:59:54.569672;2018-02-02 18:59:54.569672;;;;
6114;0709569-65.2017.8.07.0018;TJDFT;10;65000.0;1;;;t;1;;;;514;;2018-02-02 19:03:25.372491;2018-02-02 19:03:25.372491;;;;
6115;0701732-59.2017.8.07.0017;TJDFT;1;100000.0;51;;;t;1;;;;514;;2018-02-07 12:15:42.689196;2018-02-07 12:15:42.689196;;;;
6116;0700751-90.2018.8.07.0018;TJDFT;1;80000.0;6;;;t;1;;;;514;;2018-02-07 12:18:14.891902;2018-02-07 12:18:14.891902;;;;
6117;0700093-66.2018.8.07.0018;TJDFT;1;954.0;5;;;t;1;;;;514;;2018-02-07 12:20:20.160656;2018-02-07 12:20:20.160656;;;;
6119;5487648-39.2017.8.09.0164;TJGO;8;8769836.48;17;;;t;1;;;;514;;2018-02-16 17:13:55.309037;2018-02-16 17:13:55.309037;;;;
5744;0001082-24.2015.8.07.0017;QUINTA VARA DA FAZENDA;37;0.0;5;;;t;0;;0.0;;1436;;2017-01-19 14:05:49.80987;2018-02-19 13:21:45.446707;;;;
6120;0700354-31.2018.8.07.0018;TJDFT;1;1000.0;59;;;t;1;;;;514;;2018-02-19 13:59:59.414676;2018-02-19 13:59:59.414676;;;;
6121;52.004.001.18-0000495;TJDFT;37;;17;;;t;1;;;;514;;2018-02-19 14:07:52.310956;2018-02-19 14:07:52.310956;;;;
6122;0700857-52.2018.8.07.0018;TJDFT;3;172800.0;4;;;t;1;;;;514;;2018-02-20 13:33:52.544373;2018-02-20 13:33:52.544373;;;;
6123;0700196-73.2018.8.07.0018;TJDFT;1;100000.0;6;;;t;1;;;;514;;2018-02-20 13:36:29.614458;2018-02-20 13:36:29.614458;;;;
6124;0701065-36.2018.8.07.0018;TJDFT;1;100000.0;2;;;t;;;;;514;;2018-02-20 13:38:48.740816;2018-02-20 13:38:48.740816;;;;
6126;0033159-55.2017.4.01.3400;TJDFT;37;;17;;;t;0;;;;514;;2018-02-22 14:10:39.238606;2018-02-22 14:10:39.238606;;;;
6128;0700932-91.2018.8.07.0018;TJDFT;1;100000.0;1;;;t;1;;;;514;;2018-02-23 14:14:19.473011;2018-02-23 14:14:19.473011;;;;
558;0701284-49.2018.8.07.0018;TJDFT;43;300000.0;59;;;t;0;;;;514;;2016-10-04 14:56:57.33;2018-02-26 12:45:10.375022;;;;
6132;0700921-62.2018.8.07.0018;TJDFT;1;90238.2;9;;;t;1;;;;514;;2018-02-28 14:03:08.310019;2018-02-28 14:03:08.310019;;;;
6133;0701437-82.2018.8.07.0018;TJDFT;1;80000.0;2;;;t;1;;;;514;;2018-02-28 14:05:09.348486;2018-02-28 14:05:09.348486;;;;
6134;0711335-56.2017.8.07.0018;TJDFT;15;36311.81;2;;;t;1;;;;514;;2018-02-28 14:06:53.755168;2018-02-28 14:06:53.755168;;;;
6135;0701282-79.2018.8.07.0018;TJDFT;1;80000.0;7;;;t;1;;;;514;;2018-02-28 14:08:40.928482;2018-02-28 14:08:40.928482;;;;
6136;0706631-97.2017.8.07.0018;TJDFT;1;160000.0;8;;;t;1;;;;514;;2018-03-01 14:29:57.521922;2018-03-01 14:29:57.521922;;;;
6137;0712950-29.2017.8.07.0003;TJDFT;30;1000.0;4;;;t;1;;;;514;;2018-03-02 13:37:03.190381;2018-03-02 13:37:03.190381;;;;
6138;0700831-54.2018.8.07.0018;TJDFT;9;1000.0;1;;;t;1;;;;514;;2018-03-05 15:09:22.512701;2018-03-05 15:09:22.512701;;;;
6140;0701436-97.2018.8.07.0018;TJDFT;1;80000.0;4;;;t;1;;;;514;;2018-03-05 15:18:49.187744;2018-03-05 15:18:49.187744;;;;
6141;0701118-17.2018.8.07.0018;TJDFT;1;100000.0;6;;;t;1;;;;514;;2018-03-07 14:23:34.546952;2018-03-07 14:23:34.546952;;;;
6142;0700850-60.2018.8.07.0018;TJDFT;3;190400.0;1;;;t;1;;;;514;;2018-03-07 14:27:26.268807;2018-03-07 14:27:26.268807;;;;
6144;0701641-29.2018.8.07.0018;TJDFT;1;80000.0;5;;;t;1;;;;514;;2018-03-09 13:36:27.739219;2018-03-09 13:36:27.739219;;;;
6145;2017.01.1.038066-3;TJDFT;12;10000.0;9;;;t;1;;;;514;;2018-03-09 13:38:14.120454;2018-03-09 13:38:14.120454;;;;
6149;0702140-13.2018.8.07.0018;TJDFT;1;100000.0;5;;;t;1;;;;514;;2018-03-15 17:36:17.268457;2018-03-15 17:36:17.268457;;;;
6152;0701816-23.2018.8.07.0018;TJDFT;1;95000.0;59;;;t;1;;;;514;;2018-03-19 14:33:44.216197;2018-03-19 14:33:44.216197;;;;
6153;0713869-70.2017.8.07.0018;TJDFT;1;80000.0;8;;;t;;;;;514;;2018-03-19 14:39:00.63796;2018-03-19 14:39:00.63796;;;;
6155;0702189-54.2018.8.07.0018;TJDFT;1;80000.0;4;;;t;1;;;;514;;2018-03-20 13:22:16.362544;2018-03-20 13:22:16.362544;;;;
6156;0700689-50.2018.8.07.0018;TJDFT;1;80000.0;8;;;t;1;;;;514;;2018-03-23 13:04:31.381257;2018-03-23 13:04:31.381257;;;;
6157;0701020-32.2018.8.07.0018;TJDFT;1;150000.0;8;;;t;1;;;;514;;2018-03-23 13:09:54.606815;2018-03-23 13:09:54.606815;;;;
6158;0701835-29.2018.8.07.0018;TJDFT;14;70000.0;2;;;t;1;;;;514;;2018-03-23 13:20:20.656059;2018-03-23 13:20:20.656059;;;;
6159;0701576-34.2018.8.07.0018;TJDFT;37;105348.89;6;;;t;1;;;;514;;2018-03-23 18:23:33.574507;2018-03-23 18:23:33.574507;;;;
6161;0707008-40.2018.8.07.0016;TJDFT;37;954.0;18;;;t;1;;;;514;;2018-03-27 14:46:23.65468;2018-03-27 14:46:23.65468;;;;
6077;0702493-53.2018.8.07.0018;VARA DA FAZENDA PUBLICA;1;1000.0;59;;;t;1;;;690-713.688/2017;1436;;2017-12-14 20:40:33.985358;2018-03-28 14:03:16.190056;t;;;
6162;0702582-76.2018.8.07.0018;TJDFT;1;80000.0;2;;;t;1;;;;514;;2018-03-28 14:05:33.371745;2018-03-28 14:05:33.371745;;;;
6163;0702228-51.2018.8.07.0018;TJDFT;14;44146.54;5;;;t;1;;;;514;;2018-03-28 14:07:44.890734;2018-03-28 14:07:44.890734;;;;
6165;0713217-53.2017.8.07.0018;TJDFT;15;150000.0;2;;;t;1;;;;514;;2018-04-03 18:27:06.628518;2018-04-03 18:27:06.628518;;;;
6166;0702855-55.2018.8.07.0018;TJDFT;1;100000.0;7;;;t;1;;;;514;;2018-04-04 14:17:00.760029;2018-04-04 14:17:00.760029;;;;
6129;0700886-05.2018.8.07.0018;TJDFT;12;1428542.39;2;;;t;1;;;;514;;2018-02-26 12:37:31.765235;2018-09-28 19:00:21.069494;;;;
6151;2013.01.1.122452-9;TJDFT;1;100000.0;1;;;t;0;;;;514;;2018-03-19 13:58:54.909668;2018-08-27 18:58:26.70588;;;;
6143;2013.01.1.067935-3;TJDFT;13;1000.0;4;;;t;0;;;;514;;2018-03-08 12:56:00.632214;2018-08-27 18:58:51.220965;;;;
6150;0008757-14.2000.8.07.0001;TJDFT;4;421.45;4;;;t;0;;;;514;;2018-03-16 13:24:10.751166;2018-09-25 19:02:11.504911;;;;
6130;0700231-33.2018.8.07.0018;TJDFT;1;205000.0;17;;;t;1;;;;514;;2018-02-27 14:07:53.039231;2018-09-28 19:06:29.82658;;;;
6131;0700618-48.2018.8.07.0018;TJDFT;1;;59;;;f;1;;;;514;;2018-02-27 14:24:02.9159;2018-09-28 19:23:30.165423;;;;
6139;0700531-92.2018.8.07.0018;TJDFT;1;;59;;;f;1;;;;514;;2018-03-05 15:14:11.566239;2018-09-28 19:24:45.028672;;;;
6146;0709320-17.2017.8.07.0018;TJDFT;15;150000.0;1;;;t;1;;;;514;;2018-03-12 14:00:57.762013;2018-09-28 19:26:02.575921;;;;
6160;0713896-53.2017.8.07.0018;TJDFT;28;18906.47;8;;;t;1;;;;514;;2018-03-27 14:12:48.626178;2018-09-28 19:41:22.101481;;;;
4302;0700423-63.2018.8.07.0018;TJDFT;37;500.0;2;14;1252;t;0;;;777-018.909/2014;1167;3;2014-12-05 21:02:44.57;2018-10-02 14:14:47.997991;;;;
6164;0000335-67.2018.5.10.0104;TRT 10;32;27232.02;17;;;t;1;;;392-003.819/2018;514;;2018-04-02 13:05:01.138206;2018-12-05 12:04:08.030524;;;;
6127;0700276-03.2019.8.07.0018;TJDFT;10;100000.0;6;;;t;0;;;;514;;2018-02-22 14:21:20.827094;2019-03-07 18:33:50.865852;;;;
6196;0026092-15.2017.8.07.0001;TJDFT;30;;17;;;t;1;;;;514;;2018-04-27 15:11:30.317245;2018-04-27 15:11:30.317245;;;;
6197;0712654-59.2017.8.07.0018;TJDFT;10;30000.0;8;;;t;1;;;;514;;2018-04-27 17:44:31.582007;2018-04-27 17:44:31.582007;;;;
6198;0702299-53.2018.8.07.0018;TJDFT;1;87000.0;8;;;t;1;;;;514;;2018-04-27 17:52:21.492818;2018-04-27 17:52:21.492818;;;;
6199;0704959-65.2018.8.07.0003;TJDFT;14;180000.0;59;;;t;1;;;;514;;2018-04-30 14:38:06.788655;2018-04-30 14:38:06.788655;;;;
6200;0702757-70.2018.8.07.0018;TJDFT;1;100000.0;8;;;t;1;;;;514;;2018-05-02 14:23:15.197967;2018-05-02 14:23:15.197967;;;;
6201;0702755-03.2018.8.07.0018;TJDFT;1;100000.0;8;;;t;0;;;;514;;2018-05-02 14:27:24.63196;2018-05-02 14:27:24.63196;;;;
6202;0703613-34.2018.8.07.0018;TJDFT;15;50000.0;4;;;t;1;;;;514;;2018-05-03 14:39:51.678577;2018-05-03 14:39:51.678577;;;;
6203;0703804-79.2018.8.07.0018;TJDFT;9;100000.0;7;;;t;1;;;;514;;2018-05-03 14:47:16.180855;2018-05-03 14:47:16.180855;;;;
6204;0702699-67.2018.8.07.0018;TJDFT;1;100000.0;6;;;t;1;;;;514;;2018-05-03 14:49:16.212467;2018-05-03 14:49:16.212467;;;;
6147;0701270-68.2018.8.07.0017;TJDFT;12;170000.0;51;;;t;0;;;;514;;2018-03-13 14:06:20.49165;2018-05-04 14:20:22.750963;;;;
6205;0703231-41.2018.8.07.0018;TJDFT;1;100000.0;59;;;t;;;;;514;;2018-05-04 14:41:59.000475;2018-05-04 14:41:59.000475;;;;
6206;0702444-12.2018.8.07.0018;TJDFT;1;100000.0;1;;;t;1;;;;514;;2018-05-04 14:44:25.162982;2018-05-04 14:44:25.162982;;;;
6194;0703390-81.2018.8.07.0018;TJDFT;1;80000.0;7;;;t;1;;;;514;;2018-04-26 14:29:30.011445;2018-05-11 13:59:35.035439;;;;
6207;0703738-02.2018.8.07.0018;TJDFT;1;135579.32;7;;;t;1;;;;514;;2018-05-11 14:13:34.39334;2018-05-11 14:13:34.39334;;;;
6208;0703376-97.2018.8.07.0018;TJDFT;1;190000.0;8;;;t;1;;;;514;;2018-05-16 14:16:40.205845;2018-05-16 14:16:56.934835;;;;
6210;0703992-72.2018.8.07.0018;TJDFT;1;100000.0;7;;;t;;;;;514;;2018-05-22 12:27:33.171101;2018-05-22 12:27:33.171101;;;;
6211;0704104-41.2018.8.07.0018;TJDFT;1;239000.0;4;;;t;1;;;;514;;2018-05-22 12:39:00.266439;2018-05-22 12:39:00.266439;;;;
6212;0703938-09.2018.8.07.0018;TJDFT;10;2000.0;7;;;t;;;;;514;;2018-05-22 12:42:41.190683;2018-05-22 12:42:41.190683;;;;
6213;0703991-87.2018.8.07.0018;TJDFT;1;100000.0;1;;;t;1;;;;514;;2018-05-22 12:45:05.733981;2018-05-22 12:45:05.733981;;;;
6214;0704034-24.2018.8.07.0018;TJDFT;1;100000.0;7;;;t;1;;;;514;;2018-05-22 12:50:45.149336;2018-05-22 12:50:45.149336;;;;
6215;0017301-11.2016.8.07.0007;TJDFT;30;1000.0;6;;;t;1;;;;514;;2018-05-22 12:54:38.859372;2018-05-22 12:54:38.859372;;;;
6218;0704382-42.2018.8.07.0018;TJDFT;1;100000.0;59;;;t;1;;;;514;;2018-05-24 14:42:53.088143;2018-05-24 14:42:53.088143;;;;
6219;0704359-96.2018.8.07.0018;TJDFT;1;100000.0;6;;;t;1;;;;514;;2018-05-24 14:48:38.432432;2018-05-24 14:48:38.432432;;;;
6220;0703797-87.2018.8.07.0018;TJDFT;1;100000.0;5;;;t;1;;;;514;;2018-05-24 14:51:21.147304;2018-05-24 14:51:21.147304;;;;
6222;0703489-51.2018.8.07.0018;TJDFT;1;;6;;;t;0;;;;514;;2018-06-04 18:07:03.837106;2018-06-04 18:07:03.837106;;;;
6223;0703041-57.2017.8.07.0004;TJDFT;1;173326.48;9;;;t;1;;;;514;;2018-06-06 13:55:14.358873;2018-06-06 13:55:14.358873;;;;
6225;0704746-14.2018.8.07.0018;TJDFT;10;294050.0;2;;;t;1;;;;514;;2018-06-06 14:03:02.614101;2018-06-06 14:03:02.614101;;;;
6226;0704226-02.2018.8.07.0003;TJDFT;14;300000.0;5;;;t;1;;;;514;;2018-06-06 14:07:30.410716;2018-06-06 14:07:30.410716;;;;
6224;0708732-10.2017.8.07.0018;TJDFT;1;80000.0;6;;;t;1;;;;514;;2018-06-06 13:58:11.120713;2018-06-07 14:17:30.956751;;;;
6227;0009188-98.2017.8.07.0018;TJDFT;15;300000.0;9;;;t;1;;;;514;;2018-06-07 17:00:42.371246;2018-06-07 17:00:42.371246;;;;
6228;0709269-06.2017.8.07.0018;TJDFT;1;100000.0;55;;;t;1;;;;514;;2018-06-07 17:12:20.065775;2018-06-07 17:12:20.065775;;;;
6229;0704555-66.2018.8.07.0018;TJDFT;14;524508.89;8;;;t;1;;;;514;;2018-06-07 21:16:50.590836;2018-06-07 21:16:50.590836;;;;
6230;0705126-37.2018.8.07.0018;TJDFT;3;1000.0;1;;;t;1;;;;514;;2018-06-08 14:47:58.205043;2018-06-08 14:47:58.205043;;;;
6231;0705226-89.2018.8.07.0018;TJDFT;9;150000.0;4;;;t;1;;;;514;;2018-06-12 13:57:45.665963;2018-06-12 13:57:45.665963;;;;
836;28131-0/13;TJDFT;1;100000.0;8;62;867;f;0;;;777-005.392/2013;499;;2013-10-09 19:26:28.987;2018-06-12 14:51:41.033995;;;;
850;2000.01.1.012.035-4;TRIBUNAL DE JUSTI脟A DO DF;11;434.75;2;14;524;t;0;;;777-005.443/2013;499;3;2013-10-11 13:11:36.527;2018-06-12 15:03:48.254269;;;;
936;2013.01.1.0138580-9;TJDFT;9;25943.01;4;14;812;f;0;;;777-005.540/2013;499;3;2013-10-11 16:46:44.857;2018-06-12 16:07:59.727043;;;;
938;2013.01.1.030794-7;TRIBUNAL DE JUSTI脟A DO DF;37;120000.0;2;14;739;f;0;;;777-005.542/2013;499;3;2013-10-11 16:48:55.663;2018-06-12 16:10:14.461863;;;;
1479;2012.01.1.148072-4;TJDFT;1;80000.0;7;14;812;f;0;;;777-006.312/2013;831;3;2013-10-22 10:11:01.177;2018-06-14 13:04:58.685644;;;;
1518;2013.01.1.030786-7;TJDFT;1;150000.0;8;62;739;f;0;;;777-006.374/2013;514;;2013-10-22 18:22:35.863;2018-06-14 13:20:24.598739;;;;
1546;2013.01.1.136752-3;TJDFT;1;100000.0;7;14;1006;f;0;;;777-006.426/2013;831;3;2013-10-23 16:42:27.723;2018-06-14 13:36:35.801801;;;;
2109;2012.01.1.171599-5;TJDFT;30;1000.0;7;62;805;f;0;;;777-001.339/2014;514;;2014-01-23 13:37:17.037;2018-06-15 15:19:12.933428;;;;
2194;2013.01.1.041605-2;TJDFT;1;80000.0;7;62;739;t;0;;;777-001.744/2014;514;;2014-01-30 12:34:40.59;2018-06-15 15:26:33.830682;;;;
6254;0705421-74.2018.8.07.0018;TJDFT;14;128935.25;6;;;t;1;;;;514;;2018-07-11 14:41:27.75202;2018-07-11 14:41:27.75202;;;;
5486;2013.01.1.103726-7;TJDFT;9;100.0;4;62;1373;t;0;;;777-002.611/2015;1375;;2015-03-26 21:24:45.74;2018-08-24 20:28:25.285992;;;;
6216;0704365-06.2018.8.07.0018;TJDFT;27;;1;;;f;1;;;;514;;2018-05-22 13:59:35.237883;2018-09-28 20:04:30.144853;;;;
6217;0710257-44.2018.8.07.0001;TJDFT;9;181784.61;17;;;t;1;;;;514;;2018-05-24 14:20:42.358366;2018-09-28 20:05:17.432926;;;;
6221;0713688-69.2017.8.07.0018;tjdft;39;1000.0;17;;;t;1;;;;514;;2018-05-28 13:13:47.699234;2018-09-28 20:06:20.019815;;;;
1478;0007959-79.2012.8.07.0018;TJDFT;1;1000.0;7;14;812;t;0;;;777-006.311/2013;831;3;2013-10-22 10:09:05.673;2018-12-21 12:21:07.760346;;;;
6209;1023316-15.2018.4.01.3400;TJDFT;1;30954.0;8;;;t;1;;;;514;;2018-05-17 19:00:05.94424;2019-02-01 13:19:35.200331;;;;
2305;2013.05.1.011687-4;TJDFT;30;70000.0;17;14;739;t;0;;;777-002.487/2014;514;3;2014-02-12 14:41:32.103;2018-06-15 16:15:09.723481;;;;
6232;0705179-18.2018.8.07.0018;TJDFT;1;100000.0;1;;;t;1;;;;514;;2018-06-18 14:09:19.130119;2018-06-18 14:09:19.130119;;;;
6233;0715874-13.2017.8.07.0003;TJDFT;14;5000.0;5;;;t;1;;;;514;;2018-06-18 14:11:19.898627;2018-06-18 14:11:19.898627;;;;
6234;0712681-59.2018.8.07.0001;TJDFT;14;54189.17;6;;;t;1;;;;514;;2018-06-18 14:13:27.47261;2018-06-18 14:13:27.47261;;;;
2332;2013.01.1.115734-8;TJDFT;20;1000.0;2;62;739;f;0;;;777-002.640/2014;1070;;2014-02-17 13:29:24.04;2018-06-18 15:39:02.079328;;;;
1884;2012.01.1.117807-3;TJDFT;9;560000.0;1;62;524;f;0;;;777-008.014/2013;831;;2013-12-16 10:39:03.343;2018-06-18 16:18:17.56233;;;;
1921;2013.01.1.085537-0;TJDFT;35;500000.0;7;62;805;f;0;;;777-008.271/2013;831;;2013-12-19 17:17:50.193;2018-06-18 16:20:44.519167;;;;
3200;2012.01.1.151670-9;TJDFT;1;100000.0;2;62;739;f;0;;;777-007.558/2014;1070;;2014-06-06 12:16:13.18;2018-06-18 16:43:30.049655;;;;
1357;2013.01.1.011666-6;TJDFT;1;100.0;6;14;867;f;0;;;777-006.143/2013;831;3;2013-10-21 13:06:25.793;2018-06-19 13:11:30.086843;;;;
6236;0703446-17.2018.8.07.0018;TJDFT;14;59875.48;8;;;t;;;;;514;;2018-06-19 13:16:49.836402;2018-06-19 13:16:49.836402;;;;
3558;2012.01.1.190871-8;TJDFT;16;1629.74;5;62;805;f;0;;;777-011.444/2014;1070;;2014-08-13 15:34:24.74;2018-06-19 16:02:17.938244;;;;
6237;0704934-07.2018.8.07.0018;TJDFT;2;115000.0;59;;;t;1;;;;514;;2018-06-20 12:12:32.714999;2018-06-20 12:12:32.714999;;;;
3958;2013.01.1.058211-9;TJDFT;1;120000.0;10;62;1248;t;0;;;777-015.924/2014;1070;;2014-10-20 11:52:17.263;2018-06-20 14:10:53.692539;;;;
4000;2012.01.1.190636-8;TJDFT;16;1629.74;4;62;1006;f;0;;;777-016.161/2014;1167;;2014-10-22 20:33:32.643;2018-06-20 14:45:01.459015;;;;
4063;2012.01.1.193577-8;TJDFT;37;1000.0;2;14;805;t;0;;;777-016.532/2014;1167;3;2014-10-29 20:16:47.027;2018-06-20 14:57:52.849351;;;;
4128;2013.01.1.172176-6;TJDFT;1;50000.0;1;62;1252;f;0;;;777-016.992/2014;1167;;2014-11-05 19:33:40.637;2018-06-20 15:27:57.178136;;;;
4191;2012.01.1.190504-3;TJDFT;16;1629.28;6;62;1006;f;0;;;777-017.574/2014;1167;;2014-11-17 16:52:46.41;2018-06-20 15:50:32.843304;;;;
4203;2013.01.1.175749-6;TJDFT;35;709784727.0;4;62;805;f;0;;;777-017.833/2014;1167;;2014-11-19 21:05:58.963;2018-06-20 16:05:44.746273;;;;
3346;2013.01.1.175749-6;TJDFT;35;709784727.0;4;62;805;f;0;;;777-009.047/2014;1070;;09/07/2014 13:32;2018-06-20 16:09:49.57775;;;;
1138;2013.01.1.099490-9;TJDFT;9;150304.99;5;14;739;f;0;;;777-005.764/2013;739;3;2013-10-14 12:39:11.367;2018-06-20 16:14:32.131234;;;;
4570;2014.01.1.195206-9;TJDFT;37;724.0;2;14;1252;f;0;;;777-000.760/2015;805;3;2015-01-16 13:04:04.883;2018-06-21 16:15:39.446355;;;;
4555;2010.02.1.002085-0;TJDFT;12;30000.0;17;14;514;f;0;;;777-000.724/2015;1070;3;2015-01-15 19:15:14.147;2018-06-21 16:16:10.711785;;;;
5040;2014.01.1.196087-6;TJDFT;9;100000.0;6;15;514;f;0;;;777-001.814/2015;521;3;2015-02-18 15:58:51.057;2018-06-26 12:29:29.509319;;;;
6238;0705704-97.2018.8.07.0018;TJDFT;1;250000.0;4;;;t;1;;;;514;;2018-06-27 14:39:27.739106;2018-06-27 14:39:27.739106;;;;
6239;0705782-91.2018.8.07.0018;TJDFT;1;1500.0;4;;;t;1;;;;514;;2018-06-27 14:42:18.140555;2018-06-27 14:42:18.140555;;;;
6240;2017.13.1.001134-4;TJDFT;10;46000.0;51;;;t;1;;;;514;;2018-06-28 14:15:40.06691;2018-06-28 14:15:40.06691;;;;
6241;0702306-82.2017.8.07.0017;TJDFT;37;65000.0;51;;;t;1;;;;514;;2018-06-29 14:11:48.600401;2018-06-29 14:12:21.891837;;;;
6242;0715726-71.2018.8.07.0001;TJDFT;16;31272.06;17;;;t;1;;;;514;;2018-07-03 14:34:01.556679;2018-07-03 14:34:01.556679;;;;
6243;0706732-12.2018.8.07.0018;TJDFT;10;0.0;44;;;t;1;;;;514;;2018-07-04 13:20:05.363668;2018-07-04 13:20:05.363668;;;;
6244;0705149-80.2018.8.07.0018;TJDFT;1;10000.0;2;;;t;1;;;;514;;2018-07-06 14:46:44.756643;2018-07-06 14:46:44.756643;;;;
6245;0705916-21.2018.8.07.0018;TJDFT;1;100000.0;5;;;t;1;;;;514;;2018-07-06 14:48:29.869775;2018-07-06 14:48:29.869775;;;;
6246;0707364-74.2018.8.07.0003;TJDFT;14;28928.64;7;;;t;1;;;;514;;2018-07-06 14:52:14.515609;2018-07-06 14:52:14.515609;;;;
6247;2016.01.1.118701-5;TJDFT;27;10000000.0;9;;;t;0;;;;514;;2018-07-06 14:55:28.65282;2018-07-06 14:55:28.65282;;;;
5553;2013.01.1.133484-2;TJDFT;1;50000.0;4;62;1398;f;0;;;777-002.779/2015;1375;;2015-04-07 21:05:40.09;2018-07-09 13:03:03.267919;;;;
6248;0706179-53.2018.8.07.0018;TJDFT;3;20000.0;2;;;t;1;;;;514;;2018-07-09 13:08:12.49025;2018-07-09 13:08:12.49025;;;;
6249;0705432-06.2018.8.07.0018;TJDFT;1;100000.0;7;;;t;1;;;;514;;2018-07-10 13:04:35.143324;2018-07-10 13:04:35.143324;;;;
5734;2016.01.1.122642-4;QUARTA VARA DA FAZENDA;1;8000.0;4;;;f;0;;;;1436;;2017-01-12 13:00:12.015466;2018-07-10 13:22:35.15329;;;;
6250;0705817-51.2018.8.07.0018;TJDFT;9;300000.0;9;;;t;1;;;;514;;2018-07-10 13:27:59.855913;2018-07-10 13:27:59.855913;;;;
4224;0705541-20.2018.8.07.0018;TJDFT;37;721.47;4;14;1252;t;0;;;777-018.059/2014;1167;3;2014-11-21 20:14:23.813;2018-10-02 14:03:56.004078;;;;
6235;0711573-41.2018.8.07.0018;TJDFT;14;40000.0;5;;;t;1;;;;514;;2018-06-18 14:15:07.793113;2019-01-23 13:56:22.158848;;;;
6257;0702575-17.2018.8.07.0008;TJDFT;12;100000.0;9;;;t;1;;;;514;;2018-07-24 14:27:19.053723;2018-07-24 14:27:19.053723;;;;
6258;0721913-50.2018.8.07.0016;TJDFT;1;15000.0;27;;;t;1;;;;514;;2018-07-24 18:03:56.256357;2018-07-24 18:03:56.256357;;;;
2804;2013.01.1.121344-5;TJDFT;1;76000.0;7;62;805;f;0;;;777-005.128/2014;1070;;2014-04-10 15:25:44.237;2018-08-23 17:28:50.656165;;;;
6264;2017.05.1.007888-7;TJDFT;37;0.0;17;;;t;0;;;;514;;2018-08-14 19:06:43.273118;2018-09-28 20:07:10.216845;;;;
6260;0705754-26.2018.8.07.0018;TJDFT;9;70000.0;7;;;t;1;;;;514;;2018-08-08 19:28:26.742301;2018-08-08 19:28:26.742301;;;;
5278;0706735-55.2018.8.07.0018;TJDFT;9;100.0;7;62;514;t;0;;;777-002.281/2015;1375;;2015-03-13 21:42:38.187;2018-10-02 13:23:50.891588;f;;;
6261;0707568-73.2018.8.07.0018;TJDFT;12;1000000.0;9;;;t;1;;;;514;;2018-08-13 18:13:30.916015;2018-08-13 18:13:30.916015;;;;
6262;0707541-90.2018.8.07.0018;TJDFT;15;150000.0;4;;;t;1;;;;514;;2018-08-13 18:15:17.652644;2018-08-13 18:15:17.652644;;;;
6263;0706366-61.2018.8.07.0018;TJDFT;14;18000.0;7;;;t;1;;;;514;;2018-08-13 18:18:41.409572;2018-08-13 18:18:41.409572;;;;
6265;0706989-28.2018.8.07.0018;TJDFT;3;1000.0;5;;;t;1;;;;514;;2018-08-16 13:28:46.98427;2018-08-16 13:28:46.98427;;;;
6266;0707745-37.2018.8.07.0018;TJDFT;10;90000.0;7;;;t;1;;;;514;;2018-08-16 13:31:47.202777;2018-08-16 13:31:47.202777;;;;
455;2016.01.1.068732-7;TJDFT;1;1000.0;4;;;f;0;;;;514;;2016-07-11 19:17:47.35;2018-08-16 20:22:06.043794;;;;
463;2016.01.1.069704-7;TJDFT;1;80000.0;5;;;f;0;;;;514;;2016-07-20 11:54:36.387;2018-08-16 20:31:14.964416;;;;
465;2016.01.1.069239-6;TJDFT;1;80000.0;7;;;f;0;;;;514;;2016-07-20 12:00:09.373;2018-08-16 20:32:17.438813;;;;
5588;0007059-62.2013.8.07.0018;TJDFT;1;50000.0;3;62;1438;t;0;;;777-002.846/2015;1375;;2015-04-09 20:17:55.2;2018-08-21 12:48:06.695958;;;;
6267;0701927-92.2017.8.07.0001;TJDFT;9;90000.0;17;;;t;1;;;;514;;2018-08-21 14:35:30.192745;2018-08-21 14:35:30.192745;;;;
6268;0706953-83.2018.8.07.0018;TJDFT;15;200000.0;5;;;t;1;;;;514;;2018-08-21 14:38:32.608435;2018-08-21 14:38:32.608435;;;;
6269;0707897-85.2018.8.07.0018;TJDFT;1;954.0;4;;;t;1;;;;514;;2018-08-21 14:40:52.822401;2018-08-21 14:40:52.822401;;;;
6270;0707355-67.2018.8.07.0018;TJDFT;14;73785.41;5;;;t;1;;;;514;;2018-08-21 14:45:06.64885;2018-08-21 14:45:06.64885;;;;
6271;0707609-40.2018.8.07.0018;TJDFT;15;200000.0;2;;;t;1;;;;514;;2018-08-21 14:47:56.866347;2018-08-21 14:47:56.866347;;;;
6272;0707556-59.2018.8.07.0018;TJDFT;1;300000.0;8;;;t;1;;;;514;;2018-08-21 15:03:54.914763;2018-08-21 15:03:54.914763;;;;
993;2010.01.1.181010-7;TJDFT;1;50000.0;5;62;739;f;0;;;777-005.597/2013;499;;2013-10-11 17:37:34.407;2018-08-21 18:51:25.947387;;;;
1053;2011.01.1.218632-4;TJDFT;14;80000.0;1;14;812;f;0;;;777-005.659/2013;499;3;2013-10-11 18:29:33.697;2018-08-21 18:55:24.088813;;;;
1117;2012.01.1.165039-0;TJDFT;36;622.0;7;14;524;f;0;;;777-005.740/2013;290;3;2013-10-11 21:11:51.953;2018-08-21 19:11:11.707622;;;;
1132;2013.01.1.084088-8;TJDFT;9;80000.0;5;14;739;t;0;;;777-005.757/2013;739;3;2013-10-14 12:11:05.867;2018-08-21 19:14:14.462405;;;;
1194;2013.01.1.033128-3;TJDFT;37;100000.0;1;14;812;t;0;;;777-005.835/2013;290;3;2013-10-14 17:11:34.97;2018-08-21 19:32:44.767783;;;;
1266;2011.01.1.065660-3;TJDFT;1;30000.0;4;14;524;f;0;;;777-005.912/2013;514;3;14/10/2013 21:18;2018-08-21 19:41:00.595916;;;;
1268;2011.01.1.179212-7;TJDFT;1;40000.0;4;14;812;f;0;;;777-005.914/2013;514;3;2013-10-14 21:24:18.413;2018-08-21 19:43:03.502503;;;;
1322;2000.011.062590-9;TJDFT;11;692.88;3;62;867;f;0;;;777-006.051/2013;514;;2013-10-17 17:09:56.497;2018-08-21 20:06:02.632234;;;;
1389;2013.01.1.086494-8;TJDFT;1;481379.15;8;14;867;f;0;;;777-006.177/2013;514;3;2013-10-21 13:40:24.463;2018-08-21 20:10:21.512804;;;;
2763;2012.01.1.186044-6;TJDFT;1;1000.0;6;62;739;t;0;;;777-004.915/2014;1070;;2014-04-07 15:03:09.927;2018-08-23 17:28:04.602508;;;;
2607;2013.01.1.121364-6;TJDFT;1;100000.0;5;62;805;f;0;;;777-004.095/2014;1070;;2014-03-20 14:57:02.483;2018-08-23 17:48:33.140698;;;;
2958;2012.01.1.188364-9;TJDFT;1;60000.0;6;62;739;f;0;;;777-006.108/2014;1070;;2014-05-06 13:48:48.957;2018-08-23 18:26:27.318391;;;;
2977;2012.01.1.143306-0;TJDFT;37;100000.0;16;62;1006;f;0;;;777-006.130/2014;1070;;2014-05-06 14:25:11.36;2018-08-23 18:31:30.924594;;;;
3594;2013.01.1.000599-3;TJDFT;37;40000.0;16;62;805;f;0;;;777-011.896/2014;1167;;2014-08-19 17:24:16.997;2018-08-23 18:38:10.444843;;;;
3742;2014.01.1.038512-7;TJDFT;9;724.0;3;62;805;f;0;;;777-013.471/2014;1070;;2014-09-09 15:57:14.043;2018-08-23 19:05:36.046892;;;;
4246;2014.01.1.144043-6;TJDFT;37;100000.0;2;14;1252;f;0;;;777-018.386/2014;1167;3;2014-11-26 18:43:46.853;2018-08-23 20:08:20.471112;;;;
6101;0036635-83.2015.8.07.0001;TJDFT;37;32742.36;17;;;t;0;;;;514;;2018-01-25 15:58:14.189484;2018-09-28 17:43:51.947959;;;;
2058;0707430-09.2018.8.07.0018;TJDFT;9;1000.0;1;14;1006;t;0;;;777-000.536/2014;831;3;2014-01-17 18:26:31.717;2018-09-28 20:14:53.221982;;;;
479;0024639-03.2016.8.07.0018;TJDFT;37;1800.0;17;;;t;0;f;;;514;;2016-07-28 19:43:22.493;2018-11-08 19:35:43.460544;f;;;
267;0000258-08.2016.5.10.0014;TRT10;32;33283.78;31;;;t;1;t;10000.0;392-000.199/2016;514;;2016-03-21 12:44:58.297;2018-12-03 14:08:05.00529;f;;;
298;0000286-03.2016.5.10.0005;TRT10;32;30000.0;37;;;t;1;;;392-000.297/2016;514;;2016-04-04 17:39:01.333;2018-12-03 15:06:19.016117;f;;;
4280;2013.01.1.013401-9;TJDFT;37;500.0;11;62;1252;f;0;;;777-018.812/2014;1167;;2014-12-02 18:43:32.353;2018-08-23 20:13:17.367918;;;;
4669;2014.03.1.009982-8;TJDFT;9;100000.0;17;14;514;f;0;;;777-000.963/2015;805;3;2015-01-20 13:33:53.877;2018-08-24 17:09:15.271063;;;;
4673;2014.01.1.174625-7;TJDFT;1;100000.0;7;14;1248;f;0;;;777-000.967/2015;805;3;2015-01-20 13:37:42.617;2018-08-24 17:09:40.847916;;;;
4730;2013.01.1.079126-9;TJDFT;37;50000.0;1;14;1006;f;0;;;777-001.075/2015;1070;3;2015-01-21 14:14:29.727;2018-08-24 17:33:31.460775;;;;
4803;2012.01.1.125571-2;TJDFT;11;105022.11;1;62;1006;f;0;;;777-001.308/2015;1070;;2015-01-27 17:36:02.407;2018-08-24 17:42:39.031871;;;;
4841;2013.01.1.184972-3;TJDFT;8;1000.0;8;62;1252;f;0;;;777-001.414/2015;1070;;2015-01-29 19:34:35.433;2018-08-24 17:59:52.679957;;;;
4914;2014.01.1.082127-6;TJDFT;9;1000.0;2;62;1248;t;0;;;777-001.569/2015;1070;;2015-02-04 13:57:22.967;2018-08-24 18:17:45.017942;;;;
5325;2014.01.1.171150-5;TJDFT;9;3468.26;7;62;1373;f;0;;;777-002.348/2015;1375;;2015-03-17 19:24:21.293;2018-08-24 19:48:27.992336;;;;
5349;2015.01.1.023471-3;TJDFT;1;50000.0;8;15;1375;f;0;;;777-002.387/2015;1375;;2015-03-18 22:31:22.007;2018-08-24 19:58:09.573669;;;;
5386;2011.01.1.230344-4;TJDFT;1;120000.0;3;62;514;f;0;;;777-002.448/2015;1375;;2015-03-20 19:41:54.003;2018-08-24 20:09:23.557348;;;;
5416;2013.01.1.104576-9;TJDFT;1;150340.45;11;62;1373;f;0;;;777-002.484/2015;1375;;2015-03-23 19:10:52.98;2018-08-24 20:15:30.129072;;;;
5442;2011.01.1.091040-4;TJDFT;14;1500.0;5;62;1373;f;0;;;777-002.519/2015;1375;;2015-03-24 18:33:17.493;2018-08-24 20:20:49.721793;;;;
5467;2012.01.1.163928-5;TJDFT;1;80000.0;5;62;1375;f;0;;;777-002.564/2015;1375;;2015-03-25 18:45:25.797;2018-08-24 20:25:06.72442;;;;
5605;2014.01.1.023418-6;TJDFT;9;150000.0;5;62;1438;f;0;;;777-002.870/2015;1375;;2015-04-10 19:34:11.347;2018-08-24 20:30:05.272961;;;;
6273;3994/95;TJDFT;12;1581.6;4;;;t;0;;;;514;;2018-08-27 13:04:54.10842;2018-08-27 13:04:54.10842;;;;
6274;0707888-26.2018.8.07.0018;TJDFT;30;1000.0;9;;;t;1;;;;514;;2018-08-27 13:47:13.847132;2018-08-27 13:47:13.847132;;;;
6275;0004899-14.2015.8.07.0012;TJDFT;9;126248.12;7;;;t;1;;;;514;;2018-08-27 13:49:58.862408;2018-08-27 13:49:58.862408;;;;
6276;0707953-21.2018.8.07.0018;TJDFT;1;200000.0;2;;;t;1;;;;514;;2018-08-27 13:51:34.994054;2018-08-27 13:51:34.994054;;;;
83;2015.01.1.067949-5;TJDFT;1;50000.0;7;;;f;0;;;;1375;;2015-06-18 18:24:25.003;2018-08-27 18:22:14.259585;;;;
127;2015.01.1.099256-3;TJDFT;9;80000.0;2;;;f;0;;;;1436;;2015-09-21 13:43:10.18;2018-08-27 18:35:03.853361;;;;
138;2015.01.1.074161-3;TJDFT;1;150000.0;5;;;f;0;;;;1375;;2015-09-25 16:41:27.467;2018-08-27 18:46:07.792342;;;;
5964;2004.01.1.009904-9;TJDFT;4;10000.0;4;;;f;0;;;;514;;2017-08-25 17:40:06.025342;2018-08-27 19:10:41.937626;f;;;
5842;10567/92;TJDFT;6;1000000.0;59;;;f;0;;;;514;;2017-04-20 20:00:45.367541;2018-08-27 19:23:18.060085;f;;;
5749;2016.01.1.126616-3;SETIMA VARA DA FAZENDA ;1;180000.0;7;;;t;0;;0.0;;1436;;2017-01-19 17:08:17.529668;2018-08-27 20:00:51.122274;;;;
390;2016.01.1.054281-7;TJDFT;1;80000.0;5;;;f;0;;;;514;;2016-05-24 11:40:56.403;2018-08-27 20:25:07.141304;;;;
570;2015.01.1.075244-9;TJDFT;1;50000.0;6;;;f;0;;;;1375;;2015-10-20 20:20:47.65;2018-08-27 20:49:30.996307;;;;
156;2015.01.1.053610-5;TJDFT;37;5143.29;1;;;f;0;;;;1375;;2015-10-14 21:01:19.833;2018-08-27 20:54:32.492896;;;;
343;2016.01.1.041761-0;TJDFT;1;5000.0;17;;;f;0;;;;514;;2016-04-25 12:25:30.477;2018-08-28 16:35:09.350457;;;;
294;2016.01.1.021449-4;TJDFT;1;80000.0;4;;;f;0;;;;514;;2016-03-31 20:19:35.877;2018-08-28 16:48:48.431511;;;;
252;2015.01.1.135224-9;TJDFT;1;80000.0;2;;;f;0;;;;514;;2016-03-10 18:58:37.42;2018-08-28 16:58:20.48312;;;;
230;2016.01.1.011727-8;TJDFT;9;80000.0;3;;;f;0;;;;514;;2016-02-22 16:54:43.477;2018-08-28 17:07:45.62057;;;;
192;2015.01.1.136677-5;TJDFT;10;15000.0;1;;;f;0;;;;1375;;2016-01-21 16:10:57.997;2018-08-28 17:16:20.923752;;;;
6277;0708385-40.2018.8.07.0018;TJDFT;1;311000.0;2;;;t;1;;;;514;;2018-08-28 17:20:03.864396;2018-08-28 17:20:03.864396;;;;
171;2015.01.1.140084-9;TJDFT;1;65000.0;3;;;f;0;;;;1375;;2016-01-12 18:41:52.847;2018-08-28 17:22:46.305921;;;;
169;2000.01.1.046527-2;TJDFT;11;12805.69;3;;;f;0;;;;1375;;2015-12-28 13:02:26.083;2018-08-28 17:36:32.769345;;;;
620;2015.01.1.087113-3;TJDFT;1;50000.0;5;;;f;0;;;;1375;;2015-11-23 18:01:47.117;2018-08-28 18:24:35.642999;;;;
589;2015.01.1.072465-2;TJDFT;1;100000.0;1;;;f;0;;;;1375;;2015-11-09 18:36:39.227;2018-08-28 18:28:16.981921;;;;
603;2015.01.1.059391-4;TJDFT;1;50000.0;1;;;f;0;;;;1375;;2015-11-11 20:16:46.147;2018-08-28 18:33:31.987221;;;;
106;2015.01.1.013954-3;TJDFT;27;1000.0;4;;;t;0;;;;1375;;2015-08-03 19:10:55.617;2019-01-31 11:48:00.678239;;;;
4970;0004118-84.1999.8.07.0001;TJDFT;43;14769.0;10;34;805;t;0;;;777-001.668/2015;521;;2015-02-09 10:10:09.417;2018-11-20 19:57:34.289764;;;;
4846;0048086-88.2014.8.07.0018;TJDFT;9;100000.0;5;62;1252;t;0;;;777-001.419/2015;1070;;2015-01-29 19:40:23.91;2018-12-19 14:29:30.60793;;;;
2915;2014.01.1.014152-4;TJDFT;37;29677.93;6;14;739;t;0;;;777-005.848/2014;1070;3;2014-04-28 12:52:47.19;2018-09-11 20:29:27.822473;;;;
6285;2016.03.1.006950-8;TJDFT;30;120000.0;17;;;t;0;;;;514;;2018-09-12 20:57:03.24182;2018-09-12 20:57:03.24182;;;;
6286;1017734-34.2018.4.01.3400;TRF1;1;120220.0;17;;;t;1;;;;514;;2018-09-14 13:15:57.250307;2018-09-14 13:15:57.250307;;;;
6287;0703483-78.2017.8.07.0018;TJDFT;1;130000.0;6;;;t;1;;;;514;;2018-09-14 14:16:52.95464;2018-09-14 14:16:52.95464;;;;
6288;0707450-97.2018.8.07.0018;TJDFT;14;180000.0;1;;;t;1;;;;514;;2018-09-14 14:23:46.986255;2018-09-14 14:23:46.986255;;;;
6289;0708806-30.2018.8.07.0018;TJDFT;1;100000.0;2;;;t;1;;;;514;;2018-09-14 14:26:54.4171;2018-09-14 14:26:54.4171;;;;
400;0713892-16.2017.8.07.0018;TJDFT;37;15000.0;7;;;t;0;;;;514;;2016-06-01 17:27:06.98;2018-09-24 14:38:53.999256;;;;
6290;0708924-06.2018.8.07.0018;TJDFT;1;100000.0;59;;;t;1;;;;514;;2018-09-24 17:40:29.292498;2018-09-24 17:40:29.292498;;;;
6291;0708925-88.2018.8.07.0018;TJDFT;15;150000.0;4;;;t;1;;;;514;;2018-09-25 15:08:14.644716;2018-09-25 15:08:14.644716;;;;
6292;2017.13.1.003001-3;TJDFT;35;;51;;;t;0;;;;514;;2018-09-27 14:10:41.020151;2018-09-27 14:10:41.020151;;;;
6293;0709145-86.2018.8.07.0018;TJDFT;1;150000.0;59;;;t;1;;;;514;;2018-09-27 14:22:03.921989;2018-09-27 14:22:03.921989;;;;
5750;0700050-03.2016.8.07.0018;QUINTA VARA DA FAZENDA;1;100000.0;5;;;t;1;;0.0;;1436;;2017-01-20 12:03:07.946828;2018-09-27 20:32:55.774313;;;;
1320;112.004.457/2011;TJDFT;16;;16;1;739;f;0;;;777-006.030/2013;514;;2013-10-17 11:29:17.793;2018-09-27 20:38:25.929891;;;;
683;0;DIFIN;37;;1;34;1375;f;0;;;102-046.009/1989;1375;2;2015-09-23 21:04:25.723;2018-09-28 11:27:15.456926;;;;
733;0;DIFIN;37;;1;34;1375;f;0;;;260-048.411/2006;1375;2;2015-11-19 19:51:50.767;2018-09-28 11:36:37.910417;;;;
706;0;DIFIN;37;;1;34;1399;f;0;;;102-123.877/1997;1375;2;2015-11-19 19:53:44.21;2018-09-28 11:42:14.448032;;;;
2376;2014.00.2.003105-2;TJDFT;37;;15;62;739;f;0;;;777-002.907/2014;1070;;2014-02-21 12:53:29.21;2018-09-28 11:47:32.199081;;;;
1986;10517/2013;GAB/PROMAI;37;;16;3;514;f;0;;;777-000.077/2014;514;1;2014-01-06 20:15:11.937;2018-09-28 11:53:42.144819;;;;
2553;1542/2014;GAB/PROMAI;37;;16;3;514;f;0;;;777-003.888/2014;514;1;2014-03-17 12:17:12.81;2018-09-28 12:02:11.632267;;;;
657;0;SECEX;37;;1;26;1375;f;0;;;102-003.931/1985;1375;2;2015-11-17 16:58:28.817;2018-09-28 12:17:35.993363;;;;
5635;0;DIMOB;37;;1;4;1373;f;0;;;300-000.519/2015;1375;2;2015-09-23 21:12:44.88;2018-09-28 12:28:19.88036;;;;
4455;2903/2013;MPDFT;37;;16;3;514;f;0;;;777-000.558/2015;514;1;2015-01-15 10:31:45.31;2018-09-28 13:19:21.411521;;;;
4458;692/2014;DECAP;37;;16;3;514;f;0;;;777-000.562/2015;514;1;2015-01-15 10:38:48.837;2018-09-28 13:20:49.395315;;;;
4131;2013.01.1.060558-6;TJDFT;10;678.0;6;62;805;t;0;;;777-016.995/2014;1167;;2014-11-05 19:37:03.013;2018-09-28 13:23:04.525679;;;;
4493;3176/2014;PROCAD;37;;17;3;514;f;0;;;777-000.615/2015;514;1;2015-01-15 12:39:55.567;2018-09-28 13:31:56.916299;;;;
4512;6000/2014;GAB/PROMAI;3;;6;3;514;f;0;;;777-000.643/2015;514;1;2015-01-15 13:32:07.66;2018-09-28 13:38:15.928268;;;;
4325;2013.01.1.026270-6;TJDFT;14;1000.0;3;62;805;t;0;;;777-019.225/2014;1167;;2014-12-10 20:59:58.007;2018-09-28 13:38:16.336617;;;;
4545;748/2014;TJDFT;37;;17;3;514;f;0;;;777-000.707/2015;1070;1;2015-01-15 18:02:25.777;2018-09-28 13:44:38.174384;;;;
4393;1242/2014;TJDFT;37;;17;3;514;f;0;;;777-000.461/2015;1070;1;2015-01-14 12:47:47.157;2018-09-28 13:50:00.785019;;;;
4592;1947/2014;TJDFT;37;;17;3;514;f;0;;;777-000.800/2015;514;1;2015-01-16 17:08:48.927;2018-09-28 13:55:16.563631;;;;
4598;061/2014;DPDF;37;;16;3;514;f;0;;;777-000.808/2015;1070;1;2015-01-16 17:45:49.483;2018-09-28 13:55:50.756411;;;;
4601;777.005.252/2014;DPDF;37;;16;3;514;f;0;;;777-000.815/2015;1070;1;2015-01-16 18:04:51.16;2018-09-28 13:56:14.160717;;;;
4433;212/2014;TJDFT;37;;17;3;514;f;0;;;777-000.533/2015;1070;1;2015-01-14 18:48:00.96;2018-09-28 14:02:10.674062;;;;
5402;0211/2015;TJDFT;37;;17;3;514;f;0;;;777-002.468/2015;1385;1;2015-03-20 21:27:10.967;2018-09-28 14:46:19.148929;;;;
5085;2012.01.1.188915-9;TJDFT;16;1628.74;5;62;1375;f;0;;;777-001.907/2015;1375;;2015-02-24 19:08:47.383;2018-09-28 17:46:02.754828;;;;
5362;2013.01.1.045986-8;TJDFT;9;;7;62;805;t;0;;;777-002.414/2015;1375;;2015-03-20 13:26:28.883;2018-09-28 18:26:46.244193;;;;
5606;2012.01.1.189595-2;TJDFT;9;1629.28;3;62;1398;f;0;;;777-002.871/2015;1375;;2015-04-10 19:38:39.963;2018-09-28 18:37:57.282067;;;;
371;0000287-97.2016.5.10.0001;TRT10;32;30000.0;46;;;t;1;;;392-000.429/2016;514;;2016-05-10 11:28:46.623;2018-12-03 15:27:05.225588;;;;
482;0001050-47.2016.5.10.0018;18 VARA DO TRABALHO ;32;30000.0;60;;;t;0;;;392-001.212/2017;1436;;2016-08-01 12:49:02.087;2018-12-03 15:44:01.476472;;;;
6278;2013.01.1.026828-5;TJDFT;6;100000.0;17;;;t;0;;;;514;;2018-09-03 15:15:19.098881;2018-09-28 20:07:47.420034;;;;
1640;2013.00.2.018608-8;TJDFT;38;;12;62;739;f;0;;;777-006.918/2013;831;;2013-11-12 12:33:58.057;2018-09-28 20:11:45.91403;;;;
1684;8607/2013;GAB/PROMAI;38;;16;3;514;f;0;;;777-007.145/2013;514;1;2013-11-20 16:47:14.733;2018-09-28 20:12:00.7421;;;;
6294;0709492-22.2018.8.07.0018;TJDFT;3;0.0;4;;;t;1;;;;514;;2018-10-01 14:28:55.145249;2018-10-01 14:28:55.145249;;;;
6295;0709170-02.2018.8.07.0018;TJDFT;3;1000.0;5;;;t;1;;;;514;;2018-10-01 14:31:51.043044;2018-10-01 14:31:51.043044;;;;
6296;0709266-17.2018.8.07.0018;TJDFT;1;37015.49;5;;;t;1;;;;514;;2018-10-01 17:41:18.415024;2018-10-01 17:41:18.415024;;;;
6297;0715230-70.2017.8.07.0003;TJDFT;14;150000.0;5;;;t;;;;;514;;2018-10-01 17:43:56.298466;2018-10-01 17:43:56.298466;;;;
6298;0702320-60.2017.8.07.0019;TJDFT;30;95571.71;17;;;t;1;;;;514;;2018-10-01 17:46:48.761163;2018-10-01 17:46:48.761163;;;;
6299;0703757-08.2018.8.07.0018;TJDFT;14;20865.47;6;;;t;1;;;;514;;2018-10-01 17:55:46.354274;2018-10-01 17:55:46.354274;;;;
6300;0038480-65.2016.8.07.0018;TJDFT;10;10890.29;5;;;t;;;;;514;;2018-10-01 18:00:51.179673;2018-10-01 18:00:51.179673;;;;
6301;2015.07.1.028151-0;TJDFT;12;320000.0;17;;;t;0;;;;514;;2018-10-02 12:03:30.636463;2018-10-02 12:03:30.636463;;;;
5198;00975-2014-005-10-00-9;TJDFT;32;;17;20;805;f;0;;;777-002.100/2015;1375;3;2015-03-05 12:10:13.853;2018-10-02 12:49:44.956408;;;;
5328;0027450-65.2013.8.07.0009;TJDFT;9;200000.0;2;62;514;t;0;;;777-002.351/2015;1375;;2015-03-17 19:37:26.79;2018-10-02 13:14:40.496604;;;;
5262;0008832-45.2013.8.07.0018;TJDFT;35;;9;62;805;f;0;;;777-002.253/2015;1375;;2015-03-13 11:29:02.467;2018-10-02 13:22:02.202501;f;;;
4069;0000253-68.1990.8.07.0001;TJDFT;37;70061.18;1;62;1006;t;0;;;777-016.538/2014;1167;;2014-10-29 20:23:15.233;2018-10-02 13:41:53.467694;;;;
694;0;CODHAB;37;;1;34;1438;f;0;;;102-068.879/1976;1375;2;2015-08-20 19:47:46.447;2018-10-02 14:37:45.580878;;;;
6302;2004.01.1.004987-2;TJDFT;38;0.0;17;;;t;0;;;;514;;2018-10-05 13:39:20.878763;2018-10-05 13:39:20.878763;;;;
6304;2001.01.1.111221-7;TJDFT;8;589.94;17;;;t;;;;;514;;2018-10-10 13:51:29.51201;2018-10-10 13:51:29.51201;;;;
6305;0720276-67.2018.8.07.0015;TJDFT;8;0.0;44;;;t;1;;;;514;;2018-10-11 17:41:46.412293;2018-10-11 17:41:46.412293;;;;
6306;0708779-47.2018.8.07.0018;TJDFT;1;80000.0;5;;;t;1;;;;514;;2018-10-11 17:48:06.399902;2018-10-11 17:48:06.399902;;;;
6307;0710553-60.2018.8.07.0003;TJDFT;14;100000.0;6;;;t;1;;;;514;;2018-10-11 17:51:46.833528;2018-10-11 17:51:46.833528;;;;
6308;0708803-75.2018.8.07.0018;TJDFT;1;236691.66;5;;;t;1;;;;514;;2018-10-11 17:56:37.177047;2018-10-11 17:56:37.177047;;;;
6309;0709525-12.2018.8.07.0018;TJDFT;1;100000.0;6;;;t;1;;;;514;;2018-10-11 18:01:56.295415;2018-10-11 18:01:56.295415;;;;
6310;0709620-42.2018.8.07.0018;TJDFT;1;954.0;5;;;t;1;;;;514;;2018-10-11 18:04:54.74393;2018-10-11 18:04:54.74393;;;;
6311;0719378-54.2018.8.07.0015;TJDFT;37;500.0;9;;;t;1;;;;514;;2018-10-11 21:00:37.655398;2018-10-11 21:00:37.655398;;;;
6312;0709852-54.2018.8.07.0018;FAZENDA P脷BLICA;3;;1;;;t;1;;;;1436;;2018-10-15 20:15:09.700062;2018-10-15 20:15:09.700062;;;;
6313;0709957-31.2018.8.07.0018;FAZENDA P脷BLICA;1;;2;;;t;1;;;;1436;;2018-10-17 18:09:08.439906;2018-10-17 18:09:08.439906;;;;
6315;0009321-43.2017.8.07.0018;VARA DO MEIO AMBIENTE;1;;9;;;t;1;;;;1436;;2018-10-24 13:12:54.389864;2018-10-24 13:12:54.389864;;;;
3990;0001494-87.2014.5.10.0006;Tribunal Regional do Trabalho ;37;;17;20;521;t;0;;;777-016.120/2014;1070;3;2014-10-22 14:52:36.357;2018-10-24 13:44:25.81505;;;;
6316;0709848-17.2018.8.07.0018;FAZENDA P脷BLICA;1;;8;;;t;1;;;;1436;;2018-10-29 20:53:16.228083;2018-10-29 20:53:16.228083;t;;;
6317;1017706-66.2018.4.01.3400;JUSTI脟A FEDERAL;1;120220.0;17;;;t;1;;;;1436;;2018-11-01 14:57:18.256061;2018-11-01 14:57:18.256061;t;;;
6318;0710491-72.2018.8.07.0018;FAZENDA P脷BLICA;1;80000.0;5;;;t;1;;;;1436;;2018-11-01 15:04:12.983938;2018-11-01 15:04:12.983938;t;;;
6319;0710149-61.2018.8.07.0018;FAZENDA P脷BLICA;1;80000.0;5;;;t;1;;;;1436;;2018-11-01 15:07:20.190177;2018-11-01 15:07:20.190177;t;;;
6320;0710258-75.2018.8.07.0018;FAZENDA P脷BLICA;1;100000.0;7;;;t;1;;;;1436;;2018-11-01 15:11:40.833568;2018-11-01 15:11:40.833568;t;;;
6321;0710604-26.2018.8.07.0018;FAZENDA P脷BLICA;1;80000.0;2;;;t;1;;;;1436;;2018-11-01 17:25:53.002568;2018-11-01 17:25:53.002568;t;;;
6322;0705803-49.2017.8.07.0003;VARA C脥VEL CEIL脗NDIA;14;;40;;;t;1;;;;1436;;2018-11-01 17:31:31.157117;2018-11-01 17:31:31.157117;t;;;
6323;0733532-74.2018.8.07.0016;FAZENDA P脷BLICA;1;1000.0;18;;;t;1;;;;1436;;2018-11-01 17:46:39.099969;2018-11-01 17:46:39.099969;t;;;
6324;0002793-07.2009.8.07.0007;FAZENDA P脷BLICA;37;;6;;;t;1;;;;1436;;2018-11-01 17:49:23.067367;2018-11-01 17:49:23.067367;t;;;
6325;0710446-68.2018.8.07.0018;TJDFT;3;1000.0;1;;;t;1;;;;514;;2018-11-06 17:11:04.916799;2018-11-06 17:11:04.916799;;;;
6326;0000176-26.2018.8.07.0018;TJDFT;43;45000.0;7;;;t;1;;;;514;;2018-11-07 19:57:26.242425;2018-11-07 19:58:12.108633;;;;
6327;0705116-38.2018.8.07.0003;TJDFT;14;128691.65;2;;;t;1;;;;514;;2018-11-12 16:57:16.849401;2018-11-12 16:57:16.849401;;;;
6328;0709076-81.2018.8.07.0009;TJDFT;12;100000.0;2;;;t;1;;;;514;;2018-11-12 18:41:41.955594;2018-11-12 18:41:41.955594;;;;
6329;0710304-64.2018.8.07.0018;TJDFT;10;1000.0;55;;;t;1;;;;514;;2018-11-12 18:52:14.406633;2018-11-12 18:52:14.406633;;;;
6330;0748671-66.2018.8.07.0016;TJDFT;1;1000.0;55;;;t;1;;;;514;;2018-11-12 18:56:09.48841;2018-11-12 18:56:09.48841;;;;
6331;2017.01.1.000925-7;TJDFT;35;1000.0;9;;;t;0;;;;514;;2018-11-14 17:13:34.037285;2018-11-14 17:13:34.037285;;;;
6332;1014056-11.2018.4.01.3400;TRF1;2;180000.0;17;;;t;1;;;;514;;2018-11-16 16:41:31.303835;2018-11-16 16:41:31.303835;;;;
6333;0710759-29.2018.8.07.0018;TJDFT;1;120220.0;6;;;t;1;;;;514;;2018-11-21 19:26:46.746619;2018-11-21 19:26:46.746619;;;;
6334;0710670-06.2018.8.07.0018;TJDFT;1;100000.0;7;;;t;1;;;;514;;2018-11-21 19:40:48.137851;2018-11-21 19:40:48.137851;;;;
6303;0709535-56.2018.8.07.0018;TJDFT;1;100000.0;59;;;t;1;;;;514;;2018-10-09 19:08:49.960798;2018-11-22 13:24:18.354612;;;;
6186;0702461-51.2018.8.07.0017;TJDFT;21;100000.0;51;;;t;0;;;;514;;2018-04-16 18:20:46.026806;2018-11-22 19:38:11.890877;;;;
4238;0009199-69.2013.8.07.0018;TJDFT;37;100000.0;5;14;1248;t;0;;;777-018.222/2014;1167;3;2014-11-25 18:24:48.613;2018-12-06 17:13:26.824201;;;;
6314;0709795-36.2018.8.07.0018;FAZENDA P脷BLICA;15;954.0;1;;;t;1;;;;1436;;2018-10-19 20:38:47.74694;2018-12-11 12:36:54.256902;t;;;
5329;0030970-69.2014.8.07.0018;TJDFT;1;;1;15;514;t;0;;;777-002.352/2015;1375;3;2015-03-17 19:42:09.48;2018-12-12 17:13:36.306584;;;;
550;0001273-24.2016.5.10.0010;TRT10;32;35300.0;61;;;t;0;;;392-012.470/2018;514;;2016-09-26 20:24:54.413;2018-12-12 19:57:27.773338;f;;;
6342;2018.5.1.004244-8;TJDFT;37;0.0;17;;;t;0;;;;514;;2018-12-12 20:02:39.141206;2018-12-12 20:02:39.141206;;;;
6343;0711642-73.2018.8.07.0018;TJDFT;2;242000.0;59;;;t;1;;;;514;;2018-12-13 13:17:11.849923;2018-12-13 13:17:11.849923;;;;
6344;0710196-35.2018.8.07.0018;TJDFT;6;30000.0;2;;;t;1;;;;514;;2018-12-14 13:03:59.422951;2018-12-14 13:03:59.422951;;;;
6345;0711927-66.2018.8.07.0018;FAZENDA P脷BLICA;15;525000.0;5;;;t;1;;;;1436;;2018-12-19 19:15:09.566619;2018-12-19 19:15:09.566619;t;;;
6346;0039518-15.2016.8.07.0018;TJDFT;1;100000.0;4;;;t;1;;;;514;;2018-12-21 12:39:25.644882;2018-12-21 12:39:25.644882;;;;
6347;0711598-54.2018.8.07.0018;TJDFT;1;100000.0;4;;;t;;;;;514;;2018-12-21 12:43:55.006659;2018-12-21 12:43:55.006659;;;;
6348;0755874-79.2018.8.07.0016;TJDFT;1;5000.0;4;;;t;1;;;;514;;2018-12-21 12:46:36.718711;2018-12-21 12:46:36.718711;;;;
6349;0735897-04.2018.8.07.0016;TJDFT;2;10000.0;55;;;t;1;;;;514;;2018-12-21 12:58:08.441359;2018-12-21 12:58:08.441359;;;;
6350;1022867-57.2018.4.01.3400;TJDFT;1;120220.0;17;;;t;1;;;;514;;2018-12-21 13:04:07.458775;2018-12-21 13:04:07.458775;;;;
6351;0711451-28.2018.8.07.0018;TJDFT;1;113000.0;1;;;t;1;;;;514;;2018-12-21 13:19:04.882174;2018-12-21 13:19:04.882174;;;;
6352;0711446-06.2018.8.07.0018;TJDFT;1;100000.0;8;;;t;;;;;514;;2018-12-21 13:33:11.862972;2018-12-21 13:33:11.862972;;;;
6353;0709106-89.2018.8.07.0018;TJDFT;1;50000.0;4;;;t;1;;;;514;;2019-01-09 18:26:17.006731;2019-01-09 18:26:17.006731;;;;
6354;0012443-16.2011.8.07.0005;TJDFT;6;0.0;9;;;t;0;;;;514;;2019-01-23 11:43:59.309002;2019-01-23 11:43:59.309002;;;;
4810;0005677-34.2013.8.07.0018;TJDFT;37;1000.0;8;62;1248;t;0;;;777-001.317/2015;1070;;2015-01-27 17:51:00.193;2019-01-23 16:29:53.451602;;;;
6355;0712357-18.2018.8.07.0018;TJDFT;43;350000.0;2;;;t;1;;;;514;;2019-01-23 16:36:30.659617;2019-01-23 16:36:30.659617;;;;
6356;0719057-55.2018.8.07.0003;TJDFT;12;10000.0;9;;;t;1;;;;514;;2019-01-23 16:48:43.926189;2019-01-23 16:48:43.926189;;;;
6357;0712256-78.2018.8.07.0018;TJDFT;43;10500.0;7;;;t;1;;;;514;;2019-01-23 17:06:29.193016;2019-01-23 17:06:29.193016;;;;
6358;0712271-47.2018.8.07.0018;TJDFT;14;51270.47;4;;;t;1;;;;514;;2019-01-23 17:11:13.295386;2019-01-23 17:11:13.295386;;;;
6359;0711336-34.2018.8.07.0009;TJDFT;1;1000.0;5;;;t;1;;;;514;;2019-01-23 17:14:46.774898;2019-01-23 17:14:46.774898;;;;
6360;0712342-49.2018.8.07.0018;TJDFT;43;73000.0;7;;;t;;;;;514;;2019-01-23 17:20:11.156981;2019-01-23 17:20:11.156981;;;;
6361;0712140-72.2018.8.07.0018;TJDFT;14;100000.0;4;;;t;1;;;;514;;2019-01-23 17:25:13.137204;2019-01-23 17:25:13.137204;;;;
6362;0711331-82.2018.8.07.0018;TJDFT;3;1623430.7;1;;;t;1;;;;514;;2019-01-25 18:31:14.015415;2019-01-25 18:31:14.015415;;;;
6363;0016529-76.2015.8.07.0009;TJDFT;14;200000.0;1;;;t;1;;;;514;;2019-01-30 11:36:40.817589;2019-01-30 11:36:40.817589;;;;
6364;0711502-66.2018.8.07.0009;TJDFT;14;40000.0;6;;;t;1;;;;514;;2019-01-30 11:44:34.564604;2019-01-30 11:44:34.564604;;;;
6365;0700373-03.2019.8.07.0018;TJDFT;3;10000.0;59;;;t;1;;;;514;;2019-01-30 17:01:09.584141;2019-01-30 17:01:09.584141;;;;
6366;0707299-34.2018.8.07.0018;TJDFT;35;0.0;9;;;t;1;;;;514;;2019-01-30 17:07:38.640211;2019-01-30 17:07:38.640211;;;;
6367;0700713-44.2019.8.07.0018;TJDFT;3;1000.0;5;;;t;1;;;;514;;2019-02-01 13:34:25.878008;2019-02-01 13:34:25.878008;;;;
6368;0000976-46.2018.5.10.0010;TJDFT;3;2000.0;61;;;t;1;;;;514;;2019-02-05 13:40:46.370909;2019-02-05 13:40:46.370909;;;;
6369;0700906-16.2019.8.07.0000;TJDFT;37;0.0;11;;;t;1;;;;514;;2019-02-06 19:33:04.462224;2019-02-06 19:33:04.462224;;;;
6370;0700737-06.2018.8.07.0019;TJDFT;22;60000.0;17;;;t;1;;;;514;;2019-02-07 12:18:19.4928;2019-02-07 12:18:19.4928;;;;
6371;0712195-23.2018.8.07.0018;TJDFT;1;100000.0;1;;;t;1;;;;514;;2019-02-14 12:41:12.196335;2019-02-14 12:41:12.196335;;;;
6372;0700907-44.2019.8.07.0018;TJDFT;1;150000.0;7;;;t;1;;;;514;;2019-02-14 21:58:11.869112;2019-02-14 21:58:11.869112;;;;
6373;0700665-85.2019.8.07.0018;TJDFT;1;30000.0;59;;;t;1;;;;514;;2019-02-14 22:01:11.856363;2019-02-14 22:01:11.856363;;;;
6375;0701168-09.2019.8.07.0018;TJDFT;1;100000.0;4;;;t;1;;;;514;;2019-02-14 22:11:27.08849;2019-02-14 22:11:27.08849;;;;
6376;0711747-50.2018.8.07.0018;TJDFT;1;2127659.5;6;;;t;1;;;;514;;2019-02-18 21:12:55.71089;2019-02-18 21:12:55.71089;;;;
6377;0000831-35.2017.8.07.0017;TJDFT;12;170000.0;51;;;t;1;;;;514;;2019-02-19 17:18:34.422931;2019-02-19 17:18:34.422931;;;;
6378;0700567-03.2019.8.07.0018;TJDFT;10;71208.47;59;;;t;1;;;;514;;2019-02-20 11:55:30.146633;2019-02-20 11:55:30.146633;;;;
6379;0711148-14.2018.8.07.0018;TJDFT;1;360000.0;8;;;t;1;;;;514;;2019-02-20 12:03:24.570992;2019-02-20 12:03:24.570992;;;;
6380;0711490-70.2018.8.07.0003;TJDFT;14;47866.9;1;;;t;1;;;;514;;2019-02-25 12:39:57.042124;2019-02-25 12:39:57.042124;;;;
6381;0701535-33.2019.8.07.0018;TJDFT;1;112107.26;8;;;t;1;;;;514;;2019-02-26 14:50:36.165125;2019-02-26 14:50:36.165125;;;;
6374;0024065-42.1990.8.07.0001;TJDFT;12;1000000.0;1;;;t;1;;;;514;;2019-02-14 22:08:59.638906;2019-02-28 14:15:51.75696;;;;
6382;0710946-37.2018.8.07.0018;TJDFT;1;10000000.0;6;;;t;1;;;;514;;2019-02-28 18:55:00.064671;2019-02-28 18:55:00.064671;;;;
6383;0713628-10.2018.8.07.0003;TJDFT;30;100000.0;17;;;t;1;;;;514;;2019-03-07 14:16:20.681104;2019-03-07 14:16:20.681104;;;;
6384;0701720-71.2019.8.07.0018;TJDFT;1;100.0;6;;;t;1;;;;514;;2019-03-07 19:19:27.925592;2019-03-07 19:20:15.940152;;;;
6385;0701298-96.2019.8.07.0018;TJDFT;1;15000.0;9;;;t;1;;;;514;;2019-03-07 19:30:49.324424;2019-03-07 19:30:49.324424;;;;
6386;0712363-25.2018.8.07.0018;TJDFT;10;50000.0;5;;;t;1;;;;514;;2019-03-07 19:34:17.669615;2019-03-07 19:34:17.669615;;;;
6387;0701416-72.2019.8.07.0018;TJDFT;1;100000.0;7;;;t;1;;;;514;;2019-03-07 19:37:03.789865;2019-03-07 19:37:03.789865;;;;
6388;0755593-26.2018.8.07.0016;TJDFT;1;10000.0;27;;;t;1;;;;514;;2019-03-07 19:40:09.365986;2019-03-07 19:40:09.365986;;;;
6389;0702003-03.2019.8.07.0016;TJDFT;1;19960.0;27;;;t;;;;;514;;2019-03-07 19:43:05.47672;2019-03-07 19:43:05.47672;;;;
6390;0701739-77.2019.8.07.0018;TJDFT;1;100000.0;4;;;t;1;;;;514;;2019-03-07 19:46:21.245914;2019-03-07 19:46:21.245914;;;;
6391;0700858-03.2019.8.07.0018;TJDFT;20;998.0;55;;;t;1;;;;514;;2019-03-07 19:49:23.531875;2019-03-07 19:49:23.531875;;;;
6392;0701811-64.2019.8.07.0018;TJDFT;12;1000.0;2;;;t;1;;;;514;;2019-03-08 18:53:56.116394;2019-03-08 18:53:56.116394;;;;
6393;1011272-95.2017.4.01.3400;TJDFT;10;1000.0;17;;;t;1;;;;514;;2019-03-11 13:58:38.483769;2019-03-11 13:58:38.483769;;;;
6394;0707105-04.2017.8.07.0007;TJDFT;6;1000.0;17;;;t;1;;;;514;;2019-03-14 12:57:44.547983;2019-03-14 12:57:44.547983;;;;
6395;0701614-12.2019.8.07.0018;TJDFT;14;200000.0;8;;;t;1;;;;514;;2019-03-14 13:01:30.257459;2019-03-14 13:01:30.257459;;;;
6396;1018752-90.2018.4.01.3400;TRF;1;120220.0;17;;;t;1;;;;514;;2019-03-14 13:08:23.115212;2019-03-14 13:08:23.115212;;;;
6397;0701832-40.2019.8.07.0018;TJDFT;21;150000.0;59;;;t;1;;;;514;;2019-03-18 13:56:24.357303;2019-03-18 13:56:24.357303;;;;
6398;0701410-65.2019.8.07.0018;TJDFT;1;350000.0;5;;;t;1;;;;514;;2019-03-20 13:02:33.864331;2019-03-20 13:02:33.864331;;;;
6407;0702859-58.2019.8.07.0018;VARA DE FAZENDA P脷BLICA;1;100000.0;7;;;t;1;;;;1436;;2019-04-08 17:59:22.308871;2019-04-08 17:59:22.308871;t;;;
6408;0702855-21.2019.8.07.0018;VARA DE FAZENDA P脷BLICA;1;40000.0;7;;;t;1;;;;1436;;2019-04-08 18:16:43.013618;2019-04-08 18:16:43.013618;t;;;
6409;0703139-29.2019.8.07.0018;VARA DE FAZENDA P脷BLICA;4;2711.65;6;;;t;1;;;;1436;;2019-04-08 20:09:47.932823;2019-04-08 20:09:47.932823;t;;;
6410;0703768-03.2019.8.07.0018;VARA DE FAZENDA P脷BLICA;1;1000.0;2;;;t;1;;;;1436;;2019-04-11 18:43:44.943942;2019-04-11 18:43:44.943942;t;;;
